#ilkid,year,firstname,lastname,team,leag,gp,minutes,pts,oreb,dreb,reb,asts,stl,blk,turnover,pf,fga,fgm,fta,ftm,tpa,tpm
ABRAMJO01,1946,John,Abramovic,PIT,N,47,0,527,0,0,0,35,0,0,0,161,834,202,178,123,0,0
AUBUCCH01,1946,Chet,Aubuchon,DE1,N,30,0,65,0,0,0,20,0,0,0,46,91,23,35,19,0,0
BAKERNO01,1946,Norm,Baker,CH1,N,4,0,0,0,0,0,0,0,0,0,0,1,0,0,0,0,0
BALTIHE01,1946,Herschel,Baltimore,ST1,N,58,0,138,0,0,0,16,0,0,0,98,263,53,69,32,0,0
BARRJO01,1946,John,Barr,ST1,N,58,0,295,0,0,0,54,0,0,0,164,438,124,79,47,0,0
BAUMHFR01,1946,Frankie,Baumholtz,CL1,N,45,0,631,0,0,0,54,0,0,0,93,856,255,156,121,0,0
BECKEMO01,1946,Moe,Becker,BOS,N,6,0,13,0,0,0,1,0,0,0,15,22,5,4,3,0,0
BECKEMO01,1946,Moe,Becker,DE1,N,20,0,41,0,0,0,15,0,0,0,33,107,19,10,3,0,0
BECKEMO01,1946,Moe,Becker,PIT,N,17,0,108,0,0,0,14,0,0,0,50,229,46,30,16,0,0
BECKEMO01,1946,Moe,Becker,TOT,N,43,0,162,0,0,0,30,0,0,0,98,358,70,44,22,0,0
BEENDHA01,1946,Hank,Beenders,PRO,N,58,0,713,0,0,0,37,0,0,0,196,1016,266,257,181,0,0
BIASAHA01,1946,Hank,Biasatti,TOR,N,6,0,6,0,0,0,0,0,0,0,3,5,2,4,2,0,0
BRIGHAL01,1946,Al,Brightman,BOS,N,58,0,567,0,0,0,60,0,0,0,115,870,223,193,121,0,0
BRINDAU01,1946,Audley,Brindley,NYK,N,12,0,34,0,0,0,1,0,0,0,16,49,14,7,6,0,0
BROWNHA01,1946,Harold,Brown,DE1,N,54,0,264,0,0,0,39,0,0,0,122,383,95,117,74,0,0
BROWNLE01,1946,Leon,Brown,CL1,N,5,0,0,0,0,0,0,0,0,0,2,3,0,0,0,0,0
BYRNETO01,1946,Tommy,Byrnes,NYK,N,60,0,453,0,0,0,35,0,0,0,90,583,175,160,103,0,0
BYTZUMI01,1946,Mike,Bytzura,PIT,N,60,0,210,0,0,0,31,0,0,0,108,356,87,72,36,0,0
CALLATO01,1946,Tom,Callahan,PRO,N,13,0,17,0,0,0,4,0,0,0,9,29,6,12,5,0,0
CALVEER01,1946,Ernie,Calverley,PRO,N,59,0,845,0,0,0,202,0,0,0,191,1102,323,283,199,0,0
CARLICH01,1946,Chet,Carlisle,CH1,N,51,0,256,0,0,0,17,0,0,0,136,373,100,92,56,0,0
CARLSDO01,1946,Don,Carlson,CH1,N,59,0,630,0,0,0,59,0,0,0,182,845,272,159,86,0,0
CLUGGMA01,1946,Marion,Cluggish,NYK,N,54,0,238,0,0,0,22,0,0,0,113,356,93,91,52,0,0
CONNOCH01,1946,Chuck,Connors,BOS,N,49,0,227,0,0,0,40,0,0,0,129,380,94,84,39,0,0
CORLEKE01,1946,Ken,Corley,CL1,N,3,0,0,0,0,0,0,0,0,0,0,0,0,0,0,0,0
CRISLHA01,1946,Hal,Crisler,BOS,N,4,0,6,0,0,0,0,0,0,0,6,6,2,2,2,0,0
CUREAR01,1946,Armand,Cure,PRO,N,12,0,10,0,0,0,0,0,0,0,5,15,4,3,2,0,0
DALLMHO01,1946,Howie,Dallmar,PH1,N,60,0,528,0,0,0,104,0,0,0,141,710,199,203,130,0,0
DAVISAU01,1946,Aubrey,Davis,ST1,N,59,0,287,0,0,0,14,0,0,0,136,381,107,115,73,0,0
DAVISBI01,1946,Bill,Davis,CH1,N,47,0,84,0,0,0,11,0,0,0,92,146,35,41,14,0,0
DEHNEHE01,1946,Henry,Dehnert,PRO,N,10,0,14,0,0,0,0,0,0,0,8,15,6,6,2,0,0
DILLEBO01,1946,Bob,Dille,DE1,N,57,0,296,0,0,0,40,0,0,0,92,563,111,111,74,0,0
DOLLBO01,1946,Bob,Doll,ST1,N,60,0,522,0,0,0,22,0,0,0,167,768,194,206,134,0,0
DUFFYBO01,1946,Bob,Duffy,BOS,N,6,0,8,0,0,0,0,0,0,0,4,7,2,4,4,0,0
DUFFYBO01,1946,Bob,Duffy,CH1,N,11,0,11,0,0,0,0,0,0,0,13,25,5,3,1,0,0
DUFFYBO01,1946,Bob,Duffy,TOT,N,17,0,19,0,0,0,0,0,0,0,17,32,7,7,5,0,0
ELIASDO01,1946,Don,Eliason,BOS,N,1,0,0,0,0,0,0,0,0,0,1,1,0,0,0,0,0
ENDRENE01,1946,Ned,Endress,CL1,N,16,0,14,0,0,0,4,0,0,0,13,25,3,15,8,0,0
FABELJO01,1946,Joe,Fabel,PIT,N,30,0,63,0,0,0,2,0,0,0,64,96,25,26,13,0,0
FAUGHBO01,1946,Bob,Faught,CL1,N,51,0,343,0,0,0,33,0,0,0,97,478,141,106,61,0,0
FEERIBO01,1946,Bob,Feerick,WSC,N,55,0,926,0,0,0,69,0,0,0,142,908,364,260,198,0,0
FENLEBI01,1946,Bill,Fenley,BOS,N,33,0,85,0,0,0,16,0,0,0,59,138,31,45,23,0,0
FITZGBO01,1946,Bob,Fitzgerald,NYK,N,29,0,82,0,0,0,9,0,0,0,67,121,23,60,36,0,0
FITZGBO01,1946,Bob,Fitzgerald,TOT,N,60,0,221,0,0,0,35,0,0,0,153,362,70,130,81,0,0
FITZGBO01,1946,Bob,Fitzgerald,TO1,N,31,0,139,0,0,0,26,0,0,0,86,241,47,70,45,0,0
FITZGDI01,1946,Dick,Fitzgerald,TOR,N,60,0,277,0,0,0,40,0,0,0,89,495,118,60,41,0,0
FLEISJE01,1946,Jerry,Fleishman,PH1,N,59,0,263,0,0,0,40,0,0,0,101,372,97,127,69,0,0
FRANKNA01,1946,Nat,Frankel,PIT,N,6,0,16,0,0,0,3,0,0,0,6,27,4,12,8,0,0
FREYFR01,1946,Frido,Frey,NYK,N,23,0,88,0,0,0,14,0,0,0,37,97,28,56,32,0,0
FUCARFR01,1946,Frank,Fucarino,TOR,N,28,0,140,0,0,0,8,0,0,0,38,198,53,60,34,0,0
FULKSJO01,1946,Joe,Fulks,PH1,N,60,0,1389,0,0,0,25,0,0,0,199,1557,475,601,439,0,0
GANTTBO01,1946,Bob,Gantt,WSC,N,23,0,71,0,0,0,5,0,0,0,45,89,29,28,13,0,0
GARFIJA01,1946,Jack,Garfinkel,BOS,N,40,0,179,0,0,0,58,0,0,0,62,304,81,28,17,0,0
GETCHGO01,1946,Gorham,Getchell,PIT,N,16,0,5,0,0,0,0,0,0,0,5,8,0,5,5,0,0
GILLEGE01,1946,Gene,Gillette,WSC,N,14,0,8,0,0,0,2,0,0,0,13,11,1,9,6,0,0
GILMUCH01,1946,Chuck,Gilmur,CH1,N,51,0,178,0,0,0,21,0,0,0,139,253,76,66,26,0,0
GOLDFBE01,1946,Ben,Goldfaden,WSC,N,2,0,2,0,0,0,0,0,0,0,3,2,0,4,2,0,0
GOODWWI01,1946,Wilfred,Goodwin,PRO,N,55,0,256,0,0,0,15,0,0,0,94,348,98,75,60,0,0
GOTTLLE01,1946,Leo,Gottlieb,NYK,N,57,0,334,0,0,0,24,0,0,0,71,494,149,55,36,0,0
GRAYWY01,1946,Wyndol,Gray,BOS,N,55,0,350,0,0,0,47,0,0,0,105,476,139,124,72,0,0
GRIMSGE01,1946,George,Grimshaw,PRO,N,21,0,61,0,0,0,1,0,0,0,25,56,20,44,21,0,0
GUNTHCO01,1946,Coulby,Gunther,PIT,N,52,0,734,0,0,0,32,0,0,0,117,756,254,351,226,0,0
GUOKAMA02,1946,Matt,Guokas,PH1,N,47,0,82,0,0,0,9,0,0,0,70,104,28,47,26,0,0
HALBECH01,1946,Chuck,Halbert,CH1,N,61,0,773,0,0,0,46,0,0,0,161,915,280,356,213,0,0
HANKICE01,1946,Cecil,Hankins,ST1,N,55,0,324,0,0,0,14,0,0,0,49,391,117,150,90,0,0
HERMSCL01,1946,Clarence,Hermsen,CL1,N,11,0,43,0,0,0,10,0,0,0,32,67,18,15,7,0,0
HERMSCL01,1946,Clarence,Hermsen,TO1,N,21,0,254,0,0,0,15,0,0,0,54,327,95,97,64,0,0
HERMSCL01,1946,Clarence,Hermsen,TOT,N,32,0,297,0,0,0,25,0,0,0,86,394,113,112,71,0,0
HERTZSI01,1946,Sidney,Hertzberg,NYK,N,59,0,515,0,0,0,37,0,0,0,109,695,201,149,113,0,0
HILLHAR01,1946,Art,Hillhouse,PH1,N,60,0,360,0,0,0,41,0,0,0,139,412,120,166,120,0,0
HIRSCME01,1946,Mel,Hirsch,BOS,N,13,0,19,0,0,0,10,0,0,0,18,45,9,2,1,0,0
HOEFEAD01,1946,Adolph,Hoefer,TOT,N,58,0,351,0,0,0,33,0,0,0,142,514,130,139,91,0,0
HOEFEAD01,1946,Adolph,Hoefer,TO1,N,23,0,140,0,0,0,9,0,0,0,61,198,54,46,32,0,0
HOEFEAD01,1946,Adolph,Hoefer,BOS,N,35,0,211,0,0,0,24,0,0,0,81,316,76,93,59,0,0
HURLERO01,1946,Roy,Hurley,TOR,N,46,0,239,0,0,0,34,0,0,0,85,447,100,64,39,0,0
JACOBWI01,1946,Winfred,Jacobs,ST1,N,18,0,50,0,0,0,5,0,0,0,25,69,19,25,12,0,0
JANISJO01,1946,John,Janisch,DE1,N,60,0,697,0,0,0,49,0,0,0,132,983,283,198,131,0,0
JAROSTO01,1946,Tony,Jaros,CH1,N,59,0,482,0,0,0,28,0,0,0,156,613,177,181,128,0,0
JOHNSHA01,1946,Harold,Johnson,DE1,N,27,0,15,0,0,0,11,0,0,0,13,20,4,14,7,0,0
JORGENO01,1946,Noble,Jorgensen,PIT,N,15,0,66,0,0,0,4,0,0,0,40,112,25,25,16,0,0
JORGERO01,1946,Roger,Jorgensen,PIT,N,28,0,41,0,0,0,1,0,0,0,36,54,14,19,13,0,0
KAPLORA01,1946,Ralph,Kaplowitz,NYK,N,27,0,194,0,0,0,25,0,0,0,57,274,71,71,52,0,0
KAPLORA01,1946,Ralph,Kaplowitz,PHW,N,30,0,209,0,0,0,13,0,0,0,65,258,75,80,59,0,0
KAPLORA01,1946,Ralph,Kaplowitz,TOT,N,57,0,403,0,0,0,38,0,0,0,122,532,146,151,111,0,0
KAPPETO01,1946,Tony,Kappen,TOT,N,59,0,384,0,0,0,28,0,0,0,78,537,128,161,128,0,0
KAPPETO01,1946,Tony,Kappen,PIT,N,41,0,310,0,0,0,22,0,0,0,61,446,103,123,104,0,0
KAPPETO01,1946,Tony,Kappen,BOS,N,18,0,74,0,0,0,6,0,0,0,17,91,25,38,24,0,0
KASIDED01,1946,Ed,Kasid,TOR,N,8,0,12,0,0,0,6,0,0,0,8,21,6,6,0,0,0
KAUTZWI01,1946,Wilbert,Kautz,CH1,N,50,0,253,0,0,0,37,0,0,0,114,420,107,73,39,0,0
KELLEKE01,1946,Ken,Keller,PRO,N,3,0,0,0,0,0,0,0,0,0,1,0,0,1,0,0,0
KELLEKE01,1946,Ken,Keller,WSC,N,25,0,22,0,0,0,1,0,0,0,14,30,10,4,2,0,0
KELLEKE01,1946,Ken,Keller,TOT,N,28,0,22,0,0,0,1,0,0,0,15,30,10,5,2,0,0
KELLYGE01,1946,Gerard,Kelly,BOS,N,43,0,256,0,0,0,21,0,0,0,128,313,91,111,74,0,0
KINGTO01,1946,Tom,King,DE1,N,58,0,295,0,0,0,32,0,0,0,102,410,97,160,101,0,0
KNORELE01,1946,Lee,Knorek,NYK,N,22,0,171,0,0,0,21,0,0,0,64,219,62,72,47,0,0
KOTTMHA01,1946,Harold,Kottman,BOS,N,53,0,165,0,0,0,17,0,0,0,58,188,59,101,47,0,0
LALICPE01,1946,Pete,Lalich,CL1,N,1,0,0,0,0,0,0,0,0,0,1,1,0,0,0,0,0
LEFKOHA01,1946,Hank,Lefkowitz,CL1,N,24,0,51,0,0,0,4,0,0,0,35,114,22,13,7,0,0
LEWISGR01,1946,Grady,Lewis,DE1,N,60,0,287,0,0,0,54,0,0,0,166,520,106,138,75,0,0
LOGANJO01,1946,Johnny,Logan,ST1,N,61,0,770,0,0,0,78,0,0,0,136,1043,290,254,190,0,0
LUJACAL01,1946,Al,Lujack,WSC,N,5,0,4,0,0,0,0,0,0,0,6,8,1,5,2,0,0
MAHNKJO01,1946,John,Mahnken,WSC,N,60,0,557,0,0,0,60,0,0,0,181,876,223,163,111,0,0
MANGIFR01,1946,Frank,Mangiapane,NYK,N,6,0,5,0,0,0,0,0,0,0,6,13,2,3,1,0,0
MARAVPE01,1946,Peter,Maravich,PIT,N,51,0,234,0,0,0,6,0,0,0,102,375,102,58,30,0,0
MARTIDO01,1946,Don,Martin,ST1,N,54,0,191,0,0,0,9,0,0,0,75,304,89,31,13,0,0
MARTIDO02,1946,Donald,Martin,PRO,N,60,0,733,0,0,0,59,0,0,0,98,1022,311,168,111,0,0
MAUGHAR01,1946,Ariel,Maughan,DE1,N,59,0,532,0,0,0,57,0,0,0,180,929,224,114,84,0,0
MCCARHO01,1946,Howie,Mccarty,DE1,N,19,0,21,0,0,0,2,0,0,0,22,82,10,10,1,0,0
MCCARMI01,1946,Mike,Mccarron,TOR,N,60,0,649,0,0,0,59,0,0,0,184,838,236,288,177,0,0
MCKINHO01,1946,Horace,Mckinney,WSC,N,58,0,695,0,0,0,69,0,0,0,162,987,275,210,145,0,0
MEARNGE01,1946,George,Mearns,PRO,N,57,0,382,0,0,0,35,0,0,0,137,478,128,175,126,0,0
MELVIED01,1946,Ed,Melvin,PIT,N,57,0,281,0,0,0,37,0,0,0,150,376,99,127,83,0,0
MIASEST01,1946,Stan,Miasek,DE1,N,60,0,895,0,0,0,93,0,0,0,208,1154,331,385,233,0,0
MIHALZI01,1946,Zigmund,Mihalik,PIT,N,7,0,6,0,0,0,0,0,0,0,10,9,3,0,0,0,0
MILITNA01,1946,Nat,Militzok,TOT,N,57,0,244,0,0,0,42,0,0,0,120,343,90,112,64,0,0
MILITNA01,1946,Nat,Militzok,TO1,N,21,0,100,0,0,0,14,0,0,0,29,129,38,39,24,0,0
MILITNA01,1946,Nat,Militzok,NYK,N,36,0,144,0,0,0,28,0,0,0,91,214,52,73,40,0,0
MILLEHA01,1946,Harry,Miller,TOR,N,53,0,152,0,0,0,42,0,0,0,119,260,58,82,36,0,0
MILLEWA01,1946,Walt,Miller,PIT,N,12,0,23,0,0,0,6,0,0,0,16,21,7,18,9,0,0
MILLSJO01,1946,John,Mills,PIT,N,47,0,181,0,0,0,9,0,0,0,94,187,55,129,71,0,0
MOGUSLE01,1946,Leo,Mogus,CL1,N,17,0,209,0,0,0,28,0,0,0,50,226,73,88,63,0,0
MOGUSLE01,1946,Leo,Mogus,TO1,N,41,0,544,0,0,0,56,0,0,0,126,653,186,237,172,0,0
MOGUSLE01,1946,Leo,Mogus,TOT,N,58,0,753,0,0,0,84,0,0,0,176,879,259,325,235,0,0
MORGEEL01,1946,Elmo,Morgenthaler,PRO,N,11,0,15,0,0,0,3,0,0,0,3,13,4,12,7,0,0
MULLEBO01,1946,Bob,Mullens,NYK,N,26,0,76,0,0,0,18,0,0,0,32,104,27,34,22,0,0
MULLEBO01,1946,Bob,Mullens,TOT,N,54,0,314,0,0,0,54,0,0,0,94,445,125,102,64,0,0
MULLEBO01,1946,Bob,Mullens,TO1,N,28,0,238,0,0,0,36,0,0,0,62,341,98,68,42,0,0
MUNROGE01,1946,George,Munroe,ST1,N,59,0,414,0,0,0,17,0,0,0,91,623,164,133,86,0,0
MURPHDI01,1946,Dick,Murphy,BOS,N,7,0,2,0,0,0,3,0,0,0,6,17,1,4,0,0,0
MURPHDI01,1946,Dick,Murphy,NYK,N,24,0,32,0,0,0,5,0,0,0,9,58,14,5,4,0,0
MURPHDI01,1946,Dick,Murphy,TOT,N,31,0,34,0,0,0,8,0,0,0,15,75,15,9,4,0,0
MURPHJO01,1946,John,Murphy,TOT,N,20,0,32,0,0,0,0,0,0,0,8,40,11,15,10,0,0
MURPHJO01,1946,John,Murphy,PH1,N,11,0,8,0,0,0,0,0,0,0,5,15,3,3,2,0,0
MURPHJO01,1946,John,Murphy,NYK,N,9,0,24,0,0,0,0,0,0,0,3,25,8,12,8,0,0
MUSIAN01,1946,Angelo,Musi,PH1,N,60,0,562,0,0,0,26,0,0,0,120,818,230,123,102,0,0
NEGRAAL01,1946,Al,Negratti,WSC,N,11,0,31,0,0,0,5,0,0,0,20,69,13,8,5,0,0
NORLAJO01,1946,Johnny,Norlander,WSC,N,60,0,626,0,0,0,50,0,0,0,122,698,223,276,180,0,0
NOSTRGE01,1946,George,Nostrand,TO1,N,13,0,116,0,0,0,10,0,0,0,22,136,46,61,24,0,0
NOSTRGE01,1946,George,Nostrand,CL1,N,48,0,366,0,0,0,21,0,0,0,123,520,146,149,74,0,0
NOSTRGE01,1946,George,Nostrand,TOT,N,61,0,482,0,0,0,31,0,0,0,145,656,192,210,98,0,0
NOSZKST01,1946,Stan,Noszka,PIT,N,58,0,507,0,0,0,39,0,0,0,163,693,199,157,109,0,0
OGRAFR01,1946,Francis,O'grady,WSC,N,55,0,148,0,0,0,20,0,0,0,60,231,55,53,38,0,0
OSHIGA01,1946,Garland,O'shields,CH1,N,9,0,4,0,0,0,1,0,0,0,8,11,2,2,0,0,0
PALMEJO01,1946,John,Palmer,NYK,N,42,0,401,0,0,0,34,0,0,0,110,521,160,121,81,0,0
PARRADO01,1946,Doyle,Parrack,CH1,N,58,0,272,0,0,0,20,0,0,0,77,413,110,80,52,0,0
PASSAMA01,1946,Marty,Passaglia,WSC,N,43,0,120,0,0,0,9,0,0,0,44,221,51,32,18,0,0
PASTUGE01,1946,George,Pastushok,PRO,N,39,0,121,0,0,0,15,0,0,0,42,183,48,46,25,0,0
PEARCGE01,1946,George,Pearcy,DE1,N,37,0,94,0,0,0,13,0,0,0,68,130,31,44,32,0,0
PEARCHE01,1946,Henry,Pearcy,DE1,N,29,0,73,0,0,0,7,0,0,0,20,108,24,34,25,0,0
PUTMADO01,1946,Don,Putman,ST1,N,58,0,380,0,0,0,30,0,0,0,106,635,156,105,68,0,0
RENSBRO01,1946,Rob,Rensberger,CH1,N,3,0,0,0,0,0,0,0,0,0,4,7,0,0,0,0,0
RIEBEME01,1946,Mel,Riebe,CL1,N,55,0,663,0,0,0,67,0,0,0,169,898,276,173,111,0,0
ROSENAL01,1946,Alexander,Rosenberg,PH1,N,51,0,150,0,0,0,27,0,0,0,64,287,60,49,30,0,0
ROSENHA01,1946,Hank,Rosenstein,TOT,N,60,0,382,0,0,0,36,0,0,0,172,390,119,225,144,0,0
ROSENHA01,1946,Hank,Rosenstein,NYK,N,31,0,133,0,0,0,19,0,0,0,71,145,38,95,57,0,0
ROSENHA01,1946,Hank,Rosenstein,PRO,N,29,0,249,0,0,0,17,0,0,0,101,245,81,130,87,0,0
ROTHEIR01,1946,Irv,Rothenberg,CL1,N,29,0,102,0,0,0,15,0,0,0,62,167,36,54,30,0,0
ROTTNMI01,1946,Mickey,Rottner,CH1,N,56,0,423,0,0,0,93,0,0,0,109,655,190,79,43,0,0
ROUXGI01,1946,Giff,Roux,ST1,N,60,0,354,0,0,0,17,0,0,0,95,478,142,160,70,0,0
RULLOJE01,1946,Jerry,Rullo,PH1,N,50,0,127,0,0,0,20,0,0,0,61,174,52,47,23,0,0
SADOWED01,1946,Ed,Sadowski,TO1,N,10,0,191,0,0,0,8,0,0,0,42,209,73,66,45,0,0
SADOWED01,1946,Ed,Sadowski,CL1,N,43,0,686,0,0,0,38,0,0,0,152,682,256,262,174,0,0
SADOWED01,1946,Ed,Sadowski,TOT,N,53,0,877,0,0,0,46,0,0,0,194,891,329,328,219,0,0
SAILOKE01,1946,Kenny,Sailors,CL1,N,58,0,577,0,0,0,134,0,0,0,177,741,229,200,119,0,0
SCHARBE01,1946,Ben,Scharnus,CL1,N,51,0,103,0,0,0,19,0,0,0,83,165,33,59,37,0,0
SCHECOS01,1946,Ossie,Schectman,NYK,N,54,0,435,0,0,0,109,0,0,0,115,588,162,179,111,0,0
SCHOOMI01,1946,Milt,Schoon,DE1,N,41,0,120,0,0,0,12,0,0,0,75,199,43,80,34,0,0
SCHULDI01,1946,Dick,Schulz,TOT,N,57,0,354,0,0,0,56,0,0,0,123,548,130,138,94,0,0
SCHULDI01,1946,Dick,Schulz,TO1,N,41,0,248,0,0,0,39,0,0,0,94,372,87,107,74,0,0
SCHULDI01,1946,Dick,Schulz,CL1,N,16,0,106,0,0,0,17,0,0,0,29,176,43,31,20,0,0
SCOLAFR01,1946,Freddie,Scolari,WSC,N,58,0,728,0,0,0,58,0,0,0,159,989,291,180,146,0,0
SEMINJI01,1946,Jim,Seminoff,CH1,N,60,0,439,0,0,0,63,0,0,0,155,586,184,130,71,0,0
SENESGE01,1946,George,Senesky,PH1,N,58,0,366,0,0,0,34,0,0,0,83,531,142,124,82,0,0
SHABANI01,1946,Nick,Shaback,CL1,N,53,0,242,0,0,0,29,0,0,0,75,385,102,53,38,0,0
SHANNEA01,1946,Earl,Shannon,PRO,N,57,0,687,0,0,0,84,0,0,0,169,722,245,348,197,0,0
SHEABO01,1946,Bob,Shea,PRO,N,43,0,93,0,0,0,6,0,0,0,42,153,37,33,19,0,0
SHEFFFR01,1946,Fred,Sheffield,PH1,N,22,0,74,0,0,0,4,0,0,0,34,146,29,26,16,0,0
SIEWERA01,1946,Ralph,Siewert,SL1,N,7,0,4,0,0,0,0,0,0,0,8,13,1,5,2,0,0
SIEWERA01,1946,Ralph,Siewert,TO1,N,14,0,16,0,0,0,4,0,0,0,10,31,5,10,6,0,0
SIEWERA01,1946,Ralph,Siewert,TOT,N,21,0,20,0,0,0,4,0,0,0,18,44,6,15,8,0,0
SIMMOCO01,1946,Connie,Simmons,BOS,N,60,0,620,0,0,0,62,0,0,0,130,768,246,189,128,0,0
SIMMOJO01,1946,Johnny,Simmons,BOS,N,60,0,318,0,0,0,29,0,0,0,78,429,120,127,78,0,0
SMAWLBE01,1946,Belus,Smawley,ST1,N,22,0,262,0,0,0,10,0,0,0,37,352,113,47,36,0,0
SMITHDE02,1946,Deb,Smith,ST1,N,48,0,73,0,0,0,6,0,0,0,47,119,32,21,9,0,0
SOVRAGI01,1946,Gino,Sovran,TOR,N,6,0,11,0,0,0,1,0,0,0,5,15,5,2,1,0,0
SPECTAR01,1946,Art,Spector,BOS,N,55,0,329,0,0,0,46,0,0,0,130,460,123,150,83,0,0
SPICELO01,1946,Lou,Spicer,PRO,N,4,0,1,0,0,0,0,0,0,0,3,7,0,2,1,0,0
STOLKAR01,1946,Art,Stolkey,DE1,N,23,0,102,0,0,0,38,0,0,0,72,164,36,44,30,0,0
STUTZST01,1946,Stan,Stutz,NYK,N,60,0,477,0,0,0,49,0,0,0,127,641,172,170,133,0,0
SYDNOWA01,1946,Wallace,Sydnor,CH1,N,15,0,15,0,0,0,0,0,0,0,6,26,5,10,5,0,0
TORGOIR01,1946,Irv,Torgoff,WSC,N,58,0,490,0,0,0,30,0,0,0,173,684,187,159,116,0,0
VANBRBU01,1946,Butch,Vanbredakolff,NYK,N,16,0,25,0,0,0,6,0,0,0,10,34,7,17,11,0,0
VAUGHVI01,1946,Virgil,Vaughn,BOS,N,17,0,45,0,0,0,10,0,0,0,18,78,15,28,15,0,0
WALLAMI01,1946,Michael,Wallace,BOS,N,24,0,131,0,0,0,20,0,0,0,42,224,55,48,21,0,0
WALLAMI01,1946,Michael,Wallace,TOT,N,61,0,556,0,0,0,58,0,0,0,167,809,225,196,106,0,0
WALLAMI01,1946,Michael,Wallace,TO1,N,37,0,425,0,0,0,38,0,0,0,125,585,170,148,85,0,0
WEBERFO01,1946,Forest,Weber,NYK,N,11,0,20,0,0,0,1,0,0,0,20,24,7,8,6,0,0
WEBERFO01,1946,Forest,Weber,PRO,N,39,0,153,0,0,0,3,0,0,0,91,178,52,71,49,0,0
WEBERFO01,1946,Forest,Weber,TOT,N,50,0,173,0,0,0,4,0,0,0,111,202,59,79,55,0,0
WERTIRA01,1946,Ray,Wertis,TOT,N,61,0,214,0,0,0,39,0,0,0,82,366,79,91,56,0,0
WERTIRA01,1946,Ray,Wertis,CL1,N,43,0,115,0,0,0,21,0,0,0,53,195,41,54,33,0,0
WERTIRA01,1946,Ray,Wertis,TO1,N,18,0,99,0,0,0,18,0,0,0,29,171,38,37,23,0,0
ZASLOMA01,1946,Max,Zaslofsky,CH1,N,61,0,877,0,0,0,40,0,0,0,121,1020,336,278,205,0,0
ZELLEHA01,1946,Hank,Zeller,PIT,N,48,0,362,0,0,0,31,0,0,0,177,382,120,177,122,0,0
ABRAMJO01,1947,John,Abramovic,TOT,N,9,0,6,0,0,0,2,0,0,0,10,21,1,7,4,0,0
ABRAMJO01,1947,John,Abramovic,SL1,N,4,0,4,0,0,0,1,0,0,0,5,10,1,4,2,0,0
ABRAMJO01,1947,John,Abramovic,BA1,N,5,0,2,0,0,0,1,0,0,0,5,11,0,3,2,0,0
BEENDHA01,1947,Hank,Beenders,PH1,N,24,0,60,0,0,0,7,0,0,0,31,69,23,24,14,0,0
BEENDHA01,1947,Hank,Beenders,PRO,N,21,0,143,0,0,0,6,0,0,0,68,200,53,58,37,0,0
BEENDHA01,1947,Hank,Beenders,TOT,N,45,0,203,0,0,0,13,0,0,0,99,269,76,82,51,0,0
BLOOMMI01,1947,Mike,Bloom,TOT,N,48,0,508,0,0,0,38,0,0,0,116,640,174,229,160,0,0
BLOOMMI01,1947,Mike,Bloom,BA1,N,34,0,379,0,0,0,24,0,0,0,79,471,128,172,123,0,0
BLOOMMI01,1947,Mike,Bloom,BOS,N,14,0,129,0,0,0,14,0,0,0,37,169,46,57,37,0,0
BRAUNCA01,1947,Carl,Braun,NYK,N,47,0,671,0,0,0,61,0,0,0,102,854,276,183,119,0,0
BROWNST01,1947,Stan,Brown,PH1,N,19,0,50,0,0,0,1,0,0,0,16,71,19,19,12,0,0
BYRNETO01,1947,Tommy,Byrnes,NYK,N,47,0,299,0,0,0,17,0,0,0,56,410,117,103,65,0,0
CALVEER01,1947,Ernie,Calverley,PRO,N,47,0,559,0,0,0,119,0,0,0,168,835,226,161,107,0,0
CONNOCH01,1947,Chuck,Connors,BOS,N,4,0,12,0,0,0,1,0,0,0,5,13,5,3,2,0,0
CROSSFR01,1947,Francis,Crossin,PH1,N,39,0,71,0,0,0,20,0,0,0,28,121,29,23,13,0,0
DALLMHO01,1947,Howie,Dallmar,PH1,N,48,0,587,0,0,0,120,0,0,0,141,781,215,211,157,0,0
DOLLBO01,1947,Bob,Doll,ST1,N,42,0,446,0,0,0,26,0,0,0,107,658,174,148,98,0,0
DOWNEBI01,1947,Bill,Downey,PRO,N,3,0,0,0,0,0,0,0,0,0,0,2,0,0,0,0,0
EHLERED01,1947,Eddie,Ehlers,BOS,N,40,0,286,0,0,0,44,0,0,0,92,417,104,144,78,0,0
EZERSJO01,1947,Johnny,Ezersky,PRO,N,25,0,253,0,0,0,16,0,0,0,62,376,95,104,63,0,0
FEERIBO01,1947,Bob,Feerick,WSC,N,48,0,775,0,0,0,56,0,0,0,139,861,293,240,189,0,0
FITZGDI01,1947,Dick,Fitzgerald,PRO,N,1,0,0,0,0,0,0,0,0,0,1,3,0,0,0,0,0
FLEISJE01,1947,Jerry,Fleishman,PH1,N,46,0,333,0,0,0,43,0,0,0,122,501,119,138,95,0,0
FUETSHE01,1947,Herm,Fuetsch,BA1,N,42,0,109,0,0,0,17,0,0,0,39,140,42,40,25,0,0
FULKSJO01,1947,Joe,Fulks,PH1,N,43,0,949,0,0,0,26,0,0,0,162,1258,326,390,297,0,0
GAINEEL01,1947,Elmer,Gainer,BA1,N,5,0,5,0,0,0,3,0,0,0,8,9,1,6,3,0,0
GARFIJA01,1947,Jack,Garfinkel,BOS,N,43,0,263,0,0,0,59,0,0,0,78,380,114,46,35,0,0
GILMUCH01,1947,Chuck,Gilmur,CH1,N,48,0,459,0,0,0,77,0,0,0,231,597,181,148,97,0,0
GOODWWI01,1947,Wilfred,Goodwin,PRO,N,24,0,91,0,0,0,7,0,0,0,36,155,36,27,19,0,0
GOTTLLE01,1947,Leo,Gottlieb,NYK,N,27,0,131,0,0,0,12,0,0,0,36,228,59,21,13,0,0
GRAYWY01,1947,Wyndol,Gray,PRO,N,1,0,0,0,0,0,0,0,0,0,0,1,0,1,0,0,0
GRAYWY01,1947,Wyndol,Gray,SL1,N,11,0,13,0,0,0,3,0,0,0,16,36,6,3,1,0,0
GRAYWY01,1947,Wyndol,Gray,TOT,N,12,0,13,0,0,0,3,0,0,0,16,37,6,4,1,0,0
HALBECH01,1947,Chuck,Halbert,TOT,N,46,0,452,0,0,0,32,0,0,0,126,605,156,220,140,0,0
HALBECH01,1947,Chuck,Halbert,PH1,N,40,0,421,0,0,0,30,0,0,0,112,550,144,200,133,0,0
HALBECH01,1947,Chuck,Halbert,CH1,N,6,0,31,0,0,0,2,0,0,0,14,55,12,20,7,0,0
HANKICE01,1947,Cecil,Hankins,BOS,N,25,0,70,0,0,0,8,0,0,0,28,116,23,35,24,0,0
HERMSCL01,1947,Clarence,Hermsen,BA1,N,48,0,575,0,0,0,48,0,0,0,154,765,212,227,151,0,0
HERTZSI01,1947,Sidney,Hertzberg,NYK,N,4,0,5,0,0,0,1,0,0,0,3,14,1,4,3,0,0
HERTZSI01,1947,Sidney,Hertzberg,WSC,N,37,0,273,0,0,0,22,0,0,0,58,400,109,69,55,0,0
HERTZSI01,1947,Sidney,Hertzberg,TOT,N,41,0,278,0,0,0,23,0,0,0,61,414,110,73,58,0,0
HEWSOJA01,1947,Jack,Hewson,BOS,N,24,0,65,0,0,0,1,0,0,0,39,89,22,30,21,0,0
HICKEMA01,1947,Matthew,Hickey,PRO,N,1,0,2,0,0,0,0,0,0,0,5,6,0,3,2,0,0
HILLHAR01,1947,Art,Hillhouse,PH1,N,11,0,58,0,0,0,3,0,0,0,30,71,14,37,30,0,0
HOEFEAD01,1947,Adolph,Hoefer,BOS,N,7,0,10,0,0,0,3,0,0,0,17,19,3,8,4,0,0
HOFFMPA01,1947,Paul,Hoffman,BA1,N,37,0,388,0,0,0,23,0,0,0,123,408,142,157,104,0,0
HOLUBDI01,1947,Dick,Holub,NYK,N,48,0,504,0,0,0,37,0,0,0,159,662,195,180,114,0,0
HUBBABO01,1947,Bob,Hubbard,PRO,N,28,0,152,0,0,0,11,0,0,0,34,199,58,52,36,0,0
HUSTOPA01,1947,Paul,Huston,CH1,N,46,0,164,0,0,0,27,0,0,0,82,215,51,89,62,0,0
JANISJO01,1947,John,Janisch,BOS,N,3,0,3,0,0,0,0,0,0,0,3,7,1,2,1,0,0
JANISJO01,1947,John,Janisch,TOT,N,10,0,37,0,0,0,2,0,0,0,5,50,14,16,9,0,0
JANISJO01,1947,John,Janisch,PRO,N,7,0,34,0,0,0,2,0,0,0,2,43,13,14,8,0,0
JEANNBU01,1947,Buddy,Jeannette,BA1,N,46,0,491,0,0,0,70,0,0,0,147,430,150,252,191,0,0
JORGEJO01,1947,Johnny,Jorgensen,CH1,N,1,0,4,0,0,0,0,0,0,0,1,2,2,0,0,0,0
JORGEJO01,1947,Johnny,Jorgensen,BA1,N,2,0,5,0,0,0,0,0,0,0,1,7,2,1,1,0,0
JORGEJO01,1947,Johnny,Jorgensen,TOT,N,3,0,9,0,0,0,0,0,0,0,2,9,4,1,1,0,0
KAPLORA01,1947,Ralph,Kaplowitz,PH1,N,48,0,189,0,0,0,19,0,0,0,100,292,71,60,47,0,0
KELLYGE01,1947,Gerard,Kelly,PRO,N,3,0,6,0,0,0,0,0,0,0,3,10,3,1,0,0,0
KLOTZHE01,1947,Herm,Klotz,BA1,N,11,0,15,0,0,0,7,0,0,0,3,31,7,3,1,0,0
KNORELE01,1947,Lee,Knorek,NYK,N,48,0,259,0,0,0,50,0,0,0,171,369,99,120,61,0,0
KUKARA01,1947,Ray,Kuka,NYK,N,44,0,228,0,0,0,27,0,0,0,117,273,89,84,50,0,0
LEWISGR01,1947,Grady,Lewis,BA1,N,21,0,149,0,0,0,28,0,0,0,66,187,55,63,39,0,0
LEWISGR01,1947,Grady,Lewis,TOT,N,45,0,315,0,0,0,41,0,0,0,151,425,114,135,87,0,0
LEWISGR01,1947,Grady,Lewis,SL1,N,24,0,166,0,0,0,13,0,0,0,85,238,59,72,48,0,0
LOGANJO01,1947,Johnny,Logan,ST1,N,48,0,644,0,0,0,62,0,0,0,141,734,221,272,202,0,0
MAHNKJO01,1947,John,Mahnken,WSC,N,48,0,316,0,0,0,31,0,0,0,151,526,131,88,54,0,0
MARIASA01,1947,Saul,Mariaschin,BOS,N,43,0,333,0,0,0,60,0,0,0,121,463,125,117,83,0,0
MARTIDO01,1947,Don,Martin,ST1,N,39,0,85,0,0,0,2,0,0,0,61,150,35,33,15,0,0
MARTIDO02,1947,Donald,Martin,PRO,N,32,0,101,0,0,0,14,0,0,0,17,193,46,20,9,0,0
MAUGHAR01,1947,Ariel,Maughan,PRO,N,14,0,55,0,0,0,2,0,0,0,36,91,22,16,11,0,0
MAUGHAR01,1947,Ariel,Maughan,TOT,N,42,0,184,0,0,0,6,0,0,0,89,256,76,53,32,0,0
MAUGHAR01,1947,Ariel,Maughan,SL1,N,28,0,129,0,0,0,4,0,0,0,53,165,54,37,21,0,0
MCKINHO01,1947,Horace,Mckinney,WSC,N,43,0,485,0,0,0,36,0,0,0,176,680,182,188,121,0,0
MCNABCH01,1947,Chet,Mcnabb,BA1,N,2,0,0,0,0,0,0,0,0,0,1,1,0,0,0,0,0
MEARNGE01,1947,George,Mearns,PRO,N,24,0,61,0,0,0,10,0,0,0,65,115,23,31,15,0,0
MEINHCA01,1947,Carl,Meinhold,BA1,N,48,0,253,0,0,0,16,0,0,0,64,356,108,60,37,0,0
MIASEST01,1947,Stan,Miasek,CH1,N,48,0,716,0,0,0,31,0,0,0,192,867,263,310,190,0,0
MISAKWA01,1947,Wat,Misaka,NYK,N,3,0,7,0,0,0,0,0,0,0,7,13,3,3,1,0,0
MUNROGE01,1947,George,Munroe,BOS,N,21,0,71,0,0,0,3,0,0,0,20,91,27,26,17,0,0
MUSIAN01,1947,Angelo,Musi,PH1,N,43,0,319,0,0,0,10,0,0,0,56,485,134,73,51,0,0
NOELPA01,1947,Paul,Noel,NYK,N,29,0,99,0,0,0,3,0,0,0,41,138,40,30,19,0,0
NORLAJO01,1947,Johnny,Norlander,WSC,N,48,0,469,0,0,0,44,0,0,0,102,543,167,182,135,0,0
NOSTRGE01,1947,George,Nostrand,PRO,N,45,0,521,0,0,0,30,0,0,0,148,660,196,239,129,0,0
NOSZKST01,1947,Stan,Noszka,BOS,N,22,0,78,0,0,0,4,0,0,0,52,97,27,35,24,0,0
OBRIBO01,1947,Bob,O'brien,PH1,N,22,0,49,0,0,0,1,0,0,0,40,81,17,26,15,0,0
OGRAFR01,1947,Francis,O'grady,ST1,N,44,0,170,0,0,0,9,0,0,0,61,257,67,54,36,0,0
OKEEDI01,1947,Dick,O'keefe,WSC,N,37,0,156,0,0,0,18,0,0,0,85,257,63,59,30,0,0
PALMEJO01,1947,John,Palmer,NYK,N,48,0,622,0,0,0,45,0,0,0,149,710,224,234,174,0,0
PHILLAN01,1947,Andy,Phillip,CH1,N,32,0,346,0,0,0,74,0,0,0,75,425,143,103,60,0,0
PUTMADO01,1947,Don,Putman,ST1,N,42,0,267,0,0,0,25,0,0,0,95,399,105,84,57,0,0
REISEJO01,1947,Joseph,Reiser,BA1,N,47,0,541,0,0,0,40,0,0,0,175,628,202,185,137,0,0
RIEBEME01,1947,Mel,Riebe,BOS,N,48,0,489,0,0,0,41,0,0,0,137,653,202,137,85,0,0
ROBBILE01,1947,Lee,Robbins,PRO,N,31,0,195,0,0,0,7,0,0,0,93,260,72,93,51,0,0
ROCHARE01,1947,Red,Rocha,ST1,N,48,0,611,0,0,0,39,0,0,0,209,740,232,213,147,0,0
ROCKEJA01,1947,Jack,Rocker,PH1,N,9,0,17,0,0,0,3,0,0,0,2,22,8,1,1,0,0
ROCKGE01,1947,Gene,Rock,CH1,N,11,0,10,0,0,0,0,0,0,0,8,18,4,4,2,0,0
ROTHEIR01,1947,Irv,Rothenberg,WSC,N,11,0,46,0,0,0,1,0,0,0,22,60,15,21,16,0,0
ROTHEIR01,1947,Irv,Rothenberg,BA1,N,14,0,61,0,0,0,2,0,0,0,24,86,25,23,11,0,0
ROTHEIR01,1947,Irv,Rothenberg,SL1,N,24,0,186,0,0,0,4,0,0,0,69,218,63,106,60,0,0
ROTHEIR01,1947,Irv,Rothenberg,TOT,N,49,0,293,0,0,0,7,0,0,0,115,364,103,150,87,0,0
ROTTNMI01,1947,Mickey,Rottner,CH1,N,44,0,117,0,0,0,46,0,0,0,49,184,53,34,11,0,0
ROUXGI01,1947,Giff,Roux,ST1,N,46,0,176,0,0,0,12,0,0,0,60,258,68,68,40,0,0
RULLOJE01,1947,Jerry,Rullo,BA1,N,2,0,0,0,0,0,0,0,0,0,1,4,0,0,0,0,0
SADOWED01,1947,Ed,Sadowski,BOS,N,47,0,910,0,0,0,74,0,0,0,182,953,308,422,294,0,0
SAILOKE01,1947,Kenny,Sailors,CH1,N,1,0,0,0,0,0,0,0,0,0,1,3,0,0,0,0,0
SAILOKE01,1947,Kenny,Sailors,TOT,N,44,0,524,0,0,0,59,0,0,0,162,689,207,159,110,0,0
SAILOKE01,1947,Kenny,Sailors,PH1,N,2,0,4,0,0,0,0,0,0,0,4,3,2,0,0,0,0
SAILOKE01,1947,Kenny,Sailors,PRO,N,41,0,520,0,0,0,59,0,0,0,157,683,205,159,110,0,0
SCHADBE01,1947,Ben,Schadler,CH1,N,37,0,56,0,0,0,6,0,0,0,40,116,23,13,10,0,0
SCHULDI01,1947,Dick,Schulz,BA1,N,48,0,383,0,0,0,28,0,0,0,116,469,133,160,117,0,0
SCOLAFR01,1947,Freddie,Scolari,WSC,N,47,0,589,0,0,0,58,0,0,0,153,780,229,179,131,0,0
SEMINJI01,1947,Jim,Seminoff,CH1,N,48,0,299,0,0,0,89,0,0,0,105,381,113,105,73,0,0
SENESGE01,1947,George,Senesky,PH1,N,47,0,414,0,0,0,52,0,0,0,90,570,158,147,98,0,0
SEYMOPA01,1947,Paul,Seymour,BA1,N,22,0,76,0,0,0,6,0,0,0,34,101,27,37,22,0,0
SHANNEA01,1947,Earl,Shannon,PRO,N,45,0,362,0,0,0,49,0,0,0,106,469,123,183,116,0,0
SIMMOCO01,1947,Connie,Simmons,BA1,N,13,0,138,0,0,0,7,0,0,0,40,179,54,54,30,0,0
SIMMOCO01,1947,Connie,Simmons,BOS,N,32,0,248,0,0,0,17,0,0,0,82,366,108,54,32,0,0
SIMMOCO01,1947,Connie,Simmons,TOT,N,45,0,386,0,0,0,24,0,0,0,122,545,162,108,62,0,0
SMAWLBE01,1947,Belus,Smawley,ST1,N,48,0,535,0,0,0,18,0,0,0,88,688,212,150,111,0,0
SPECTAR01,1947,Art,Spector,BOS,N,48,0,194,0,0,0,17,0,0,0,106,243,67,92,60,0,0
STUMPGE01,1947,Gene,Stump,BOS,N,43,0,142,0,0,0,18,0,0,0,66,247,59,38,24,0,0
STUTZST01,1947,Stan,Stutz,NYK,N,47,0,331,0,0,0,57,0,0,0,121,501,109,135,113,0,0
TANNESI01,1947,Sid,Tannenbaum,NYK,N,24,0,242,0,0,0,37,0,0,0,33,360,90,74,62,0,0
THURSME01,1947,Mel,Thurston,PRO,N,14,0,78,0,0,0,4,0,0,0,42,113,32,28,14,0,0
TINGLJA01,1947,Jack,Tingle,WSC,N,37,0,89,0,0,0,7,0,0,0,45,137,36,33,17,0,0
TOOMAJA01,1947,Jack,Toomay,TOT,N,33,0,182,0,0,0,7,0,0,0,71,191,61,91,60,0,0
TOOMAJA01,1947,Jack,Toomay,CH1,N,19,0,29,0,0,0,2,0,0,0,22,47,9,20,11,0,0
TOOMAJA01,1947,Jack,Toomay,PRO,N,14,0,153,0,0,0,5,0,0,0,49,144,52,71,49,0,0
TORGOIR01,1947,Irv,Torgoff,WSC,N,47,0,339,0,0,0,32,0,0,0,153,541,111,144,117,0,0
VANBRBU01,1947,Butch,Vanbredakolff,NYK,N,44,0,180,0,0,0,29,0,0,0,81,192,53,120,74,0,0
VANCEGE01,1947,Gene,Vance,CH1,N,48,0,402,0,0,0,49,0,0,0,193,617,163,126,76,0,0
WERTIRA01,1947,Ray,Wertis,PRO,N,7,0,32,0,0,0,6,0,0,0,13,72,13,14,6,0,0
ZASLOMA01,1947,Max,Zaslofsky,CH1,N,48,0,1007,0,0,0,29,0,0,0,125,1156,373,333,261,0,0
ARMSTPA01,1948,Paul,Armstrong,FTW,N,52,0,380,0,0,0,105,0,0,0,152,428,131,169,118,0,0
BACHJO01,1948,Johnny,Bach,BOS,N,34,0,119,0,0,0,25,0,0,0,24,119,34,75,51,0,0
BEENDHA01,1948,Hank,Beenders,BOS,N,8,0,19,0,0,0,3,0,0,0,9,28,6,9,7,0,0
BISHOGA01,1948,Gale,Bishop,PH1,N,56,0,467,0,0,0,92,0,0,0,137,523,170,195,127,0,0
BLACKCH01,1948,Charlie,Black,FTW,N,17,0,130,0,0,0,25,0,0,0,64,145,46,62,38,0,0
BLACKCH01,1948,Charlie,Black,TOT,N,58,0,567,0,0,0,140,0,0,0,247,691,203,291,161,0,0
BLACKCH01,1948,Charlie,Black,INJ,N,41,0,437,0,0,0,115,0,0,0,183,546,157,229,123,0,0
BLOOMMI01,1948,Mike,Bloom,CH1,N,21,0,71,0,0,0,17,0,0,0,31,89,22,34,27,0,0
BLOOMMI01,1948,Mike,Bloom,TOT,N,45,0,126,0,0,0,32,0,0,0,53,181,35,74,56,0,0
BLOOMMI01,1948,Mike,Bloom,MIE,N,24,0,55,0,0,0,15,0,0,0,22,92,13,40,29,0,0
BORNHJA01,1948,Jake,Bornheimer,PH1,N,15,0,88,0,0,0,13,0,0,0,47,109,34,29,20,0,0
BRAUNCA01,1948,Carl,Braun,NYK,N,57,0,810,0,0,0,173,0,0,0,144,906,299,279,212,0,0
BROOKPR01,1948,Price,Brookfield,INJ,N,54,0,442,0,0,0,136,0,0,0,145,638,176,125,90,0,0
BROWNBO01,1948,Bob,Brown,PRO,N,20,0,108,0,0,0,14,0,0,0,67,111,37,47,34,0,0
BROWNDA01,1948,Darrell,Brown,BA1,N,3,0,4,0,0,0,0,0,0,0,3,6,2,2,0,0,0
BROWNJI01,1948,Jim,Browne,CH1,N,4,0,3,0,0,0,0,0,0,0,4,2,1,2,1,0,0
BUDKOWA01,1948,Walter,Budko,BA1,N,60,0,692,0,0,0,99,0,0,0,201,644,224,309,244,0,0
BYRNETO01,1948,Tommy,Byrnes,NYK,N,35,0,200,0,0,0,54,0,0,0,53,270,77,81,46,0,0
BYRNETO01,1948,Tommy,Byrnes,TOT,N,57,0,412,0,0,0,102,0,0,0,84,525,160,149,92,0,0
BYRNETO01,1948,Tommy,Byrnes,INJ,N,22,0,212,0,0,0,48,0,0,0,31,255,83,68,46,0,0
CALHOBI01,1948,Bill,Calhoun,ROC,N,56,0,367,0,0,0,125,0,0,0,97,408,146,131,75,0,0
CALVEER01,1948,Ernie,Calverley,PRO,N,59,0,557,0,0,0,251,0,0,0,183,696,218,160,121,0,0
CARLSDO01,1948,Don,Carlson,MIE,N,55,0,508,0,0,0,170,0,0,0,180,632,211,130,86,0,0
COLONJO01,1948,Joe,Colone,NYK,N,15,0,83,0,0,0,9,0,0,0,25,113,35,19,13,0,0
CROCKDI01,1948,Dillard,Crocker,FTW,N,2,0,6,0,0,0,0,0,0,0,3,4,1,6,4,0,0
CROSSFR01,1948,Francis,Crossin,PH1,N,44,0,174,0,0,0,55,0,0,0,53,212,74,42,26,0,0
CURRAFR01,1948,Fran,Curran,ROC,N,57,0,207,0,0,0,78,0,0,0,118,168,61,126,85,0,0
DALLMHO01,1948,Howie,Dallmar,PH1,N,38,0,293,0,0,0,116,0,0,0,104,342,105,116,83,0,0
DAVIEBO01,1948,Bob,Davies,ROC,N,60,0,904,0,0,0,321,0,0,0,197,871,317,348,270,0,0
DOLLBO01,1948,Bob,Doll,BOS,N,47,0,370,0,0,0,117,0,0,0,118,438,145,117,80,0,0
DUNCAAN01,1948,Andy,Duncan,ROC,N,55,0,407,0,0,0,51,0,0,0,179,391,162,135,83,0,0
DWANJA01,1948,Jack,Dwan,MIE,N,60,0,276,0,0,0,129,0,0,0,157,380,121,69,34,0,0
EGGLELO01,1948,Lonnie,Eggleston,ST1,N,2,0,4,0,0,0,1,0,0,0,3,4,1,3,2,0,0
EHLERED01,1948,Eddie,Ehlers,BOS,N,59,0,514,0,0,0,133,0,0,0,119,583,182,225,150,0,0
ELLEFRA01,1948,Ray,Ellefson,MIE,N,3,0,2,0,0,0,0,0,0,0,2,5,1,0,0,0,0
ESKRIJA01,1948,Jack,Eskridge,CH1,N,3,0,0,0,0,0,0,0,0,0,1,0,0,0,0,0,0
ESKRIJA01,1948,Jack,Eskridge,INJ,N,20,0,64,0,0,0,14,0,0,0,24,69,25,20,14,0,0
ESKRIJA01,1948,Jack,Eskridge,TOT,N,23,0,64,0,0,0,14,0,0,0,25,69,25,20,14,0,0
EZERSJO01,1948,Johnny,Ezersky,TOT,N,56,0,365,0,0,0,67,0,0,0,98,407,128,160,109,0,0
EZERSJO01,1948,Johnny,Ezersky,BA1,N,27,0,127,0,0,0,27,0,0,0,36,149,44,55,39,0,0
EZERSJO01,1948,Johnny,Ezersky,BOS,N,18,0,185,0,0,0,29,0,0,0,49,185,68,80,49,0,0
EZERSJO01,1948,Johnny,Ezersky,PRO,N,11,0,53,0,0,0,11,0,0,0,13,73,16,25,21,0,0
FARBMPH01,1948,Phil,Farbman,PH1,N,27,0,83,0,0,0,18,0,0,0,50,85,29,43,25,0,0
FARBMPH01,1948,Phil,Farbman,TOT,N,48,0,155,0,0,0,36,0,0,0,86,163,50,81,55,0,0
FARBMPH01,1948,Phil,Farbman,BOS,N,21,0,72,0,0,0,18,0,0,0,36,78,21,38,30,0,0
FEERIBO01,1948,Bob,Feerick,WSC,N,58,0,752,0,0,0,188,0,0,0,171,708,248,298,256,0,0
FERRIAR01,1948,Arnie,Ferrin,MIE,N,47,0,345,0,0,0,76,0,0,0,142,378,130,128,85,0,0
FITZGBO01,1948,Bob,Fitzgerald,ROC,N,18,0,19,0,0,0,12,0,0,0,26,29,6,10,7,0,0
FLEISJE01,1948,Jerry,Fleishman,PH1,N,59,0,323,0,0,0,120,0,0,0,137,424,123,118,77,0,0
FORMADO01,1948,Donnie,Forman,MIE,N,44,0,179,0,0,0,74,0,0,0,94,231,68,67,43,0,0
FULKSJO01,1948,Joe,Fulks,PH1,N,60,0,1560,0,0,0,74,0,0,0,262,1689,529,638,502,0,0
GALLAHA01,1948,Harry,Gallatin,NYK,N,52,0,434,0,0,0,63,0,0,0,127,479,157,169,120,0,0
GARDNEA01,1948,Earl,Gardner,MIE,N,50,0,89,0,0,0,19,0,0,0,50,101,38,28,13,0,0
GARFIJA01,1948,Jack,Garfinkel,BOS,N,9,0,34,0,0,0,17,0,0,0,19,70,12,14,10,0,0
GILMUCH01,1948,Chuck,Gilmur,CH1,N,56,0,286,0,0,0,125,0,0,0,194,281,110,121,66,0,0
GLAMAGE01,1948,George,Glamack,INJ,N,11,0,102,0,0,0,19,0,0,0,28,121,30,55,42,0,0
GRABOJO01,1948,Joe,Graboski,CH1,N,45,0,125,0,0,0,18,0,0,0,86,157,54,49,17,0,0
GUNTHCO01,1948,Coulby,Gunther,ST1,N,32,0,159,0,0,0,33,0,0,0,64,181,57,71,45,0,0
HALBECH01,1948,Chuck,Halbert,PRO,N,27,0,308,0,0,0,52,0,0,0,78,309,103,157,102,0,0
HALBECH01,1948,Chuck,Halbert,TOT,N,60,0,618,0,0,0,113,0,0,0,175,647,202,345,214,0,0
HALBECH01,1948,Chuck,Halbert,BOS,N,33,0,310,0,0,0,61,0,0,0,97,338,99,188,112,0,0
HALEBR01,1948,Bruce,Hale,FTW,N,34,0,320,0,0,0,87,0,0,0,72,348,109,136,102,0,0
HALEBR01,1948,Bruce,Hale,TOT,N,52,0,546,0,0,0,156,0,0,0,112,585,187,228,172,0,0
HALEBR01,1948,Bruce,Hale,INJ,N,18,0,226,0,0,0,69,0,0,0,40,237,78,92,70,0,0
HAMILRA01,1948,Ralph,Hamilton,FTW,N,10,0,42,0,0,0,3,0,0,0,10,66,16,13,10,0,0
HAMILRA01,1948,Ralph,Hamilton,TOT,N,48,0,289,0,0,0,83,0,0,0,67,447,114,91,61,0,0
HAMILRA01,1948,Ralph,Hamilton,INJ,N,38,0,247,0,0,0,80,0,0,0,57,381,98,78,51,0,0
HAZENJO01,1948,John,Hazen,BOS,N,6,0,18,0,0,0,3,0,0,0,10,17,6,7,6,0,0
HENRYBI01,1948,Bill,Henry,FTW,N,32,0,317,0,0,0,55,0,0,0,110,300,96,203,125,0,0
HERMSCL01,1948,Clarence,Hermsen,WSC,N,60,0,708,0,0,0,99,0,0,0,257,794,248,311,212,0,0
HERTZSI01,1948,Sidney,Hertzberg,WSC,N,60,0,442,0,0,0,114,0,0,0,140,541,154,164,134,0,0
HOLCODO01,1948,Doug,Holcomb,BA1,N,3,0,15,0,0,0,5,0,0,0,5,12,3,14,9,0,0
HOLZMRE01,1948,Red,Holzman,ROC,N,60,0,546,0,0,0,149,0,0,0,93,691,225,157,96,0,0
HUBBABO01,1948,Bob,Hubbard,PRO,N,34,0,72,0,0,0,18,0,0,0,39,135,25,34,22,0,0
JAMESGE01,1948,Gene,James,NYK,N,11,0,42,0,0,0,5,0,0,0,20,48,18,12,6,0,0
JAROSTO01,1948,Tony,Jaros,MIE,N,59,0,343,0,0,0,58,0,0,0,114,385,132,110,79,0,0
JEANNBU01,1948,Buddy,Jeannette,BA1,N,56,0,313,0,0,0,124,0,0,0,157,199,73,213,167,0,0
JOHNSAR01,1948,Arnie,Johnson,ROC,N,60,0,511,0,0,0,80,0,0,0,247,375,156,284,199,0,0
JORGEJO01,1948,Johnny,Jorgensen,MIE,N,48,0,106,0,0,0,33,0,0,0,68,114,41,33,24,0,0
KACHAED01,1948,Edwin,Kachan,MIE,N,19,0,47,0,0,0,12,0,0,0,24,42,16,22,15,0,0
KACHAED01,1948,Edwin,Kachan,CH1,N,33,0,65,0,0,0,25,0,0,0,57,100,22,34,21,0,0
KACHAED01,1948,Edwin,Kachan,TOT,N,52,0,112,0,0,0,37,0,0,0,81,142,38,56,36,0,0
KAFTAGE01,1948,George,Kaftan,BOS,N,21,0,304,0,0,0,61,0,0,0,28,315,116,115,72,0,0
KATKALE01,1948,Leo,Katkaveck,WSC,N,53,0,221,0,0,0,68,0,0,0,110,253,84,71,53,0,0
KELLYTO01,1948,Tom,Kelly,BOS,N,27,0,191,0,0,0,38,0,0,0,73,218,73,73,45,0,0
KINNEBO01,1948,Bob,Kinney,FTW,N,37,0,254,0,0,0,51,0,0,0,135,271,86,143,82,0,0
KINNEBO01,1948,Bob,Kinney,TOT,N,58,0,458,0,0,0,77,0,0,0,224,495,161,234,136,0,0
KINNEBO01,1948,Bob,Kinney,BOS,N,21,0,204,0,0,0,26,0,0,0,89,224,75,91,54,0,0
KIRKWA01,1948,Walt,Kirk,TOT,N,49,0,447,0,0,0,118,0,0,0,127,406,140,231,167,0,0
KIRKWA01,1948,Walt,Kirk,INJ,N,35,0,378,0,0,0,106,0,0,0,103,345,118,198,142,0,0
KIRKWA01,1948,Walt,Kirk,FTW,N,14,0,69,0,0,0,12,0,0,0,24,61,22,33,25,0,0
KLIERLE01,1948,Leo,Klier,FTW,N,47,0,347,0,0,0,56,0,0,0,124,492,125,137,97,0,0
KNORELE01,1948,Lee,Knorek,NYK,N,60,0,443,0,0,0,135,0,0,0,258,457,156,183,131,0,0
KOSTEAN01,1948,Andy,Kostecka,INJ,N,21,0,135,0,0,0,14,0,0,0,48,110,46,70,43,0,0
KRAUSDA01,1948,Dan,Kraus,BA1,N,13,0,21,0,0,0,7,0,0,0,24,35,5,24,11,0,0
KRAUTHE01,1948,Herb,Krautblatt,BA1,N,10,0,13,0,0,0,4,0,0,0,14,18,4,11,5,0,0
KUKARA01,1948,Ray,Kuka,NYK,N,8,0,25,0,0,0,11,0,0,0,16,36,10,9,5,0,0
LEVANAN01,1948,Andrew,Levane,ROC,N,36,0,123,0,0,0,39,0,0,0,37,193,55,21,13,0,0
LEWISFR02,1948,Fred,Lewis,INJ,N,8,0,79,0,0,0,19,0,0,0,25,115,31,24,17,0,0
LEWISFR02,1948,Fred,Lewis,BA1,N,53,0,603,0,0,0,88,0,0,0,142,719,241,157,121,0,0
LEWISFR02,1948,Fred,Lewis,TOT,N,61,0,682,0,0,0,107,0,0,0,167,834,272,181,138,0,0
LEWISGR01,1948,Grady,Lewis,ST1,N,34,0,148,0,0,0,37,0,0,0,104,137,53,70,42,0,0
LOGANJO01,1948,Johnny,Logan,ST1,N,57,0,803,0,0,0,276,0,0,0,191,816,282,302,239,0,0
LUCASAL01,1948,Al,Lucas,BOS,N,2,0,2,0,0,0,2,0,0,0,0,3,1,0,0,0,0
LUMPPRA01,1948,Ray,Lumpp,NYK,N,24,0,324,0,0,0,34,0,0,0,74,311,117,112,90,0,0
LUMPPRA01,1948,Ray,Lumpp,TOT,N,61,0,777,0,0,0,158,0,0,0,173,800,279,283,219,0,0
LUMPPRA01,1948,Ray,Lumpp,INJ,N,37,0,453,0,0,0,124,0,0,0,99,489,162,171,129,0,0
MADDOJA01,1948,Jack,Maddox,INJ,N,1,0,0,0,0,0,1,0,0,0,0,0,0,0,0,0,0
MAHNKJO01,1948,John,Mahnken,BA1,N,7,0,53,0,0,0,9,0,0,0,32,80,21,18,11,0,0
MAHNKJO01,1948,John,Mahnken,INJ,N,13,0,130,0,0,0,34,0,0,0,40,236,58,30,14,0,0
MAHNKJO01,1948,John,Mahnken,FTW,N,37,0,351,0,0,0,82,0,0,0,143,514,136,119,79,0,0
MAHNKJO01,1948,John,Mahnken,TOT,N,57,0,534,0,0,0,125,0,0,0,215,830,215,167,104,0,0
MALAMLI01,1948,Lionel,Malamed,TOT,N,44,0,258,0,0,0,61,0,0,0,53,290,97,77,64,0,0
MALAMLI01,1948,Lionel,Malamed,ROC,N,9,0,30,0,0,0,6,0,0,0,9,31,12,8,6,0,0
MALAMLI01,1948,Lionel,Malamed,INJ,N,35,0,228,0,0,0,55,0,0,0,44,259,85,69,58,0,0
MANDIJO01,1948,John,Mandic,INJ,N,56,0,269,0,0,0,80,0,0,0,151,302,97,115,75,0,0
MARTIDO01,1948,Don,Martin,BA1,N,7,0,5,0,0,0,4,0,0,0,14,9,2,2,1,0,0
MARTIDO01,1948,Don,Martin,TOT,N,44,0,134,0,0,0,25,0,0,0,115,170,52,47,30,0,0
MARTIDO01,1948,Don,Martin,SL1,N,37,0,129,0,0,0,21,0,0,0,101,161,50,45,29,0,0
MAUGHAR01,1948,Ariel,Maughan,ST1,N,55,0,596,0,0,0,99,0,0,0,134,650,206,285,184,0,0
MCGAHME01,1948,Mel,Mcgaha,NYK,N,51,0,176,0,0,0,51,0,0,0,104,195,62,88,52,0,0
MCKINHO01,1948,Horace,Mckinney,WSC,N,57,0,723,0,0,0,114,0,0,0,216,801,263,279,197,0,0
MEINHCA01,1948,Carl,Meinhold,CH1,N,15,0,41,0,0,0,9,0,0,0,12,36,16,13,9,0,0
MEINHCA01,1948,Carl,Meinhold,PRO,N,35,0,222,0,0,0,38,0,0,0,48,270,85,83,52,0,0
MEINHCA01,1948,Carl,Meinhold,TOT,N,50,0,263,0,0,0,47,0,0,0,60,306,101,96,61,0,0
MIASEST01,1948,Stan,Miasek,CH1,N,58,0,451,0,0,0,57,0,0,0,208,488,169,216,113,0,0
MIKANED01,1948,Ed,Mikan,CH1,N,60,0,594,0,0,0,62,0,0,0,191,729,229,183,136,0,0
MIKANGE01,1948,George,Mikan,MIE,N,60,0,1698,0,0,0,218,0,0,0,260,1403,583,689,532,0,0
MILLEBI01,1948,Bill,Miller,CH1,N,14,0,14,0,0,0,8,0,0,0,17,23,5,9,4,0,0
MILLEBI01,1948,Bill,Miller,TOT,N,28,0,53,0,0,0,20,0,0,0,32,72,21,20,11,0,0
MILLEBI01,1948,Bill,Miller,SL1,N,14,0,39,0,0,0,12,0,0,0,15,49,16,11,7,0,0
MOGUSLE01,1948,Leo,Mogus,TOT,N,52,0,521,0,0,0,104,0,0,0,170,509,172,243,177,0,0
MOGUSLE01,1948,Leo,Mogus,INJ,N,19,0,303,0,0,0,74,0,0,0,75,283,103,133,97,0,0
MOGUSLE01,1948,Leo,Mogus,FTW,N,20,0,173,0,0,0,27,0,0,0,66,176,59,74,55,0,0
MOGUSLE01,1948,Leo,Mogus,BA1,N,13,0,45,0,0,0,3,0,0,0,29,50,10,36,25,0,0
MORGEEL01,1948,Elmo,Morgenthaler,PH1,N,20,0,42,0,0,0,7,0,0,0,18,39,15,18,12,0,0
MUSIAN01,1948,Angelo,Musi,PH1,N,58,0,478,0,0,0,81,0,0,0,108,618,194,119,90,0,0
NAGYFR01,1948,Fred,Nagy,INJ,N,50,0,253,0,0,0,68,0,0,0,84,271,94,97,65,0,0
NAPOLPA01,1948,Paul,Napolitano,INJ,N,1,0,0,0,0,0,0,0,0,0,0,0,0,0,0,0,0
NICHOJA01,1948,Jack,Nichols,WSC,N,34,0,398,0,0,0,56,0,0,0,118,392,153,126,92,0,0
NIEMIJO01,1948,John,Niemiera,FTW,N,55,0,362,0,0,0,96,0,0,0,115,331,115,165,132,0,0
NOELPA01,1948,Paul,Noel,NYK,N,47,0,177,0,0,0,33,0,0,0,84,277,70,60,37,0,0
NORLAJO01,1948,Johnny,Norlander,WSC,N,60,0,444,0,0,0,86,0,0,0,124,454,164,171,116,0,0
NOSTRGE01,1948,George,Nostrand,TOT,N,60,0,589,0,0,0,94,0,0,0,164,651,212,284,165,0,0
NOSTRGE01,1948,George,Nostrand,BOS,N,27,0,265,0,0,0,38,0,0,0,74,267,91,135,83,0,0
NOSTRGE01,1948,George,Nostrand,PRO,N,33,0,324,0,0,0,56,0,0,0,90,384,121,149,82,0,0
NOSZKST01,1948,Stan,Noszka,BOS,N,30,0,75,0,0,0,25,0,0,0,56,123,30,30,15,0,0
NOVAKMI01,1948,Mike,Novak,ROC,N,60,0,320,0,0,0,112,0,0,0,188,363,124,124,72,0,0
OBRIBO01,1948,Bob,O'brien,PH1,N,16,0,15,0,0,0,8,0,0,0,21,32,5,14,5,0,0
OBRIBO01,1948,Bob,O'brien,SL1,N,8,0,17,0,0,0,1,0,0,0,11,18,5,18,7,0,0
OBRIBO01,1948,Bob,O'brien,TOT,N,24,0,32,0,0,0,9,0,0,0,32,50,10,32,12,0,0
OCONDE01,1948,Dermie,O'connell,BOS,N,21,0,204,0,0,0,65,0,0,0,40,315,87,56,30,0,0
OGRAFR01,1948,Francis,O'grady,PRO,N,17,0,81,0,0,0,25,0,0,0,21,117,33,25,15,0,0
OGRAFR01,1948,Francis,O'grady,TOT,N,47,0,219,0,0,0,68,0,0,0,57,293,85,71,49,0,0
OGRAFR01,1948,Francis,O'grady,SL1,N,30,0,138,0,0,0,43,0,0,0,36,176,52,46,34,0,0
OKEEDI01,1948,Dick,O'keefe,WSC,N,50,0,191,0,0,0,43,0,0,0,119,274,70,99,51,0,0
PAINEFR01,1948,Fred,Paine,PRO,N,3,0,7,0,0,0,1,0,0,0,3,19,3,5,1,0,0
PALMEJO01,1948,John,Palmer,NYK,N,58,0,714,0,0,0,108,0,0,0,206,685,240,307,234,0,0
PARHAES01,1948,Estes,Parham,ST1,N,60,0,344,0,0,0,151,0,0,0,134,404,124,172,96,0,0
PASSAMA01,1948,Marty,Passaglia,INJ,N,19,0,31,0,0,0,17,0,0,0,17,57,14,4,3,0,0
PELKIJA01,1948,Jake,Pelkington,FTW,N,14,0,124,0,0,0,32,0,0,0,54,104,33,75,58,0,0
PELKIJA01,1948,Jake,Pelkington,BA1,N,40,0,473,0,0,0,99,0,0,0,162,365,160,192,153,0,0
PELKIJA01,1948,Jake,Pelkington,TOT,N,54,0,597,0,0,0,131,0,0,0,216,469,193,267,211,0,0
PHILLAN01,1948,Andy,Phillip,CH1,N,60,0,718,0,0,0,319,0,0,0,205,818,285,219,148,0,0
POLLAJI01,1948,Jim,Pollard,MIE,N,53,0,784,0,0,0,142,0,0,0,144,792,314,227,156,0,0
PUGHLE01,1948,Les,Pugh,PRO,N,60,0,461,0,0,0,59,0,0,0,168,556,168,167,125,0,0
PUGHRO01,1948,Roy,Pugh,TOT,N,23,0,32,0,0,0,9,0,0,0,17,51,13,19,6,0,0
PUGHRO01,1948,Roy,Pugh,INJ,N,6,0,3,0,0,0,2,0,0,0,2,7,1,5,1,0,0
PUGHRO01,1948,Roy,Pugh,FTW,N,4,0,9,0,0,0,1,0,0,0,3,8,4,4,1,0,0
PUGHRO01,1948,Roy,Pugh,PH1,N,13,0,20,0,0,0,6,0,0,0,12,36,8,10,4,0,0
PUTMADO01,1948,Don,Putman,ST1,N,59,0,248,0,0,0,140,0,0,0,132,330,98,97,52,0,0
RADERHO01,1948,Howie,Rader,BA1,N,13,0,17,0,0,0,14,0,0,0,25,45,7,10,3,0,0
RAMSERA01,1948,Ray,Ramsey,BA1,N,2,0,2,0,0,0,0,0,0,0,0,1,0,2,2,0,0
REISEJO01,1948,Joseph,Reiser,BA1,N,57,0,626,0,0,0,132,0,0,0,202,653,219,257,188,0,0
RIEBEME01,1948,Mel,Riebe,PRO,N,10,0,61,0,0,0,9,0,0,0,13,88,26,17,9,0,0
RIEBEME01,1948,Mel,Riebe,BOS,N,33,0,362,0,0,0,95,0,0,0,97,501,146,116,70,0,0
RIEBEME01,1948,Mel,Riebe,TOT,N,43,0,423,0,0,0,104,0,0,0,110,589,172,133,79,0,0
RISENAR01,1948,Arnie,Risen,ROC,N,60,0,995,0,0,0,100,0,0,0,216,816,345,462,305,0,0
RITTEGO01,1948,Goebel,Ritter,NYK,N,55,0,337,0,0,0,57,0,0,0,71,353,123,146,91,0,0
ROBBILE01,1948,Lee,Robbins,PRO,N,16,0,29,0,0,0,12,0,0,0,24,25,9,17,11,0,0
ROBERBI01,1948,Bill,Roberts,CH1,N,2,0,2,0,0,0,0,0,0,0,2,3,1,0,0,0,0
ROBERBI01,1948,Bill,Roberts,TOT,N,50,0,222,0,0,0,41,0,0,0,113,267,89,63,44,0,0
ROBERBI01,1948,Bill,Roberts,BOS,N,26,0,81,0,0,0,13,0,0,0,34,109,36,19,9,0,0
ROBERBI01,1948,Bill,Roberts,SL1,N,22,0,139,0,0,0,28,0,0,0,77,155,52,44,35,0,0
ROCHARE01,1948,Red,Rocha,ST1,N,58,0,608,0,0,0,157,0,0,0,251,574,223,211,162,0,0
ROLLIKE01,1948,Kenny,Rollins,CH1,N,59,0,365,0,0,0,167,0,0,0,150,520,144,104,77,0,0
ROTHEIR01,1948,Irv,Rothenberg,NYK,N,53,0,314,0,0,0,68,0,0,0,174,367,101,174,112,0,0
ROUXGI01,1948,Giff,Roux,SL1,N,19,0,37,0,0,0,11,0,0,0,12,44,11,17,15,0,0
ROUXGI01,1948,Giff,Roux,PRO,N,26,0,50,0,0,0,9,0,0,0,18,74,18,27,14,0,0
ROUXGI01,1948,Giff,Roux,TOT,N,45,0,87,0,0,0,20,0,0,0,30,118,29,44,29,0,0
RULLOJE01,1948,Jerry,Rullo,PH1,N,39,0,137,0,0,0,48,0,0,0,71,183,53,45,31,0,0
SADOWED01,1948,Ed,Sadowski,PH1,N,60,0,920,0,0,0,160,0,0,0,273,839,340,350,240,0,0
SAILOKE01,1948,Kenny,Sailors,PRO,N,57,0,899,0,0,0,209,0,0,0,239,906,309,367,281,0,0
SCHAEHE01,1948,Herm,Schaefer,MIE,N,58,0,602,0,0,0,185,0,0,0,121,572,214,213,174,0,0
SCHARBE01,1948,Ben,Scharnus,PRO,N,1,0,0,0,0,0,0,0,0,0,0,1,0,1,0,0,0
SCHNEOT01,1948,Otto,Schnellbacher,TOT,N,43,0,275,0,0,0,64,0,0,0,109,280,93,133,89,0,0
SCHNEOT01,1948,Otto,Schnellbacher,SL1,N,20,0,173,0,0,0,45,0,0,0,61,162,59,79,55,0,0
SCHNEOT01,1948,Otto,Schnellbacher,PRO,N,23,0,102,0,0,0,19,0,0,0,48,118,34,54,34,0,0
SCHULDI01,1948,Dick,Schulz,WSC,N,50,0,195,0,0,0,53,0,0,0,107,278,65,91,65,0,0
SCOLAFR01,1948,Freddie,Scolari,WSC,N,48,0,538,0,0,0,100,0,0,0,150,633,196,183,146,0,0
SEMINJI01,1948,Jim,Seminoff,BOS,N,58,0,457,0,0,0,229,0,0,0,195,487,153,219,151,0,0
SENESGE01,1948,George,Senesky,PH1,N,60,0,387,0,0,0,233,0,0,0,133,516,138,152,111,0,0
SHANNEA01,1948,Earl,Shannon,PRO,N,27,0,102,0,0,0,40,0,0,0,31,116,32,54,38,0,0
SHANNEA01,1948,Earl,Shannon,TOT,N,32,0,107,0,0,0,44,0,0,0,33,127,34,58,39,0,0
SHANNEA01,1948,Earl,Shannon,BOS,N,5,0,5,0,0,0,4,0,0,0,2,11,2,4,1,0,0
SHANNHO01,1948,Howie,Shannon,PRO,N,55,0,736,0,0,0,125,0,0,0,154,802,292,189,152,0,0
SHRIDDI01,1948,Dick,Shrider,NYK,N,4,0,1,0,0,0,2,0,0,0,2,0,0,3,1,0,0
SIMMOCO01,1948,Connie,Simmons,BA1,N,60,0,779,0,0,0,116,0,0,0,215,794,299,265,181,0,0
SMAWLBE01,1948,Belus,Smawley,ST1,N,59,0,914,0,0,0,183,0,0,0,145,946,352,281,210,0,0
SMILEJA01,1948,Jack,Smiley,FTW,N,59,0,394,0,0,0,138,0,0,0,202,571,141,164,112,0,0
SMITHDO03,1948,Donald,Smith,MIE,N,8,0,6,0,0,0,2,0,0,0,6,13,2,3,2,0,0
SPEAROD01,1948,Odie,Spears,CH1,N,57,0,531,0,0,0,97,0,0,0,200,631,200,197,131,0,0
SPECTAR01,1948,Art,Spector,BOS,N,59,0,324,0,0,0,77,0,0,0,111,434,130,116,64,0,0
SPRINJI01,1948,Jim,Springer,INJ,N,2,0,1,0,0,0,0,0,0,0,0,0,0,1,1,0,0
SPRUIJI01,1948,Jim,Spruill,INJ,N,1,0,2,0,0,0,0,0,0,0,3,3,1,0,0,0,0
STUMPGE01,1948,Gene,Stump,BOS,N,56,0,478,0,0,0,56,0,0,0,102,580,193,129,92,0,0
STUTZST01,1948,Stan,Stutz,BA1,N,59,0,373,0,0,0,82,0,0,0,149,431,121,159,131,0,0
TANNESI01,1948,Sid,Tannenbaum,TOT,N,46,0,391,0,0,0,125,0,0,0,74,501,146,120,99,0,0
TANNESI01,1948,Sid,Tannenbaum,BA1,N,14,0,134,0,0,0,54,0,0,0,21,162,50,43,34,0,0
TANNESI01,1948,Sid,Tannenbaum,NYK,N,32,0,257,0,0,0,71,0,0,0,53,339,96,77,65,0,0
TIDRIHO01,1948,Howard,Tidrick,BA1,N,53,0,514,0,0,0,90,0,0,0,173,549,182,187,150,0,0
TIDRIHO01,1948,Howard,Tidrick,TOT,N,61,0,552,0,0,0,101,0,0,0,191,616,194,205,164,0,0
TIDRIHO01,1948,Howard,Tidrick,INJ,N,8,0,38,0,0,0,11,0,0,0,18,67,12,18,14,0,0
TINGLJA01,1948,Jack,Tingle,MIE,N,2,0,2,0,0,0,1,0,0,0,2,6,1,0,0,0,0
TONKOAN01,1948,Andy,Tonkovich,PRO,N,17,0,44,0,0,0,10,0,0,0,12,71,19,9,6,0,0
TOOMAJA01,1948,Jack,Toomay,WSC,N,13,0,25,0,0,0,1,0,0,0,16,21,8,12,9,0,0
TOOMAJA01,1948,Jack,Toomay,TOT,N,36,0,100,0,0,0,12,0,0,0,65,84,32,53,36,0,0
TOOMAJA01,1948,Jack,Toomay,BA1,N,23,0,75,0,0,0,11,0,0,0,49,63,24,41,27,0,0
TORGOIR01,1948,Irv,Torgoff,BA1,N,29,0,133,0,0,0,32,0,0,0,77,178,45,56,43,0,0
TORGOIR01,1948,Irv,Torgoff,TOT,N,42,0,168,0,0,0,44,0,0,0,110,226,59,64,50,0,0
TORGOIR01,1948,Irv,Torgoff,PH1,N,13,0,35,0,0,0,12,0,0,0,33,48,14,8,7,0,0
TOUGHBO01,1948,Bob,Tough,FTW,N,53,0,466,0,0,0,99,0,0,0,101,661,183,138,100,0,0
TOWERWI01,1948,William,Towery,FTW,N,22,0,164,0,0,0,35,0,0,0,79,216,56,73,52,0,0
TOWERWI01,1948,William,Towery,TOT,N,60,0,601,0,0,0,171,0,0,0,243,771,203,263,195,0,0
TOWERWI01,1948,William,Towery,INJ,N,38,0,437,0,0,0,136,0,0,0,164,555,147,190,143,0,0
TRIPTDI01,1948,Dick,Triptow,FTW,N,55,0,334,0,0,0,96,0,0,0,107,417,116,141,102,0,0
VANBRBU01,1948,Butch,Vanbredakolff,NYK,N,59,0,415,0,0,0,143,0,0,0,148,401,127,240,161,0,0
VANCEGE01,1948,Gene,Vance,CH1,N,56,0,575,0,0,0,167,0,0,0,217,657,222,181,131,0,0
WALKEBR01,1948,Brady,Walker,PRO,N,59,0,491,0,0,0,68,0,0,0,100,556,202,155,87,0,0
WANZEBO01,1948,Bobby,Wanzer,ROC,N,60,0,613,0,0,0,186,0,0,0,132,533,202,254,209,0,0
WEHRDI01,1948,Dick,Wehr,INJ,N,9,0,12,0,0,0,3,0,0,0,12,21,5,6,2,0,0
WILCUDC01,1948,D.c.,Wilcutt,ST1,N,22,0,51,0,0,0,31,0,0,0,9,51,18,18,15,0,0
WILLIWA02,1948,Ward,Williams,FTW,N,53,0,215,0,0,0,82,0,0,0,158,257,61,124,93,0,0
ZASLOMA01,1948,Max,Zaslofsky,CH1,N,58,0,1197,0,0,0,149,0,0,0,156,1216,425,413,347,0,0
ZUNICMA01,1948,Matt,Zunic,WSC,N,56,0,273,0,0,0,50,0,0,0,182,323,98,109,77,0,0
ARMSTPA01,1949,Paul,Armstrong,FTW,N,63,0,458,0,0,0,176,0,0,0,217,516,144,241,170,0,0
BARKECL01,1949,Cliff,Barker,INI,N,49,0,279,0,0,0,109,0,0,0,99,274,102,106,75,0,0
BARNHLE01,1949,Leo,Barnhorst,CH1,N,67,0,438,0,0,0,140,0,0,0,192,499,174,129,90,0,0
BARTEED01,1949,Ed,Bartels,NYK,N,2,0,4,0,0,0,0,0,0,0,2,4,1,3,2,0,0
BARTEED01,1949,Ed,Bartels,TOT,N,15,0,63,0,0,0,20,0,0,0,29,86,22,34,19,0,0
BARTEED01,1949,Ed,Bartels,DN1,N,13,0,59,0,0,0,20,0,0,0,27,82,21,31,17,0,0
BEARDRA01,1949,Ralph,Beard,INI,N,60,0,895,0,0,0,233,0,0,0,132,936,340,282,215,0,0
BERCEGE01,1949,Gene,Berce,TRI,N,3,0,10,0,0,0,2,0,0,0,6,16,5,5,0,0,0
BLACKCH01,1949,Charlie,Black,AND,N,29,0,279,0,0,0,88,0,0,0,133,378,101,112,77,0,0
BLACKCH01,1949,Charlie,Black,FTW,N,36,0,382,0,0,0,75,0,0,0,140,435,125,209,132,0,0
BLACKCH01,1949,Charlie,Black,TOT,N,65,0,661,0,0,0,163,0,0,0,273,813,226,321,209,0,0
BOBBNE01,1949,Nelson,Bobb,PH1,N,57,0,242,0,0,0,46,0,0,0,97,248,80,131,82,0,0
BORNHJA01,1949,Jake,Bornheimer,PH1,N,60,0,254,0,0,0,40,0,0,0,111,305,88,117,78,0,0
BORYLVI01,1949,Vince,Boryla,NYK,N,59,0,612,0,0,0,95,0,0,0,203,600,204,267,204,0,0
BOVENDO01,1949,Don,Boven,WAT,N,62,0,656,0,0,0,137,0,0,0,255,558,208,349,240,0,0
BOYKOHA01,1949,Harry,Boykoff,WAT,N,61,0,779,0,0,0,149,0,0,0,229,698,288,262,203,0,0
BRADLJO01,1949,Joe,Bradley,CH1,N,46,0,87,0,0,0,36,0,0,0,51,134,36,38,15,0,0
BRANNBO01,1949,Bob,Brannum,SHE,N,59,0,713,0,0,0,205,0,0,0,279,718,234,355,245,0,0
BRAUNCA01,1949,Carl,Braun,NYK,N,67,0,1031,0,0,0,247,0,0,0,188,1024,373,374,285,0,0
BRIANFR01,1949,Frank,Brian,AND,N,64,0,1138,0,0,0,189,0,0,0,192,1156,368,488,402,0,0
BROOKPR01,1949,Price,Brookfield,ROC,N,7,0,34,0,0,0,1,0,0,0,7,23,11,13,12,0,0
BROWNBO01,1949,Bob,Brown,DN1,N,62,0,724,0,0,0,101,0,0,0,269,764,276,252,172,0,0
BROWNJI01,1949,Jim,Browne,DN1,N,31,0,47,0,0,0,8,0,0,0,16,48,17,27,13,0,0
BUDKOWA01,1949,Walter,Budko,BA1,N,66,0,595,0,0,0,146,0,0,0,259,652,198,263,199,0,0
BURMAJA01,1949,Jack,Burmaster,SHE,N,61,0,598,0,0,0,179,0,0,0,237,711,237,182,124,0,0
BYRNETO01,1949,Tommy,Byrnes,BA1,N,53,0,327,0,0,0,88,0,0,0,76,397,120,124,87,0,0
CALHOBI01,1949,Bill,Calhoun,ROC,N,62,0,560,0,0,0,115,0,0,0,100,549,207,203,146,0,0
CARLSDO01,1949,Don,Carlson,MIE,N,57,0,267,0,0,0,76,0,0,0,126,290,99,95,69,0,0
CARPEBO01,1949,Bob,Carpenter,FTW,N,66,0,614,0,0,0,92,0,0,0,168,617,212,256,190,0,0
CARTEJA01,1949,Jake,Carter,AND,N,11,0,38,0,0,0,8,0,0,0,32,30,10,27,18,0,0
CARTEJA01,1949,Jake,Carter,TOT,N,24,0,82,0,0,0,24,0,0,0,59,75,23,53,36,0,0
CARTEJA01,1949,Jake,Carter,DN1,N,13,0,44,0,0,0,16,0,0,0,27,45,13,26,18,0,0
CERVIAL01,1949,Al,Cervi,SYR,N,56,0,573,0,0,0,264,0,0,0,223,431,143,346,287,0,0
CHANEJO01,1949,John,Chaney,TRI,N,6,0,28,0,0,0,15,0,0,0,13,37,10,12,8,0,0
CHANEJO01,1949,John,Chaney,SHE,N,10,0,42,0,0,0,5,0,0,0,10,49,15,17,12,0,0
CHANEJO01,1949,John,Chaney,TOT,N,16,0,70,0,0,0,20,0,0,0,23,86,25,29,20,0,0
CHOLLLE01,1949,Leroy,Chollet,SYR,N,49,0,157,0,0,0,37,0,0,0,52,179,61,56,35,0,0
CLOSSBI01,1949,Bill,Closs,AND,N,64,0,752,0,0,0,160,0,0,0,190,898,283,259,186,0,0
CLOYDPA01,1949,Paul,Cloyd,BA1,N,3,0,5,0,0,0,1,0,0,0,4,8,1,3,3,0,0
CLOYDPA01,1949,Paul,Cloyd,TOT,N,7,0,19,0,0,0,2,0,0,0,5,26,7,8,5,0,0
CLOYDPA01,1949,Paul,Cloyd,WAT,N,4,0,14,0,0,0,1,0,0,0,1,18,6,5,2,0,0
COLEMJA01,1949,Jack,Coleman,ROC,N,68,0,590,0,0,0,153,0,0,0,223,663,250,121,90,0,0
COOKBO01,1949,Bobby,Cook,SHE,N,51,0,587,0,0,0,158,0,0,0,114,620,222,181,143,0,0
CORLERA01,1949,Ray,Corley,SYR,N,60,0,309,0,0,0,109,0,0,0,81,370,117,122,75,0,0
COTTOJA01,1949,Jack,Cotton,DN1,N,54,0,276,0,0,0,65,0,0,0,184,332,97,161,82,0,0
CROCKDI01,1949,Dillard,Crocker,DN1,N,53,0,723,0,0,0,85,0,0,0,223,840,245,317,233,0,0
CROSSFR01,1949,Francis,Crossin,PH1,N,64,0,449,0,0,0,148,0,0,0,139,574,185,101,79,0,0
CURRAFR01,1949,Fran,Curran,ROC,N,66,0,395,0,0,0,71,0,0,0,113,235,98,241,199,0,0
DARDEJI01,1949,Jimmy,Darden,DN1,N,26,0,211,0,0,0,67,0,0,0,67,243,78,80,55,0,0
DAVIEBO01,1949,Bob,Davies,ROC,N,64,0,895,0,0,0,294,0,0,0,187,887,317,347,261,0,0
DILLOJO01,1949,John,Dillon,WSC,N,22,0,36,0,0,0,5,0,0,0,19,55,10,22,16,0,0
DODDEA01,1949,Earl,Dodd,DN1,N,9,0,15,0,0,0,6,0,0,0,13,27,6,5,3,0,0
DOLHOJO01,1949,Joe,Dolhon,BA1,N,64,0,443,0,0,0,155,0,0,0,193,458,143,214,157,0,0
DOLLBO01,1949,Bob,Doll,BOS,N,47,0,315,0,0,0,108,0,0,0,117,347,120,114,75,0,0
DONOVHA01,1949,Harry,Donovan,NYK,N,45,0,253,0,0,0,38,0,0,0,107,275,90,106,73,0,0
DUNCAAN01,1949,Andy,Duncan,ROC,N,67,0,310,0,0,0,42,0,0,0,160,289,125,108,60,0,0
EDDLETH01,1949,Thomas,Eddleman,TRI,N,64,0,826,0,0,0,142,0,0,0,254,906,332,260,162,0,0
ENGLUGE01,1949,Gene,Englund,TRI,N,22,0,164,0,0,0,24,0,0,0,70,126,49,86,66,0,0
ENGLUGE01,1949,Gene,Englund,BOS,N,24,0,196,0,0,0,17,0,0,0,97,148,55,106,86,0,0
ENGLUGE01,1949,Gene,Englund,TOT,N,46,0,360,0,0,0,41,0,0,0,167,274,104,192,152,0,0
EVANSBO01,1949,Bob,Evans,INI,N,47,0,142,0,0,0,55,0,0,0,99,200,56,44,30,0,0
EZERSJO01,1949,Johnny,Ezersky,TOT,N,54,0,413,0,0,0,86,0,0,0,139,487,143,183,127,0,0
EZERSJO01,1949,Johnny,Ezersky,BOS,N,16,0,107,0,0,0,22,0,0,0,39,136,36,51,35,0,0
EZERSJO01,1949,Johnny,Ezersky,BA1,N,38,0,306,0,0,0,64,0,0,0,100,351,107,132,92,0,0
FEERIBO01,1949,Bob,Feerick,WSC,N,60,0,483,0,0,0,127,0,0,0,140,500,172,174,139,0,0
FEIGEGE01,1949,George,Feigenbaum,BA1,N,12,0,36,0,0,0,10,0,0,0,15,57,14,18,8,0,0
FERRIAR01,1949,Arnie,Ferrin,MIE,N,63,0,340,0,0,0,95,0,0,0,147,396,132,109,76,0,0
FLEISJE01,1949,Jerry,Fleishman,PH1,N,65,0,297,0,0,0,118,0,0,0,129,353,102,151,93,0,0
FULKSJO01,1949,Joe,Fulks,PH1,N,68,0,965,0,0,0,56,0,0,0,240,1209,336,421,293,0,0
GABORBI01,1949,Billy,Gabor,SYR,N,56,0,609,0,0,0,108,0,0,0,198,671,226,228,157,0,0
GAINEEL01,1949,Elmer,Gainer,WAT,N,15,0,24,0,0,0,7,0,0,0,28,35,9,8,6,0,0
GALLAHA01,1949,Harry,Gallatin,NYK,N,68,0,803,0,0,0,56,0,0,0,215,664,263,366,277,0,0
GARDNVE01,1949,Vern,Gardner,PH1,N,63,0,853,0,0,0,119,0,0,0,236,916,313,296,227,0,0
GATESFR01,1949,Frank,Gates,AND,N,64,0,287,0,0,0,91,0,0,0,147,402,113,98,61,0,0
GIBSODE01,1949,Dee,Gibson,TRI,N,44,0,281,0,0,0,126,0,0,0,113,245,77,177,127,0,0
GIBSOWA01,1949,Ward,Gibson,BOS,N,2,0,7,0,0,0,1,0,0,0,3,4,3,4,1,0,0
GIBSOWA01,1949,Ward,Gibson,WAT,N,30,0,169,0,0,0,36,0,0,0,103,191,64,60,41,0,0
GIBSOWA01,1949,Ward,Gibson,TOT,N,32,0,176,0,0,0,37,0,0,0,106,195,67,64,42,0,0
GILMUCH01,1949,Chuck,Gilmur,WSC,N,68,0,418,0,0,0,108,0,0,0,275,379,127,241,164,0,0
GLICKNO01,1949,Norman,Glick,MIE,N,1,0,2,0,0,0,0,0,0,0,1,1,1,0,0,0,0
GORDOPA01,1949,Paul,Gordon,BA1,N,4,0,3,0,0,0,3,0,0,0,3,6,0,5,3,0,0
GRABOJO01,1949,Joe,Graboski,CH1,N,57,0,203,0,0,0,37,0,0,0,95,247,75,89,53,0,0
GRANTBU01,1949,Bud,Grant,MIE,N,35,0,91,0,0,0,19,0,0,0,36,115,42,17,7,0,0
GRATEDO01,1949,Don,Grate,SHE,N,2,0,4,0,0,0,3,0,0,0,3,6,1,2,2,0,0
GROZAAL01,1949,Alex,Groza,INI,N,64,0,1496,0,0,0,162,0,0,0,221,1090,521,623,454,0,0
GUOKAAL01,1949,Al,Guokas,PH1,N,16,0,17,0,0,0,10,0,0,0,27,28,7,3,3,0,0
GUOKAAL01,1949,Al,Guokas,TOT,N,57,0,214,0,0,0,95,0,0,0,143,299,93,50,28,0,0
GUOKAAL01,1949,Al,Guokas,DN1,N,41,0,197,0,0,0,85,0,0,0,116,271,86,47,25,0,0
HAHNBO01,1949,Bob,Hahn,CH1,N,10,0,10,0,0,0,1,0,0,0,17,13,4,7,2,0,0
HALBECH01,1949,Chuck,Halbert,WSC,N,68,0,328,0,0,0,89,0,0,0,136,284,108,175,112,0,0
HALEBR01,1949,Bruce,Hale,INI,N,64,0,657,0,0,0,226,0,0,0,143,614,217,285,223,0,0
HAMILDA01,1949,Dale,Hamilton,WAT,N,14,0,25,0,0,0,17,0,0,0,30,33,8,19,9,0,0
HANNUAL01,1949,Alex,Hannum,SYR,N,64,0,482,0,0,0,129,0,0,0,264,488,177,186,128,0,0
HARGIJO01,1949,John,Hargis,AND,N,60,0,643,0,0,0,102,0,0,0,170,550,223,277,197,0,0
HARRIBO01,1949,Bob,Harris,FTW,N,62,0,476,0,0,0,129,0,0,0,190,465,168,223,140,0,0
HARRIBO02,1949,Bob,Harrison,MIE,N,66,0,300,0,0,0,131,0,0,0,175,348,125,74,50,0,0
HASSEBI01,1949,Billy,Hassett,TRI,N,18,0,161,0,0,0,68,0,0,0,54,157,46,94,69,0,0
HASSEBI01,1949,Billy,Hassett,MIE,N,42,0,111,0,0,0,69,0,0,0,82,145,38,67,35,0,0
HASSEBI01,1949,Billy,Hassett,TOT,N,60,0,272,0,0,0,137,0,0,0,136,302,84,161,104,0,0
HAWKIMA01,1949,Marshall,Hawkins,INI,N,39,0,152,0,0,0,51,0,0,0,87,195,55,61,42,0,0
HENRYBI01,1949,Bill,Henry,TOT,N,63,0,296,0,0,0,48,0,0,0,122,278,89,176,118,0,0
HENRYBI01,1949,Bill,Henry,TRI,N,19,0,82,0,0,0,9,0,0,0,23,69,24,51,34,0,0
HENRYBI01,1949,Bill,Henry,FTW,N,44,0,214,0,0,0,39,0,0,0,99,209,65,125,84,0,0
HERMABI01,1949,Bill,Herman,DN1,N,13,0,56,0,0,0,15,0,0,0,13,65,25,11,6,0,0
HERMSCL01,1949,Clarence,Hermsen,CH1,N,67,0,545,0,0,0,98,0,0,0,267,615,196,247,153,0,0
HERTZSI01,1949,Sidney,Hertzberg,BOS,N,68,0,693,0,0,0,200,0,0,0,153,865,275,191,143,0,0
HOFFMPA01,1949,Paul,Hoffman,BA1,N,60,0,866,0,0,0,161,0,0,0,234,914,312,364,242,0,0
HOLLAJO01,1949,Joe,Holland,INI,N,64,0,388,0,0,0,130,0,0,0,220,453,145,142,98,0,0
HOLZMRE01,1949,Red,Holzman,ROC,N,68,0,556,0,0,0,200,0,0,0,67,625,206,210,144,0,0
JAMESGE01,1949,Gene,James,NYK,N,29,0,52,0,0,0,20,0,0,0,53,64,19,31,14,0,0
JANOTHO01,1949,Howie,Janotta,BA1,N,9,0,31,0,0,0,4,0,0,0,10,30,9,16,13,0,0
JAROSTO01,1949,Tony,Jaros,MIE,N,61,0,240,0,0,0,60,0,0,0,106,289,84,96,72,0,0
JEANNBU01,1949,Buddy,Jeannette,BA1,N,37,0,193,0,0,0,93,0,0,0,82,148,42,133,109,0,0
JOHNSAR01,1949,Arnie,Johnson,ROC,N,68,0,498,0,0,0,141,0,0,0,260,376,149,294,200,0,0
JOHNSDA01,1949,David,Johnson,FTW,N,32,0,253,0,0,0,67,0,0,0,95,353,110,46,33,0,0
JOHNSDA01,1949,David,Johnson,AND,N,35,0,337,0,0,0,104,0,0,0,112,426,133,83,71,0,0
JOHNSDA01,1949,David,Johnson,TOT,N,67,0,590,0,0,0,171,0,0,0,207,779,243,129,104,0,0
JONESWA02,1949,Wallace,Jones,INI,N,60,0,751,0,0,0,194,0,0,0,241,706,264,297,223,0,0
JORGENO01,1949,Noble,Jorgensen,SHE,N,54,0,704,0,0,0,90,0,0,0,201,618,218,350,268,0,0
KAFTAGE01,1949,George,Kaftan,BOS,N,55,0,534,0,0,0,145,0,0,0,92,535,199,208,136,0,0
KATKALE01,1949,Leo,Katkaveck,WSC,N,54,0,236,0,0,0,68,0,0,0,102,330,101,56,34,0,0
KERRIJA01,1949,Jack,Kerris,TRI,N,4,0,26,0,0,0,8,0,0,0,13,26,8,12,10,0,0
KERRIJA01,1949,Jack,Kerris,FTW,N,64,0,457,0,0,0,110,0,0,0,162,455,149,248,159,0,0
KERRIJA01,1949,Jack,Kerris,TOT,N,68,0,483,0,0,0,118,0,0,0,175,481,157,260,169,0,0
KINNEBO01,1949,Bob,Kinney,BOS,N,60,0,667,0,0,0,100,0,0,0,251,621,233,320,201,0,0
KIRKWA01,1949,Walt,Kirk,AND,N,26,0,119,0,0,0,43,0,0,0,63,125,31,83,57,0,0
KIRKWA01,1949,Walt,Kirk,TOT,N,58,0,349,0,0,0,103,0,0,0,155,361,97,216,155,0,0
KIRKWA01,1949,Walt,Kirk,TRI,N,32,0,230,0,0,0,60,0,0,0,92,236,66,133,98,0,0
KLIERLE01,1949,Leo,Klier,FTW,N,66,0,455,0,0,0,121,0,0,0,177,516,157,190,141,0,0
KLUEHDU01,1949,Duane,Klueh,DN1,N,33,0,331,0,0,0,63,0,0,0,73,302,110,153,111,0,0
KLUEHDU01,1949,Duane,Klueh,FTW,N,19,0,144,0,0,0,28,0,0,0,38,112,49,69,46,0,0
KLUEHDU01,1949,Duane,Klueh,TOT,N,52,0,475,0,0,0,91,0,0,0,111,414,159,222,157,0,0
KNORELE01,1949,Lee,Knorek,BA1,N,1,0,0,0,0,0,0,0,0,0,4,2,0,0,0,0,0
KOMENMI01,1949,Milo,Komenich,AND,N,64,0,634,0,0,0,124,0,0,0,246,861,244,250,146,0,0
KUBIALE01,1949,Leo,Kubiak,WAT,N,62,0,710,0,0,0,201,0,0,0,250,794,259,236,192,0,0
KUDELFR01,1949,Frank,Kudelka,CH1,N,65,0,433,0,0,0,132,0,0,0,198,528,172,140,89,0,0
LAUTEWA01,1949,Walt,Lautenbach,SHE,N,55,0,238,0,0,0,73,0,0,0,122,332,100,55,38,0,0
LAVELTO01,1949,Tony,Lavelli,BOS,N,56,0,492,0,0,0,40,0,0,0,107,436,162,197,168,0,0
LEEDEED01,1949,Ed,Leede,BOS,N,64,0,571,0,0,0,130,0,0,0,167,507,174,316,223,0,0
LEVANAN01,1949,Andrew,Levane,SYR,N,60,0,332,0,0,0,156,0,0,0,106,418,139,85,54,0,0
LEWISFR02,1949,Fred,Lewis,PH1,N,16,0,54,0,0,0,7,0,0,0,17,74,21,13,12,0,0
LEWISFR02,1949,Fred,Lewis,BA1,N,18,0,63,0,0,0,18,0,0,0,23,110,25,19,13,0,0
LEWISFR02,1949,Fred,Lewis,TOT,N,34,0,117,0,0,0,25,0,0,0,40,184,46,32,25,0,0
LIVINRO01,1949,Ron,Livingstone,TOT,N,54,0,448,0,0,0,141,0,0,0,260,579,163,177,122,0,0
LIVINRO01,1949,Ron,Livingstone,PH1,N,38,0,363,0,0,0,117,0,0,0,206,477,138,131,87,0,0
LIVINRO01,1949,Ron,Livingstone,BA1,N,16,0,85,0,0,0,24,0,0,0,54,102,25,46,35,0,0
LOGANJO01,1949,Johnny,Logan,ST1,N,62,0,755,0,0,0,240,0,0,0,206,759,251,323,253,0,0
LUMPPRA01,1949,Ray,Lumpp,NYK,N,58,0,268,0,0,0,90,0,0,0,117,283,91,108,86,0,0
MACAUED01,1949,Ed,Macauley,ST1,N,67,0,1081,0,0,0,200,0,0,0,221,882,351,528,379,0,0
MACKNJO01,1949,Johnny,Macknowski,SYR,N,59,0,439,0,0,0,65,0,0,0,128,463,154,178,131,0,0
MAHNKJO01,1949,John,Mahnken,FTW,N,2,0,7,0,0,0,2,0,0,0,8,8,3,3,1,0,0
MAHNKJO01,1949,John,Mahnken,BOS,N,24,0,111,0,0,0,42,0,0,0,74,168,44,36,23,0,0
MAHNKJO01,1949,John,Mahnken,TRI,N,36,0,223,0,0,0,64,0,0,0,149,319,85,76,53,0,0
MAHNKJO01,1949,John,Mahnken,TOT,N,62,0,341,0,0,0,108,0,0,0,231,495,132,115,77,0,0
MANDIJO01,1949,John,Mandic,TOT,N,25,0,66,0,0,0,8,0,0,0,54,75,22,32,22,0,0
MANDIJO01,1949,John,Mandic,BA1,N,3,0,4,0,0,0,1,0,0,0,7,10,1,2,2,0,0
MANDIJO01,1949,John,Mandic,WSC,N,22,0,62,0,0,0,7,0,0,0,47,65,21,30,20,0,0
MARTISL01,1949,Slater,Martin,MIE,N,67,0,271,0,0,0,148,0,0,0,162,302,106,93,59,0,0
MAUGHAR01,1949,Ariel,Maughan,ST1,N,68,0,477,0,0,0,101,0,0,0,174,574,160,205,157,0,0
MAZZAMA01,1949,Matt,Mazza,SHE,N,26,0,98,0,0,0,29,0,0,0,34,110,33,45,32,0,0
MCCARMI01,1949,Mike,Mccarron,BA1,N,3,0,4,0,0,0,1,0,0,0,5,5,1,3,2,0,0
MCCARMI01,1949,Mike,Mccarron,SL1,N,5,0,5,0,0,0,2,0,0,0,0,10,2,2,1,0,0
MCCARMI01,1949,Mike,Mccarron,TOT,N,8,0,9,0,0,0,3,0,0,0,5,15,3,5,3,0,0
MCGUIDI01,1949,Dick,Mcguire,NYK,N,68,0,584,0,0,0,386,0,0,0,160,563,190,313,204,0,0
MCKINHO01,1949,Horace,Mckinney,WSC,N,53,0,492,0,0,0,88,0,0,0,185,631,187,152,118,0,0
MCMULMA01,1949,Malcolm,Mcmullan,INI,N,58,0,323,0,0,0,87,0,0,0,212,380,123,141,77,0,0
MEHENDI01,1949,Dick,Mehen,WAT,N,62,0,892,0,0,0,191,0,0,0,203,826,347,281,198,0,0
MENKEKE01,1949,Ken,Menke,WAT,N,6,0,15,0,0,0,7,0,0,0,7,17,6,8,3,0,0
MIASEST01,1949,Stan,Miasek,CH1,N,68,0,498,0,0,0,75,0,0,0,264,462,176,221,146,0,0
MIKANED01,1949,Ed,Mikan,TOT,N,65,0,270,0,0,0,42,0,0,0,143,321,89,120,92,0,0
MIKANED01,1949,Ed,Mikan,CH1,N,21,0,107,0,0,0,14,0,0,0,48,127,31,58,45,0,0
MIKANED01,1949,Ed,Mikan,ROC,N,44,0,163,0,0,0,28,0,0,0,95,194,58,62,47,0,0
MIKANGE01,1949,George,Mikan,MIE,N,68,0,1865,0,0,0,197,0,0,0,297,1595,649,728,567,0,0
MIKKEVE01,1949,Vern,Mikkelsen,MIE,N,68,0,791,0,0,0,123,0,0,0,222,722,288,286,215,0,0
MIKSIAL01,1949,Al,Miksis,WAT,N,8,0,27,0,0,0,4,0,0,0,22,21,5,21,17,0,0
MITCHMU01,1949,Murray,Mitchell,AND,N,2,0,2,0,0,0,2,0,0,0,1,3,1,0,0,0,0
MOGUSLE01,1949,Leo,Mogus,PH1,N,64,0,562,0,0,0,99,0,0,0,169,434,172,300,218,0,0
MORRIMA01,1949,Max,Morris,SHE,N,62,0,781,0,0,0,194,0,0,0,172,694,252,415,277,0,0
MULLAJO01,1949,Joe,Mullaney,BOS,N,37,0,30,0,0,0,52,0,0,0,30,70,9,15,12,0,0
NAGELJE01,1949,Jerry,Nagel,FTW,N,14,0,13,0,0,0,18,0,0,0,11,28,6,4,1,0,0
NICHOJA01,1949,Jack,Nichols,TRI,N,18,0,236,0,0,0,61,0,0,0,61,219,82,90,72,0,0
NICHOJA01,1949,Jack,Nichols,WSC,N,49,0,643,0,0,0,81,0,0,0,118,629,228,254,187,0,0
NICHOJA01,1949,Jack,Nichols,TOT,N,67,0,879,0,0,0,142,0,0,0,179,848,310,344,259,0,0
NIEMIJO01,1949,John,Niemiera,TOT,N,60,0,324,0,0,0,116,0,0,0,77,350,110,139,104,0,0
NIEMIJO01,1949,John,Niemiera,AND,N,29,0,150,0,0,0,55,0,0,0,35,143,51,66,48,0,0
NIEMIJO01,1949,John,Niemiera,FTW,N,31,0,174,0,0,0,61,0,0,0,42,207,59,73,56,0,0
NOELPA01,1949,Paul,Noel,NYK,N,65,0,249,0,0,0,67,0,0,0,132,291,98,87,53,0,0
NOLANJI01,1949,Jim,Nolan,PH1,N,5,0,8,0,0,0,4,0,0,0,14,21,4,0,0,0,0
NORLAJO01,1949,Johnny,Norlander,WSC,N,40,0,251,0,0,0,33,0,0,0,71,293,99,85,53,0,0
NOSTRGE01,1949,George,Nostrand,TRI,N,1,0,12,0,0,0,1,0,0,0,1,10,5,5,2,0,0
NOSTRGE01,1949,George,Nostrand,CH1,N,36,0,92,0,0,0,11,0,0,0,71,125,37,35,18,0,0
NOSTRGE01,1949,George,Nostrand,BOS,N,18,0,108,0,0,0,17,0,0,0,46,120,36,59,36,0,0
NOSTRGE01,1949,George,Nostrand,TOT,N,55,0,212,0,0,0,29,0,0,0,118,255,78,99,56,0,0
NOVAKMI01,1949,Mike,Novak,TOT,N,60,0,99,0,0,0,61,0,0,0,139,149,37,47,25,0,0
NOVAKMI01,1949,Mike,Novak,PH1,N,55,0,96,0,0,0,57,0,0,0,129,138,36,46,24,0,0
NOVAKMI01,1949,Mike,Novak,ROC,N,5,0,3,0,0,0,4,0,0,0,10,11,1,1,1,0,0
OCONDE01,1949,Dermie,O'connell,SL1,N,24,0,92,0,0,0,27,0,0,0,29,150,39,31,14,0,0
OCONDE01,1949,Dermie,O'connell,BOS,N,37,0,177,0,0,0,64,0,0,0,62,275,72,58,33,0,0
OCONDE01,1949,Dermie,O'connell,TOT,N,61,0,269,0,0,0,91,0,0,0,91,425,111,89,47,0,0
ODONAN01,1949,Andy,O'donnell,BA1,N,25,0,90,0,0,0,17,0,0,0,32,108,38,18,14,0,0
OKEEDI01,1949,Dick,O'keefe,WSC,N,68,0,474,0,0,0,74,0,0,0,247,529,162,203,150,0,0
OLDHAJO01,1949,Johnny,Oldham,FTW,N,59,0,357,0,0,0,99,0,0,0,192,426,127,145,103,0,0
OLLRIGE01,1949,Gene,Ollrich,WAT,N,14,0,44,0,0,0,24,0,0,0,34,72,17,14,10,0,0
ORRJO01,1949,Johnny,Orr,TOT,N,34,0,92,0,0,0,20,0,0,0,34,118,40,14,12,0,0
ORRJO01,1949,Johnny,Orr,SL1,N,21,0,40,0,0,0,6,0,0,0,19,47,17,7,6,0,0
ORRJO01,1949,Johnny,Orr,WAT,N,13,0,52,0,0,0,14,0,0,0,15,71,23,7,6,0,0
OTTENDO01,1949,Don,Otten,TRI,N,46,0,556,0,0,0,73,0,0,0,180,451,165,315,226,0,0
OTTENDO01,1949,Don,Otten,TOT,N,64,0,825,0,0,0,91,0,0,0,246,648,242,463,341,0,0
OTTENDO01,1949,Don,Otten,WSC,N,18,0,269,0,0,0,18,0,0,0,66,197,77,148,115,0,0
OTTENMA01,1949,Mac,Otten,TOT,N,59,0,142,0,0,0,36,0,0,0,119,155,51,81,40,0,0
OTTENMA01,1949,Mac,Otten,TRI,N,12,0,39,0,0,0,11,0,0,0,27,34,12,22,15,0,0
OTTENMA01,1949,Mac,Otten,SL1,N,47,0,103,0,0,0,25,0,0,0,92,121,39,59,25,0,0
OWENSJA01,1949,James,Owens,TRI,N,26,0,124,0,0,0,32,0,0,0,65,137,42,59,40,0,0
OWENSJA01,1949,James,Owens,TOT,N,61,0,240,0,0,0,73,0,0,0,152,288,86,101,68,0,0
OWENSJA01,1949,James,Owens,AND,N,35,0,116,0,0,0,41,0,0,0,87,151,44,42,28,0,0
PARHAES01,1949,Estes,Parham,ST1,N,66,0,362,0,0,0,132,0,0,0,158,421,137,178,88,0,0
PARKIJA01,1949,Jack,Parkinson,INI,N,4,0,3,0,0,0,2,0,0,0,3,12,1,1,1,0,0
PARSLCH01,1949,Charlie,Parsley,PH1,N,9,0,22,0,0,0,8,0,0,0,7,31,8,7,6,0,0
PATRIST01,1949,Stan,Patrick,TOT,N,53,0,321,0,0,0,74,0,0,0,76,294,116,147,89,0,0
PATRIST01,1949,Stan,Patrick,SHE,N,19,0,93,0,0,0,33,0,0,0,33,107,37,39,19,0,0
PATRIST01,1949,Stan,Patrick,WAT,N,34,0,228,0,0,0,41,0,0,0,43,187,79,108,70,0,0
PAYAKJO01,1949,Johnny,Payak,PH1,N,17,0,37,0,0,0,8,0,0,0,18,32,12,21,13,0,0
PAYAKJO01,1949,Johnny,Payak,WAT,N,35,0,280,0,0,0,78,0,0,0,95,299,86,152,108,0,0
PAYAKJO01,1949,Johnny,Payak,TOT,N,52,0,317,0,0,0,86,0,0,0,113,331,98,173,121,0,0
PERKIWA01,1949,Warren,Perkins,TRI,N,60,0,371,0,0,0,114,0,0,0,260,422,128,195,115,0,0
PETERED01,1949,Ed,Peterson,SYR,N,62,0,445,0,0,0,33,0,0,0,198,390,167,185,111,0,0
PHELAJA01,1949,Jack,Phelan,WAT,N,15,0,61,0,0,0,16,0,0,0,48,69,24,24,13,0,0
PHELAJA01,1949,Jack,Phelan,SHE,N,40,0,165,0,0,0,41,0,0,0,103,199,63,66,39,0,0
PHELAJA01,1949,Jack,Phelan,TOT,N,55,0,226,0,0,0,57,0,0,0,151,268,87,90,52,0,0
PHILLAN01,1949,Andy,Phillip,CH1,N,65,0,758,0,0,0,377,0,0,0,210,814,284,270,190,0,0
POLLAJI01,1949,Jim,Pollard,MIE,N,66,0,973,0,0,0,252,0,0,0,143,1140,394,242,185,0,0
PRITCJO01,1949,John,Pritchard,WAT,N,7,0,22,0,0,0,8,0,0,0,14,29,9,11,4,0,0
PUGHLE01,1949,Les,Pugh,BA1,N,56,0,251,0,0,0,16,0,0,0,118,273,68,136,115,0,0
PUTMADO01,1949,Don,Putman,ST1,N,57,0,135,0,0,0,90,0,0,0,116,200,51,52,33,0,0
RATKOGE01,1949,George,Ratkovicz,SYR,N,62,0,535,0,0,0,124,0,0,0,201,439,162,348,211,0,0
RAYDO01,1949,Don,Ray,TRI,N,61,0,364,0,0,0,60,0,0,0,147,403,130,149,104,0,0
REISEJO01,1949,Joseph,Reiser,WSC,N,67,0,606,0,0,0,174,0,0,0,223,646,197,254,212,0,0
RISENAR01,1949,Arnie,Risen,ROC,N,62,0,625,0,0,0,92,0,0,0,228,598,206,321,213,0,0
RITTEGO01,1949,Goebel,Ritter,NYK,N,62,0,325,0,0,0,51,0,0,0,101,297,100,176,125,0,0
ROBERBI01,1949,Bill,Roberts,ST1,N,67,0,182,0,0,0,24,0,0,0,90,222,77,39,28,0,0
ROCHARE01,1949,Red,Rocha,ST1,N,65,0,770,0,0,0,155,0,0,0,257,679,275,313,220,0,0
ROLLIKE01,1949,Kenny,Rollins,CH1,N,66,0,354,0,0,0,131,0,0,0,129,421,144,89,66,0,0
ROYERBO01,1949,Bob,Royer,DN1,N,42,0,197,0,0,0,85,0,0,0,72,231,78,58,41,0,0
RULLOJE01,1949,Jerry,Rullo,PH1,N,4,0,7,0,0,0,2,0,0,0,2,9,3,1,1,0,0
SADOWED01,1949,Ed,Sadowski,PH1,N,17,0,146,0,0,0,39,0,0,0,63,153,47,75,52,0,0
SADOWED01,1949,Ed,Sadowski,TOT,N,69,0,872,0,0,0,136,0,0,0,244,922,299,373,274,0,0
SADOWED01,1949,Ed,Sadowski,BA1,N,52,0,726,0,0,0,97,0,0,0,181,769,252,298,222,0,0
SAILOKE01,1949,Kenny,Sailors,DN1,N,57,0,987,0,0,0,229,0,0,0,242,944,329,456,329,0,0
SAULFR01,1949,Frank,Saul,ROC,N,49,0,182,0,0,0,28,0,0,0,33,183,74,47,34,0,0
SCHAEHE01,1949,Herm,Schaefer,MIE,N,65,0,330,0,0,0,203,0,0,0,104,314,122,101,86,0,0
SCHATMA01,1949,Marv,Schatzman,BA1,N,34,0,115,0,0,0,38,0,0,0,49,174,43,50,29,0,0
SCHAUFR01,1949,Fred,Schaus,FTW,N,68,0,972,0,0,0,176,0,0,0,232,996,351,330,270,0,0
SCHAYDO01,1949,Dolph,Schayes,SYR,N,64,0,1072,0,0,0,259,0,0,0,225,903,348,486,376,0,0
SCHOOMI01,1949,Milt,Schoon,SHE,N,62,0,496,0,0,0,84,0,0,0,190,366,150,300,196,0,0
SCHULDI01,1949,Dick,Schulz,TRI,N,8,0,41,0,0,0,8,0,0,0,12,45,13,21,15,0,0
SCHULDI01,1949,Dick,Schulz,WSC,N,13,0,43,0,0,0,10,0,0,0,27,45,12,28,19,0,0
SCHULDI01,1949,Dick,Schulz,SHE,N,29,0,125,0,0,0,48,0,0,0,67,122,38,61,49,0,0
SCHULDI01,1949,Dick,Schulz,TOT,N,50,0,209,0,0,0,66,0,0,0,106,212,63,110,83,0,0
SCHULHO01,1949,Howie,Schultz,TOT,N,67,0,554,0,0,0,169,0,0,0,244,671,179,282,196,0,0
SCHULHO01,1949,Howie,Schultz,FTW,N,32,0,271,0,0,0,81,0,0,0,119,355,96,122,79,0,0
SCHULHO01,1949,Howie,Schultz,AND,N,35,0,283,0,0,0,88,0,0,0,125,316,83,160,117,0,0
SCOLAFR01,1949,Freddie,Scolari,WSC,N,66,0,860,0,0,0,175,0,0,0,181,910,312,287,236,0,0
SEEWA01,1949,Wayne,See,WAT,N,61,0,320,0,0,0,143,0,0,0,147,303,113,135,94,0,0
SELBOGL01,1949,Glen,Selbo,SHE,N,13,0,42,0,0,0,23,0,0,0,15,51,10,29,22,0,0
SELTZRO01,1949,Rollie,Seltz,AND,N,34,0,266,0,0,0,64,0,0,0,72,309,93,104,80,0,0
SEMINJI01,1949,Jim,Seminoff,BOS,N,65,0,312,0,0,0,249,0,0,0,154,283,85,188,142,0,0
SENESGE01,1949,George,Senesky,PH1,N,68,0,611,0,0,0,264,0,0,0,164,709,227,223,157,0,0
SEYMOPA01,1949,Paul,Seymour,SYR,N,62,0,476,0,0,0,189,0,0,0,157,524,175,176,126,0,0
SHAEFCA01,1949,Carl,Shaeffer,INI,N,43,0,150,0,0,0,40,0,0,0,103,160,59,57,32,0,0
SHANNHO01,1949,Howie,Shannon,BOS,N,67,0,587,0,0,0,174,0,0,0,148,646,222,182,143,0,0
SHIPPCH01,1949,Charley,Shipp,WAT,N,23,0,107,0,0,0,46,0,0,0,46,137,35,51,37,0,0
SIMMOCO01,1949,Connie,Simmons,NYK,N,60,0,680,0,0,0,102,0,0,0,203,729,241,299,198,0,0
SMAWLBE01,1949,Belus,Smawley,ST1,N,61,0,834,0,0,0,215,0,0,0,160,832,287,314,260,0,0
SMILEJA01,1949,Jack,Smiley,WAT,N,47,0,308,0,0,0,147,0,0,0,158,314,92,177,124,0,0
SMILEJA01,1949,Jack,Smiley,TOT,N,59,0,332,0,0,0,161,0,0,0,193,364,98,201,136,0,0
SMILEJA01,1949,Jack,Smiley,AND,N,12,0,24,0,0,0,14,0,0,0,35,50,6,24,12,0,0
SOBEKGE01,1949,George,Sobek,SHE,N,60,0,346,0,0,0,95,0,0,0,158,251,95,205,156,0,0
SPEAROD01,1949,Odie,Spears,CH1,N,68,0,712,0,0,0,159,0,0,0,250,775,277,230,158,0,0
SPECTAR01,1949,Art,Spector,BOS,N,7,0,5,0,0,0,3,0,0,0,4,12,2,4,1,0,0
STANCED01,1949,Ed,Stanczak,AND,N,57,0,521,0,0,0,67,0,0,0,166,456,159,270,203,0,0
STUMPGE01,1949,Gene,Stump,TOT,N,49,0,163,0,0,0,44,0,0,0,59,213,63,54,37,0,0
STUMPGE01,1949,Gene,Stump,MIE,N,23,0,61,0,0,0,23,0,0,0,32,95,27,14,7,0,0
STUMPGE01,1949,Gene,Stump,WAT,N,26,0,102,0,0,0,21,0,0,0,27,118,36,40,30,0,0
TODORMA01,1949,Marko,Todorovich,SL1,N,14,0,97,0,0,0,19,0,0,0,47,116,31,56,35,0,0
TODORMA01,1949,Marko,Todorovich,TRI,N,51,0,695,0,0,0,188,0,0,0,183,736,232,314,231,0,0
TODORMA01,1949,Marko,Todorovich,TOT,N,65,0,792,0,0,0,207,0,0,0,230,852,263,370,266,0,0
TOOMAJA01,1949,Jack,Toomay,DN1,N,62,0,594,0,0,0,94,0,0,0,213,514,204,264,186,0,0
TOUGHBO01,1949,Bob,Tough,TOT,N,29,0,123,0,0,0,38,0,0,0,40,153,43,40,37,0,0
TOUGHBO01,1949,Bob,Tough,BA1,N,8,0,27,0,0,0,2,0,0,0,15,39,11,6,5,0,0
TOUGHBO01,1949,Bob,Tough,WAT,N,21,0,96,0,0,0,36,0,0,0,25,114,32,34,32,0,0
TOWERWI01,1949,William,Towery,BA1,N,68,0,597,0,0,0,142,0,0,0,244,678,222,202,153,0,0
TRIPTDI01,1949,Dick,Triptow,BA1,N,4,0,2,0,0,0,1,0,0,0,5,5,0,2,2,0,0
VANBRBU01,1949,Butch,Vanbredakolff,NYK,N,56,0,206,0,0,0,78,0,0,0,111,167,55,134,96,0,0
VANCEGE01,1949,Gene,Vance,TRI,N,35,0,306,0,0,0,121,0,0,0,145,325,110,120,86,0,0
VANDEER01,1949,Ernie,Vandeweghe,NYK,N,42,0,421,0,0,0,78,0,0,0,126,390,164,140,93,0,0
VOLKEFL01,1949,Floyd,Volker,INI,N,17,0,41,0,0,0,7,0,0,0,32,53,17,18,7,0,0
VOLKEFL01,1949,Floyd,Volker,DN1,N,37,0,356,0,0,0,105,0,0,0,137,474,146,111,64,0,0
VOLKEFL01,1949,Floyd,Volker,TOT,N,54,0,397,0,0,0,112,0,0,0,169,527,163,129,71,0,0
VONNIST01,1949,Stanley,Vonnieda,BA1,N,59,0,313,0,0,0,143,0,0,0,127,336,120,115,73,0,0
WAGERCL01,1949,Clint,Wager,FTW,N,63,0,143,0,0,0,90,0,0,0,175,203,57,47,29,0,0
WAGNEDA01,1949,Danny,Wagner,SHE,N,11,0,69,0,0,0,18,0,0,0,22,54,19,35,31,0,0
WALKEBR01,1949,Brady,Walker,BOS,N,68,0,508,0,0,0,109,0,0,0,100,583,218,114,72,0,0
WALTHPA01,1949,Paul,Walther,MIE,N,22,0,75,0,0,0,10,0,0,0,39,80,32,21,11,0,0
WALTHPA01,1949,Paul,Walther,TOT,N,53,0,291,0,0,0,56,0,0,0,123,290,114,109,63,0,0
WALTHPA01,1949,Paul,Walther,INI,N,31,0,216,0,0,0,46,0,0,0,84,210,82,88,52,0,0
WANZEBO01,1949,Bobby,Wanzer,ROC,N,67,0,791,0,0,0,214,0,0,0,102,614,254,351,283,0,0
WIERMU01,1949,Murray,Wier,TRI,N,56,0,429,0,0,0,107,0,0,0,141,480,157,166,115,0,0
WILCUDC01,1949,D.c.,Wilcutt,ST1,N,37,0,77,0,0,0,49,0,0,0,27,73,24,42,29,0,0
WOODBO01,1949,Bob,Wood,SHE,N,6,0,7,0,0,0,1,0,0,0,6,14,3,1,1,0,0
ZASLOMA01,1949,Max,Zaslofsky,CH1,N,68,0,1115,0,0,0,155,0,0,0,185,1132,397,381,321,0,0
ARIZIPA01,1950,Paul,Arizin,PH1,N,65,0,1121,0,0,640,138,0,0,0,284,864,352,526,417,0,0
ARMSTPA01,1950,Paul,Armstrong,FTW,N,38,0,202,0,0,89,77,0,0,0,87,232,72,90,58,0,0
BARKECL01,1950,Cliff,Barker,INI,N,56,0,152,0,0,100,115,0,0,0,98,202,51,77,50,0,0
BARNHLE01,1950,Leo,Barnhorst,INI,N,68,0,546,0,0,296,218,0,0,0,197,671,232,119,82,0,0
BARTEED01,1950,Ed,Bartels,WSC,N,17,0,72,0,0,84,12,0,0,0,54,97,24,46,24,0,0
BEACHED01,1950,Ed,Beach,TRI,N,12,0,22,0,0,25,3,0,0,0,14,38,8,9,6,0,0
BEARDRA01,1950,Ralph,Beard,INI,N,66,0,1111,0,0,251,318,0,0,0,96,1110,409,378,293,0,0
BLEVILE01,1950,Leon,Blevins,INI,N,3,0,2,0,0,2,1,0,0,0,3,4,1,1,0,0,0
BOBBNE01,1950,Nelson,Bobb,PH1,N,53,0,148,0,0,101,82,0,0,0,83,158,52,79,44,0,0
BORSACO01,1950,Costic,Borsavage,PH1,N,24,0,64,0,0,24,4,0,0,0,34,74,26,18,12,0,0
BORYLVI01,1950,Vince,Boryla,NYK,N,66,0,982,0,0,249,182,0,0,0,244,867,352,332,278,0,0
BOYKOHA01,1950,Harry,Boykoff,TRI,N,48,0,326,0,0,220,60,0,0,0,197,336,126,100,74,0,0
BRIANFR01,1950,Frank,Brian,TRI,N,68,0,1144,0,0,244,266,0,0,0,215,1127,363,508,418,0,0
BUDKOWA01,1950,Walter,Budko,BA1,N,64,0,496,0,0,452,135,0,0,0,203,464,165,223,166,0,0
BURRIAR01,1950,Art,Burris,FTW,N,33,0,77,0,0,106,27,0,0,0,51,113,28,36,21,0,0
BYRNETO01,1950,Tommy,Byrnes,TRI,N,48,0,221,0,0,72,69,0,0,0,86,275,83,84,55,0,0
CALABGE01,1950,Gerry,Calabrese,SYR,N,46,0,201,0,0,65,65,0,0,0,80,197,70,88,61,0,0
CALHOBI01,1950,Bill,Calhoun,ROC,N,66,0,511,0,0,199,99,0,0,0,87,506,175,228,161,0,0
CARLSDO01,1950,Don,Carlson,WSC,N,9,0,42,0,0,15,19,0,0,0,23,46,17,16,8,0,0
CARPEBO01,1950,Bob,Carpenter,TRI,N,56,0,323,0,0,229,79,0,0,0,115,355,109,128,105,0,0
CERVIAL01,1950,Al,Cervi,SYR,N,53,0,458,0,0,152,208,0,0,0,180,346,132,237,194,0,0
CHOLLLE01,1950,Leroy,Chollet,SYR,N,14,0,24,0,0,15,12,0,0,0,29,51,6,19,12,0,0
CHRISCA01,1950,Cal,Christensen,TRI,N,67,0,443,0,0,523,161,0,0,0,266,445,134,245,175,0,0
CLIFTNA01,1950,Nat,Clifton,NYK,N,65,0,562,0,0,491,162,0,0,0,269,656,211,263,140,0,0
CLOSSBI01,1950,Bill,Closs,PH1,N,65,0,570,0,0,401,110,0,0,0,156,631,202,223,166,0,0
COLEMJA01,1950,Jack,Coleman,ROC,N,67,0,764,0,0,584,197,0,0,0,193,749,315,172,134,0,0
COOPECH01,1950,Chuck,Cooper,BOS,N,66,0,615,0,0,562,174,0,0,0,219,601,207,267,201,0,0
CORLERA01,1950,Ray,Corley,TRI,N,18,0,74,0,0,43,38,0,0,0,26,85,29,29,16,0,0
COUSYBO01,1950,Bob,Cousy,BOS,N,69,0,1078,0,0,474,341,0,0,0,185,1138,401,365,276,0,0
DAVIEBO01,1950,Bob,Davies,ROC,N,63,0,955,0,0,197,287,0,0,0,208,877,326,381,303,0,0
DEZONHA01,1950,Hank,Dezonie,TRI,N,5,0,17,0,0,18,9,0,0,0,6,25,6,7,5,0,0
DOLHOJO01,1950,Joe,Dolhon,BA1,N,13,0,51,0,0,18,19,0,0,0,32,56,17,23,17,0,0
DONHABO01,1950,Bob,Donham,BOS,N,68,0,416,0,0,235,139,0,0,0,179,298,151,229,114,0,0
DUNCAAN01,1950,Andy,Duncan,BOS,N,14,0,29,0,0,30,8,0,0,0,27,40,7,22,15,0,0
EDDLETH01,1950,Thomas,Eddleman,TRI,N,68,0,1040,0,0,410,170,0,0,0,231,1120,398,349,244,0,0
ELLEFRA01,1950,Ray,Ellefson,NYK,N,3,0,4,0,0,8,0,0,0,0,6,4,0,4,4,0,0
FERRIAR01,1950,Arnie,Ferrin,MIE,N,68,0,352,0,0,271,107,0,0,0,220,373,119,164,114,0,0
FOUSTLA01,1950,Larry,Foust,FTW,N,68,0,915,0,0,681,90,0,0,0,247,944,327,396,261,0,0
FULKSJO01,1950,Joe,Fulks,PH1,N,66,0,1236,0,0,523,117,0,0,0,247,1358,429,442,378,0,0
GABORBI01,1950,Billy,Gabor,SYR,N,61,0,689,0,0,150,125,0,0,0,213,745,255,242,179,0,0
GALLAHA01,1950,Harry,Gallatin,NYK,N,66,0,845,0,0,800,180,0,0,0,244,705,293,354,259,0,0
GARDNVE01,1950,Vern,Gardner,PH1,N,61,0,327,0,0,237,89,0,0,0,149,383,129,97,69,0,0
GAYDAED01,1950,Ed,Gayda,TRI,N,14,0,54,0,0,38,13,0,0,0,32,42,18,23,18,0,0
GILMUCH01,1950,Chuck,Gilmur,WSC,N,16,0,51,0,0,75,17,0,0,0,57,61,17,32,17,0,0
GRANTBU01,1950,Bud,Grant,MIE,N,61,0,158,0,0,115,71,0,0,0,106,184,53,83,52,0,0
GROZAAL01,1950,Alex,Groza,INI,N,66,0,1429,0,0,709,156,0,0,0,237,1046,492,566,445,0,0
HALBECH01,1950,Chuck,Halbert,BA1,N,68,0,500,0,0,539,158,0,0,0,216,449,164,248,172,0,0
HALEBR01,1950,Bruce,Hale,INI,N,26,0,94,0,0,49,42,0,0,0,30,135,40,23,14,0,0
HANNUAL01,1950,Alex,Hannum,SYR,N,63,0,471,0,0,301,119,0,0,0,271,494,182,197,107,0,0
HARGIJO01,1950,John,Hargis,TRI,N,14,0,67,0,0,30,9,0,0,0,26,66,25,24,17,0,0
HARRIBO01,1950,Bob,Harris,BOS,N,56,0,282,0,0,291,64,0,0,0,157,295,98,127,86,0,0
HARRIBO02,1950,Bob,Harrison,MIE,N,68,0,401,0,0,172,195,0,0,0,218,432,150,128,101,0,0
HASSEBI01,1950,Billy,Hassett,BA1,N,31,0,133,0,0,35,47,0,0,0,72,160,45,63,43,0,0
HERMSCL01,1950,Clarence,Hermsen,BOS,N,71,0,533,0,0,448,92,0,0,0,261,644,189,237,155,0,0
HERTZSI01,1950,Sidney,Hertzberg,BOS,N,65,0,635,0,0,260,244,0,0,0,156,651,206,270,223,0,0
HOFFMPA01,1950,Paul,Hoffman,BA1,N,41,0,359,0,0,202,111,0,0,0,135,399,127,156,105,0,0
HOLLAJO01,1950,Joe,Holland,INI,N,67,0,470,0,0,344,150,0,0,0,228,594,196,137,78,0,0
HOLZMRE01,1950,Red,Holzman,ROC,N,68,0,496,0,0,152,147,0,0,0,94,561,183,179,130,0,0
HUTTOJO01,1950,Joe,Hutton,MIE,N,60,0,147,0,0,102,53,0,0,0,89,180,59,43,29,0,0
JAMESGE01,1950,Gene,James,BA1,N,48,0,202,0,0,141,70,0,0,0,118,235,79,71,44,0,0
JAROSTO01,1950,Tony,Jaros,MIE,N,63,0,241,0,0,131,72,0,0,0,131,287,88,103,65,0,0
JOHNSAR01,1950,Arnie,Johnson,ROC,N,68,0,639,0,0,449,175,0,0,0,290,403,185,371,269,0,0
JOHNSDA01,1950,David,Johnson,FTW,N,68,0,584,0,0,275,183,0,0,0,247,737,235,162,114,0,0
JONESWA02,1950,Wallace,Jones,INI,N,22,0,247,0,0,125,85,0,0,0,74,237,93,77,61,0,0
JORGENO01,1950,Noble,Jorgensen,SYR,N,63,0,628,0,0,338,91,0,0,0,237,600,223,265,182,0,0
KAFTAGE01,1950,George,Kaftan,NYK,N,61,0,300,0,0,153,74,0,0,0,102,286,111,125,78,0,0
KERRIJA01,1950,Jack,Kerris,FTW,N,68,0,711,0,0,477,181,0,0,0,253,689,255,295,201,0,0
KLUEHDU01,1950,Duane,Klueh,FTW,N,61,0,449,0,0,183,82,0,0,0,143,458,157,184,135,0,0
KUDELFR01,1950,Frank,Kudelka,BOS,N,62,0,441,0,0,158,105,0,0,0,211,518,179,119,83,0,0
LAVELTO01,1950,Tony,Lavelli,NYK,N,30,0,99,0,0,59,23,0,0,0,56,93,32,41,35,0,0
LAVOYBO01,1950,Bob,Lavoy,INI,N,63,0,526,0,0,310,76,0,0,0,190,619,221,133,84,0,0
LEEDEED01,1950,Ed,Leede,BOS,N,57,0,378,0,0,118,95,0,0,0,144,370,119,189,140,0,0
LIVINRO01,1950,Ron,Livingstone,PH1,N,63,0,284,0,0,297,76,0,0,0,220,353,104,109,76,0,0
LLOYDEA01,1950,Earl,Lloyd,WSC,N,7,0,43,0,0,47,11,0,0,0,26,35,16,13,11,0,0
LOFGRDO01,1950,Don,Lofgran,INI,N,61,0,237,0,0,157,36,0,0,0,132,270,79,127,79,0,0
LOGANJO01,1950,Johnny,Logan,TRI,N,29,0,224,0,0,134,127,0,0,0,66,257,81,83,62,0,0
LUMPPRA01,1950,Ray,Lumpp,NYK,N,64,0,430,0,0,125,115,0,0,0,160,379,153,160,124,0,0
MACAUED01,1950,Ed,Macauley,BOS,N,68,0,1384,0,0,616,252,0,0,0,205,985,459,614,466,0,0
MACKNJO01,1950,Johnny,Macknowski,SYR,N,58,0,384,0,0,110,69,0,0,0,134,435,131,170,122,0,0
MAGERNO01,1950,Norm,Mager,BA1,N,24,0,124,0,0,47,22,0,0,0,68,142,40,56,44,0,0
MAHNKJO01,1950,John,Mahnken,INI,N,58,0,267,0,0,219,77,0,0,0,164,351,111,70,45,0,0
MARTISL01,1950,Slater,Martin,MIE,N,68,0,575,0,0,246,235,0,0,0,199,627,227,177,121,0,0
MAUGHAR01,1950,Ariel,Maughan,WSC,N,35,0,257,0,0,141,48,0,0,0,91,250,78,120,101,0,0
MCGUIDI01,1950,Dick,Mcguire,NYK,N,64,0,537,0,0,334,400,0,0,0,154,482,179,276,179,0,0
MCKINHO01,1950,Horace,Mckinney,BOS,N,44,0,262,0,0,198,85,0,0,0,136,327,102,81,58,0,0
MCMULMA01,1950,Malcolm,Mcmullan,INI,N,51,0,204,0,0,128,33,0,0,0,109,277,78,82,48,0,0
MCNAMJO01,1950,Joe,Mcnamee,ROC,N,60,0,123,0,0,101,18,0,0,0,88,167,48,42,27,0,0
MEHENDI01,1950,Dick,Mehen,FTW,N,66,0,474,0,0,223,188,0,0,0,149,532,192,123,90,0,0
MIKANED01,1950,Ed,Mikan,PH1,N,61,0,523,0,0,344,63,0,0,0,194,556,193,189,137,0,0
MIKANGE01,1950,George,Mikan,MIE,N,68,0,1932,0,0,958,208,0,0,0,308,1584,678,717,576,0,0
MIKKEVE01,1950,Vern,Mikkelsen,MIE,N,64,0,904,0,0,655,181,0,0,0,260,893,359,275,186,0,0
MOGUSLE01,1950,Leo,Mogus,PH1,N,57,0,139,0,0,102,32,0,0,0,60,122,43,86,53,0,0
MRAZOCH01,1950,Chuck,Mrazovich,INI,N,23,0,76,0,0,33,12,0,0,0,48,73,24,46,28,0,0
MURRAKE01,1950,Ken,Murray,FTW,N,66,0,850,0,0,355,202,0,0,0,164,887,301,332,248,0,0
NICHOJA01,1950,Jack,Nichols,TRI,N,5,0,46,0,0,52,14,0,0,0,18,48,18,13,10,0,0
NOELPA01,1950,Paul,Noel,ROC,N,52,0,130,0,0,81,34,0,0,0,61,174,49,45,32,0,0
NORLAJO01,1950,Johnny,Norlander,WSC,N,9,0,21,0,0,9,5,0,0,0,14,19,6,14,9,0,0
OKEEDI01,1950,Dick,O'keefe,WSC,N,17,0,67,0,0,37,25,0,0,0,48,102,21,39,25,0,0
OKEETO01,1950,Tommy,O'keefe,WSC,N,6,0,23,0,0,7,10,0,0,0,5,28,10,4,3,0,0
OLDHAJO01,1950,Johnny,Oldham,FTW,N,68,0,569,0,0,242,127,0,0,0,242,597,199,292,171,0,0
OSHEKE01,1950,Kevin,O'shea,MIE,N,63,0,271,0,0,125,100,0,0,0,99,267,87,134,97,0,0
OTTENDO01,1950,Don,Otten,FTW,N,67,0,570,0,0,404,62,0,0,0,255,479,162,308,246,0,0
PARHAES01,1950,Estes,Parham,PH1,N,7,0,10,0,0,12,3,0,0,0,5,7,3,9,4,0,0
PERKIWA01,1950,Warren,Perkins,TRI,N,66,0,396,0,0,319,143,0,0,0,232,428,135,195,126,0,0
PETERED01,1950,Ed,Peterson,TRI,N,53,0,359,0,0,288,66,0,0,0,188,384,130,150,99,0,0
PHILLAN01,1950,Andy,Phillip,PH1,N,66,0,740,0,0,446,414,0,0,0,221,690,275,253,190,0,0
POLLAJI01,1950,Jim,Pollard,MIE,N,54,0,629,0,0,484,184,0,0,0,157,728,256,156,117,0,0
RATKOGE01,1950,George,Ratkovicz,SYR,N,66,0,849,0,0,547,193,0,0,0,256,636,264,439,321,0,0
REHFEDO01,1950,Don,Rehfeldt,BA1,N,59,0,431,0,0,251,68,0,0,0,146,426,164,139,103,0,0
RIFFEJI01,1950,Jim,Riffey,FTW,N,35,0,150,0,0,61,16,0,0,0,54,185,65,26,20,0,0
RISENAR01,1950,Arnie,Risen,ROC,N,66,0,1077,0,0,795,158,0,0,0,278,940,377,440,323,0,0
RITTEGO01,1950,Goebel,Ritter,NYK,N,34,0,127,0,0,65,37,0,0,0,52,103,39,71,49,0,0
ROCHARE01,1950,Red,Rocha,BA1,N,64,0,836,0,0,511,147,0,0,0,242,843,297,299,242,0,0
SAILOKE01,1950,Kenny,Sailors,BA1,N,60,0,493,0,0,120,150,0,0,0,196,533,181,180,131,0,0
SAULFR01,1950,Frank,Saul,ROC,N,65,0,282,0,0,84,68,0,0,0,85,310,105,105,72,0,0
SAWYEAL01,1950,Alan,Sawyer,WSC,N,33,0,217,0,0,125,25,0,0,0,75,215,87,54,43,0,0
SCHAUFR01,1950,Fred,Schaus,FTW,N,68,0,1028,0,0,495,184,0,0,0,240,918,312,484,404,0,0
SCHAYDO01,1950,Dolph,Schayes,SYR,N,66,0,1121,0,0,1080,251,0,0,0,271,930,332,608,457,0,0
SCHERHE01,1950,Herb,Scherer,TRI,N,20,0,68,0,0,50,17,0,0,0,56,84,24,35,20,0,0
SCHNIDI01,1950,Dick,Schnittker,WSC,N,29,0,293,0,0,153,42,0,0,0,76,219,85,139,123,0,0
SCOLAFR01,1950,Freddie,Scolari,SYR,N,66,0,883,0,0,218,255,0,0,0,183,923,302,331,279,0,0
SENESGE01,1950,George,Senesky,PH1,N,65,0,679,0,0,326,342,0,0,0,144,703,249,238,181,0,0
SEYMOPA01,1950,Paul,Seymour,SYR,N,51,0,367,0,0,194,187,0,0,0,138,385,125,159,117,0,0
SHAEFCA01,1950,Carl,Shaeffer,INI,N,10,0,15,0,0,10,6,0,0,0,15,22,6,3,3,0,0
SHARMBI01,1950,Bill,Sharman,WSC,N,31,0,378,0,0,96,39,0,0,0,86,361,141,108,96,0,0
SIMMOCO01,1950,Connie,Simmons,NYK,N,66,0,604,0,0,426,117,0,0,0,222,613,229,208,146,0,0
SMAWLBE01,1950,Belus,Smawley,BA1,N,60,0,731,0,0,178,161,0,0,0,145,663,252,267,227,0,0
STANCED01,1950,Ed,Stanczak,BOS,N,17,0,57,0,0,34,6,0,0,0,6,48,11,43,35,0,0
TODORMA01,1950,Marko,Todorovich,TRI,N,66,0,653,0,0,455,179,0,0,0,197,715,221,301,211,0,0
VANCEGE01,1950,Gene,Vance,TRI,N,28,0,131,0,0,88,53,0,0,0,91,110,44,61,43,0,0
VANDEER01,1950,Ernie,Vandeweghe,NYK,N,44,0,338,0,0,195,121,0,0,0,144,336,135,97,68,0,0
WALKEBR01,1950,Brady,Walker,BA1,N,66,0,400,0,0,354,111,0,0,0,82,416,164,103,72,0,0
WALTHPA01,1950,Paul,Walther,INI,N,63,0,571,0,0,226,225,0,0,0,201,634,213,209,145,0,0
WANZEBO01,1950,Bobby,Wanzer,ROC,N,68,0,736,0,0,232,181,0,0,0,129,628,252,273,232,0,0
ZASLOMA01,1950,Max,Zaslofsky,NYK,N,66,0,835,0,0,228,136,0,0,0,150,853,302,298,231,0,0
ARIZIPA01,1951,Paul,Arizin,PH1,N,66,2939,1674,0,0,745,170,0,0,0,250,1222,548,707,578,0,0
BARKECL01,1951,Cliff,Barker,INI,N,44,494,126,0,0,81,70,0,0,0,56,161,48,51,30,0,0
BARKSDO01,1951,Don,Barksdale,BA1,N,62,2014,781,0,0,601,137,0,0,0,230,804,272,343,237,0,0
BARNHLE01,1951,Leo,Barnhorst,INI,N,66,2344,820,0,0,430,255,0,0,0,196,897,349,187,122,0,0
BEHNKEL01,1951,Elmer,Behnke,MI1,N,4,55,16,0,0,17,4,0,0,0,13,22,6,7,4,0,0
BLACKCH01,1951,Charlie,Black,MI1,N,13,117,17,0,0,31,9,0,0,0,31,31,6,12,5,0,0
BOBBNE01,1951,Nelson,Bobb,PH1,N,62,1182,319,0,0,147,168,0,0,0,182,306,110,167,99,0,0
BORYLVI01,1951,Vince,Boryla,NYK,N,42,1440,500,0,0,219,90,0,0,0,121,522,202,115,96,0,0
BOVENDO01,1951,Don,Boven,MI1,N,66,1982,656,0,0,336,177,0,0,0,271,668,200,350,256,0,0
BRANNBO01,1951,Bob,Brannum,BOS,N,66,1324,405,0,0,406,76,0,0,0,235,404,149,171,107,0,0
BRIANFR01,1951,Frank,Brian,FTW,N,66,2672,1051,0,0,232,233,0,0,0,220,972,342,433,367,0,0
BROWNST01,1951,Stan,Brown,PH1,N,15,141,54,0,0,17,9,0,0,0,32,63,22,18,10,0,0
BUDKOWA01,1951,Walter,Budko,PH1,N,63,1126,254,0,0,232,91,0,0,0,196,240,97,89,60,0,0
BURRIAR01,1951,Art,Burris,MI1,N,41,514,110,0,0,99,27,0,0,0,49,156,42,39,26,0,0
CALABGE01,1951,Gerry,Calabrese,SYR,N,58,937,291,0,0,84,83,0,0,0,107,317,109,103,73,0,0
CALHOBI01,1951,Bill,Calhoun,BA1,N,55,1594,383,0,0,252,117,0,0,0,84,409,129,183,125,0,0
CERVIAL01,1951,Al,Cervi,SYR,N,55,850,417,0,0,87,148,0,0,0,176,280,99,248,219,0,0
CHRISCA01,1951,Cal,Christensen,MI1,N,24,374,88,0,0,82,34,0,0,0,47,96,29,57,30,0,0
CLIFTNA01,1951,Nat,Clifton,NYK,N,62,2101,658,0,0,731,209,0,0,0,227,729,244,256,170,0,0
CLOSSBI01,1951,Bill,Closs,FTW,N,57,1120,347,0,0,204,76,0,0,0,125,389,120,157,107,0,0
COLEMJA01,1951,Jack,Coleman,ROC,N,66,2606,736,0,0,692,208,0,0,0,218,742,308,169,120,0,0
COOPECH01,1951,Chuck,Cooper,BOS,N,66,1976,543,0,0,502,134,0,0,0,219,545,197,201,149,0,0
COUSYBO01,1951,Bob,Cousy,BOS,N,66,2681,1433,0,0,421,441,0,0,0,190,1388,512,506,409,0,0
CROCKDI01,1951,Dillard,Crocker,MI1,N,38,783,293,0,0,111,57,0,0,0,132,279,98,145,97,0,0
DAHLEED01,1951,Ed,Dahler,PH1,N,14,112,35,0,0,22,5,0,0,0,16,38,14,7,7,0,0
DAVIEBO01,1951,Bob,Davies,ROC,N,65,2394,1052,0,0,189,390,0,0,0,269,990,379,379,294,0,0
DELONNA01,1951,Nate,Delong,MI1,N,17,132,64,0,0,31,14,0,0,0,47,42,20,35,24,0,0
DICKEDI01,1951,Dick,Dickey,BOS,N,45,440,127,0,0,81,50,0,0,0,79,136,40,69,47,0,0
DONHABO01,1951,Bob,Donham,BOS,N,66,1980,551,0,0,330,228,0,0,0,223,413,201,293,149,0,0
EDDLETH01,1951,Thomas,Eddleman,FTW,N,65,1893,740,0,0,267,134,0,0,0,249,809,269,329,202,0,0
FENDLJA01,1951,Jake,Fendley,FTW,N,58,651,183,0,0,80,58,0,0,0,118,170,54,95,75,0,0
FOUSTLA01,1951,Larry,Foust,FTW,N,66,2615,1047,0,0,880,200,0,0,0,245,989,390,394,267,0,0
FOWLEJE01,1951,Jerry,Fowler,MI1,N,6,41,9,0,0,10,2,0,0,0,9,13,4,4,1,0,0
FULKSJO01,1951,Joe,Fulks,PH1,N,61,1904,922,0,0,368,123,0,0,0,255,1078,336,303,250,0,0
GABORBI01,1951,Billy,Gabor,SYR,N,57,1085,488,0,0,93,86,0,0,0,188,538,173,183,142,0,0
GALLAHA01,1951,Harry,Gallatin,NYK,N,66,1931,741,0,0,661,115,0,0,0,223,527,233,341,275,0,0
GARDNVE01,1951,Vern,Gardner,PH1,N,27,507,159,0,0,112,37,0,0,0,60,194,72,23,15,0,0
GRABOJO01,1951,Joe,Graboski,INI,N,66,2439,904,0,0,655,130,0,0,0,254,827,320,396,264,0,0
HANNUAL01,1951,Alex,Hannum,ROC,N,66,1508,438,0,0,336,133,0,0,0,271,462,170,137,98,0,0
HARRIBO01,1951,Bob,Harris,BOS,N,66,1899,514,0,0,531,120,0,0,0,194,463,190,209,134,0,0
HARRIBO02,1951,Bob,Harrison,MIE,N,65,1712,401,0,0,160,188,0,0,0,203,487,156,124,89,0,0
HITCHLE01,1951,Lew,Hitch,MIE,N,61,849,217,0,0,243,50,0,0,0,89,215,77,94,63,0,0
HOLLAJO01,1951,Joe,Holland,INI,N,55,737,226,0,0,166,47,0,0,0,90,265,93,69,40,0,0
HOLZMRE01,1951,Red,Holzman,ROC,N,65,1065,269,0,0,106,115,0,0,0,95,372,104,85,61,0,0
HUTCHME01,1951,Mel,Hutchins,MI1,N,66,2618,607,0,0,880,190,0,0,0,192,633,231,225,145,0,0
HUTTOJO01,1951,Joe,Hutton,MIE,N,60,723,155,0,0,85,62,0,0,0,110,158,53,70,49,0,0
JOHNSAR01,1951,Arnie,Johnson,ROC,N,66,2158,657,0,0,404,182,0,0,0,259,411,178,387,301,0,0
JOHNSDA01,1951,David,Johnson,FTW,N,66,2265,523,0,0,222,210,0,0,0,243,592,211,140,101,0,0
JOHNSNE02,1951,Neil,Johnston,PH1,N,64,993,382,0,0,342,39,0,0,0,154,299,141,151,100,0,0
JONESWA02,1951,Wallace,Jones,INI,N,58,1320,430,0,0,283,150,0,0,0,137,524,164,136,102,0,0
JORGENO01,1951,Noble,Jorgensen,SYR,N,66,1318,529,0,0,288,63,0,0,0,190,460,190,187,149,0,0
KAFTAGE01,1951,George,Kaftan,NYK,N,52,955,322,0,0,196,88,0,0,0,107,307,115,134,92,0,0
KERRIJA01,1951,Jack,Kerris,FTW,N,66,2148,589,0,0,514,212,0,0,0,265,480,186,325,217,0,0
KILEYJA01,1951,Jack,Kiley,FTW,N,47,477,118,0,0,49,62,0,0,0,54,193,44,54,30,0,0
KINGGE01,1951,George,King,SYR,N,66,1889,658,0,0,274,244,0,0,0,199,579,235,264,188,0,0
KIRKWA01,1951,Walt,Kirk,MI1,N,11,396,111,0,0,44,28,0,0,0,47,101,28,78,55,0,0
KUDELFR01,1951,Frank,Kudelka,BA1,N,65,1583,606,0,0,275,183,0,0,0,220,614,204,258,198,0,0
LAVOYBO01,1951,Bob,Lavoy,INI,N,63,1829,648,0,0,479,107,0,0,0,210,604,240,223,168,0,0
LOFGRDO01,1951,Don,Lofgran,INI,N,63,1254,454,0,0,257,48,0,0,0,147,417,149,219,156,0,0
LUMPPRA01,1951,Ray,Lumpp,NYK,N,62,1317,458,0,0,125,123,0,0,0,165,476,184,119,90,0,0
MACAUED01,1951,Ed,Macauley,BOS,N,66,2631,1264,0,0,529,232,0,0,0,174,888,384,621,496,0,0
MAHNKJO01,1951,John,Mahnken,BOS,N,60,581,182,0,0,132,63,0,0,0,91,227,78,43,26,0,0
MARTISL01,1951,Slater,Martin,MIE,N,66,2480,616,0,0,228,249,0,0,0,226,632,237,190,142,0,0
MCCONJO01,1951,John,Mcconathy,MI1,N,11,106,14,0,0,20,8,0,0,0,7,29,4,14,6,0,0
MCGUIAL01,1951,Al,Mcguire,NYK,N,59,788,208,0,0,121,107,0,0,0,136,167,72,122,64,0,0
MCGUIDI01,1951,Dick,Mcguire,NYK,N,64,2018,591,0,0,332,388,0,0,0,181,474,204,290,183,0,0
MCKINHO01,1951,Horace,Mckinney,BOS,N,63,1083,337,0,0,175,111,0,0,0,148,418,136,80,65,0,0
MCNAMJO01,1951,Joe,Mcnamee,BA1,N,58,695,166,0,0,137,40,0,0,0,108,222,68,50,30,0,0
MEHENDI01,1951,Dick,Mehen,MI1,N,65,2294,703,0,0,282,171,0,0,0,209,824,293,167,117,0,0
MIASEST01,1951,Stan,Miasek,BA1,N,66,2174,779,0,0,639,140,0,0,0,257,707,258,372,263,0,0
MIKANED01,1951,Ed,Mikan,PH1,N,66,1781,520,0,0,492,87,0,0,0,252,571,202,148,116,0,0
MIKANGE01,1951,George,Mikan,MIE,N,64,2572,1523,0,0,866,194,0,0,0,286,1414,545,555,433,0,0
MIKKEVE01,1951,Vern,Mikkelsen,MIE,N,66,2345,1009,0,0,681,180,0,0,0,282,866,363,372,283,0,0
MINORDA01,1951,Dave,Minor,BA1,N,57,1558,471,0,0,275,160,0,0,0,161,522,185,132,101,0,0
NOELPA01,1951,Paul,Noel,ROC,N,8,32,6,0,0,4,3,0,0,0,6,9,2,3,2,0,0
OBRIRA01,1951,Ralph,O'brien,INI,N,64,1577,578,0,0,122,124,0,0,0,115,613,228,149,122,0,0
OSHEKE01,1951,Kevin,O'shea,BA1,N,65,1725,450,0,0,201,171,0,0,0,175,466,153,210,144,0,0
OSTERWA01,1951,Wally,Osterkorn,SYR,N,66,1721,489,0,0,444,117,0,0,0,226,413,145,335,199,0,0
OTTENDO01,1951,Don,Otten,MI1,N,64,1789,767,0,0,435,123,0,0,0,218,636,222,418,323,0,0
OWENSJA01,1951,James,Owens,MI1,N,29,626,230,0,0,102,64,0,0,0,92,252,83,114,64,0,0
PAYTOME01,1951,Mel,Payton,PH1,N,45,471,129,0,0,83,45,0,0,0,68,140,54,28,21,0,0
PHILLAN01,1951,Andy,Phillip,PH1,N,66,2933,790,0,0,434,539,0,0,0,218,762,279,308,232,0,0
PILCHJO01,1951,John,Pilch,MIE,N,9,41,5,0,0,9,2,0,0,0,10,10,1,6,3,0,0
POLLAJI01,1951,Jim,Pollard,MIE,N,65,2545,1005,0,0,593,234,0,0,0,199,1155,411,260,183,0,0
RAGELRA01,1951,Ray,Ragelis,ROC,N,51,337,68,0,0,76,31,0,0,0,62,96,25,29,18,0,0
RANZISA01,1951,Sam,Ranzino,ROC,N,39,234,86,0,0,39,25,0,0,0,63,90,30,37,26,0,0
RATKOGE01,1951,George,Ratkovicz,SYR,N,66,1356,493,0,0,328,90,0,0,0,235,473,165,242,163,0,0
REHFEDO01,1951,Don,Rehfeldt,MI1,N,39,788,261,0,0,243,50,0,0,0,102,285,99,80,63,0,0
RENNIJO01,1951,John,Rennicke,MI1,N,6,54,11,0,0,9,1,0,0,0,7,18,4,9,3,0,0
RISENAR01,1951,Arnie,Risen,ROC,N,66,2396,1032,0,0,841,150,0,0,0,258,926,365,431,302,0,0
ROCHARE01,1951,Red,Rocha,SYR,N,66,2543,854,0,0,549,128,0,0,0,249,749,300,330,254,0,0
SAULFR01,1951,Frank,Saul,MIE,N,64,1479,433,0,0,165,147,0,0,0,120,436,157,153,119,0,0
SAVAGDO01,1951,Don,Savage,SYR,N,12,118,36,0,0,24,12,0,0,0,22,43,9,28,18,0,0
SCHAUFR01,1951,Fred,Schaus,FTW,N,62,2581,872,0,0,434,247,0,0,0,221,778,281,372,310,0,0
SCHAYDO01,1951,Dolph,Schayes,SYR,N,63,2004,868,0,0,773,182,0,0,0,213,740,263,424,342,0,0
SCHERHE01,1951,Herb,Scherer,NYK,N,12,167,47,0,0,26,6,0,0,0,25,65,19,14,9,0,0
SCHULHO01,1951,Howie,Schultz,MIE,N,66,1301,268,0,0,246,102,0,0,0,197,315,89,119,90,0,0
SCOLAFR01,1951,Freddie,Scolari,BA1,N,64,2242,933,0,0,214,303,0,0,0,213,867,290,423,353,0,0
SENESGE01,1951,George,Senesky,PH1,N,57,1925,474,0,0,232,280,0,0,0,123,454,164,194,146,0,0
SEYMOPA01,1951,Paul,Seymour,SYR,N,66,2209,598,0,0,225,220,0,0,0,165,615,206,245,186,0,0
SHARECH01,1951,Charlie,Share,FTW,N,63,882,248,0,0,331,66,0,0,0,141,236,76,155,96,0,0
SHARMBI01,1951,Bill,Sharman,BOS,N,63,1389,671,0,0,221,151,0,0,0,181,628,244,213,183,0,0
SIMMOCO01,1951,Connie,Simmons,NYK,N,66,1558,629,0,0,471,121,0,0,0,214,600,227,254,175,0,0
SINICZE01,1951,Zeke,Sinicola,FTW,N,3,15,2,0,0,1,0,0,0,0,2,4,1,2,0,0,0
SKOOGWH01,1951,Whitey,Skoog,MIE,N,35,988,234,0,0,122,60,0,0,0,94,296,102,38,30,0,0
SLAUGJI01,1951,Jim,Slaughter,BA1,N,28,525,147,0,0,148,25,0,0,0,81,165,53,68,41,0,0
SMAWLBE01,1951,Belus,Smawley,BA1,N,11,0,40,0,0,18,8,0,0,0,9,63,13,17,14,0,0
SMITHTO02,1951,Tom,Smith,NYK,N,1,3,4,0,0,0,2,0,0,0,2,6,0,6,4,0,0
SPEAROD01,1951,Odie,Spears,ROC,N,66,1673,566,0,0,303,163,0,0,0,225,570,225,152,116,0,0
TOSHEBI01,1951,Bill,Tosheff,INI,N,65,2055,608,0,0,216,222,0,0,0,204,651,213,221,182,0,0
VANCEGE01,1951,Gene,Vance,MI1,N,7,118,23,0,0,15,9,0,0,0,18,26,7,14,9,0,0
VANDEER01,1951,Ernie,Vandeweghe,NYK,N,57,1507,524,0,0,264,164,0,0,0,188,457,200,160,124,0,0
WALKEBR01,1951,Brady,Walker,BA1,N,35,699,204,0,0,195,40,0,0,0,38,217,89,34,26,0,0
WALTHPA01,1951,Paul,Walther,INI,N,55,1903,671,0,0,246,137,0,0,0,171,549,220,308,231,0,0
WANZEBO01,1951,Bobby,Wanzer,ROC,N,66,2498,1033,0,0,333,262,0,0,0,201,772,328,417,377,0,0
WILSOBO01,1951,Bob,Wilson,MI1,N,63,1308,236,0,0,210,108,0,0,0,172,264,79,135,78,0,0
ZASLOMA01,1951,Max,Zaslofsky,NYK,N,66,2113,931,0,0,194,156,0,0,0,183,958,322,380,287,0,0
BAECHJI01,1952,Jim,Baechtold,BA1,N,64,1893,661,0,0,219,154,0,0,0,203,621,242,240,177,0,0
BARKSDO01,1952,Don,Barksdale,BA1,N,65,2298,899,0,0,597,166,0,0,0,273,829,321,401,257,0,0
BARNHLE01,1952,Leo,Barnhorst,INI,N,71,2871,967,0,0,483,277,0,0,0,245,1034,402,259,163,0,0
BOBBNE01,1952,Nelson,Bobb,PH1,N,55,1286,343,0,0,157,192,0,0,0,161,318,119,162,105,0,0
BORYLVI01,1952,Vince,Boryla,NYK,N,66,2200,673,0,0,233,166,0,0,0,226,686,254,201,165,0,0
BOVENDO01,1952,Don,Boven,FTW,N,67,1373,451,0,0,217,79,0,0,0,227,427,153,209,145,0,0
BRANNBO01,1952,Bob,Brannum,BOS,N,71,1900,486,0,0,537,147,0,0,0,287,541,188,185,110,0,0
BRASCJI01,1952,Jim,Brasco,SYR,N,10,111,33,0,0,15,12,0,0,0,18,48,11,14,11,0,0
BRASCJI01,1952,Jim,Brasco,TOT,N,30,359,110,0,0,39,33,0,0,0,48,142,36,48,38,0,0
BRASCJI01,1952,Jim,Brasco,MI1,N,20,248,77,0,0,24,21,0,0,0,30,94,25,34,27,0,0
BRAUNCA01,1952,Carl,Braun,NYK,N,70,2316,977,0,0,233,243,0,0,0,287,807,323,401,331,0,0
BRIANFR01,1952,Frank,Brian,FTW,N,68,1910,726,0,0,133,142,0,0,0,205,699,245,297,236,0,0
BUNTDI01,1952,Dick,Bunt,BA1,N,26,271,92,0,0,28,17,0,0,0,40,107,29,48,34,0,0
CALHOBI01,1952,Bill,Calhoun,MI1,N,62,2148,571,0,0,277,156,0,0,0,136,534,180,292,211,0,0
CERVIAL01,1952,Al,Cervi,SYR,N,38,301,143,0,0,22,28,0,0,0,90,71,31,100,81,0,0
CHRISCA01,1952,Cal,Christensen,ROC,N,59,777,212,0,0,199,54,0,0,0,148,230,72,114,68,0,0
CLIFTNA01,1952,Nat,Clifton,NYK,N,70,2496,744,0,0,761,231,0,0,0,274,794,272,343,200,0,0
COLEMJA01,1952,Jack,Coleman,ROC,N,70,2625,763,0,0,774,231,0,0,0,245,748,314,208,135,0,0
CONLEGE01,1952,Gene,Conley,BOS,N,39,461,88,0,0,171,19,0,0,0,74,108,35,31,18,0,0
COOPECH01,1952,Chuck,Cooper,BOS,N,70,1994,458,0,0,439,112,0,0,0,258,466,157,190,144,0,0
CORLERA01,1952,Ray,Corley,FTW,N,8,65,11,0,0,5,5,0,0,0,18,24,3,6,5,0,0
COUSYBO01,1952,Bob,Cousy,BOS,N,71,2945,1407,0,0,449,547,0,0,0,227,1320,464,587,479,0,0
CROCKDI01,1952,Dillard,Crocker,MI1,N,61,776,330,0,0,104,63,0,0,0,199,284,100,189,130,0,0
DARCEHE01,1952,Henry,Darcey,MI1,N,12,90,11,0,0,10,2,0,0,0,29,18,3,9,5,0,0
DAVIEBO01,1952,Bob,Davies,ROC,N,66,2216,1029,0,0,195,280,0,0,0,261,880,339,466,351,0,0
DENNIBL01,1952,Blaine,Denning,BA1,N,1,9,5,0,0,4,0,0,0,0,3,5,2,1,1,0,0
DONHABO01,1952,Bob,Donham,BOS,N,71,1435,451,0,0,239,153,0,0,0,213,353,169,240,113,0,0
EDDLETH01,1952,Thomas,Eddleman,FTW,N,69,1571,615,0,0,236,104,0,0,0,220,687,241,237,133,0,0
FEIGEGE01,1952,George,Feigenbaum,MI1,N,5,79,16,0,0,7,9,0,0,0,14,22,4,15,8,0,0
FENDLJA01,1952,Jake,Fendley,FTW,N,45,380,104,0,0,46,36,0,0,0,82,80,32,60,40,0,0
FINNDA01,1952,Danny,Finn,PH1,N,31,1015,369,0,0,175,146,0,0,0,124,409,135,182,99,0,0
FLEISJE01,1952,Jerry,Fleishman,NYK,N,33,882,296,0,0,152,108,0,0,0,118,303,100,140,96,0,0
FOUSTLA01,1952,Larry,Foust,FTW,N,67,2303,958,0,0,769,151,0,0,0,267,865,311,465,336,0,0
FULKSJO01,1952,Joe,Fulks,PH1,N,70,2085,832,0,0,387,138,0,0,0,319,960,332,231,168,0,0
GABORBI01,1952,Billy,Gabor,SYR,N,69,1337,647,0,0,104,134,0,0,0,262,614,215,284,217,0,0
GALLAHA01,1952,Harry,Gallatin,NYK,N,70,2333,865,0,0,916,126,0,0,0,224,635,282,430,301,0,0
GRABOJO01,1952,Joe,Graboski,INI,N,69,2769,894,0,0,687,156,0,0,0,303,799,272,513,350,0,0
GROATDI01,1952,Dick,Groat,FTW,N,26,663,309,0,0,86,69,0,0,0,90,272,100,138,109,0,0
HANNUAL01,1952,Alex,Hannum,ROC,N,68,1288,346,0,0,279,81,0,0,0,258,360,129,133,88,0,0
HANRADO01,1952,Don,Hanrahan,INI,N,18,121,33,0,0,30,11,0,0,0,24,32,11,15,11,0,0
HARRIBO01,1952,Bob,Harris,BOS,N,70,1971,517,0,0,485,95,0,0,0,238,459,192,226,133,0,0
HARRIBO02,1952,Bob,Harrison,MIE,N,70,1643,497,0,0,153,160,0,0,0,264,518,195,165,107,0,0
HENRIDO01,1952,Don,Henriksen,BA1,N,68,2263,574,0,0,506,129,0,0,0,242,475,199,281,176,0,0
HERMSCL01,1952,Clarence,Hermsen,INI,N,10,62,11,0,0,19,4,0,0,0,18,31,4,5,3,0,0
HITCHLE01,1952,Lew,Hitch,MIE,N,70,1027,261,0,0,275,66,0,0,0,122,255,89,136,83,0,0
HOFFMPA01,1952,Paul,Hoffman,BA1,N,69,1955,704,0,0,317,237,0,0,0,282,656,240,342,224,0,0
HOLSTJI01,1952,Jim,Holstein,MIE,N,66,989,266,0,0,173,74,0,0,0,128,274,98,105,70,0,0
HOLZMRE01,1952,Red,Holzman,ROC,N,46,392,103,0,0,40,35,0,0,0,56,149,38,38,27,0,0
HUTCHME01,1952,Mel,Hutchins,MI1,N,71,2891,831,0,0,793,227,0,0,0,214,842,319,295,193,0,0
JOHNSAR01,1952,Arnie,Johnson,ROC,N,70,1984,583,0,0,419,153,0,0,0,282,369,140,405,303,0,0
JOHNSDA01,1952,David,Johnson,FTW,N,3,30,8,0,0,1,5,0,0,0,6,9,3,3,2,0,0
JOHNSNE02,1952,Neil,Johnston,PH1,N,70,3166,1564,0,0,976,197,0,0,0,248,1114,504,794,556,0,0
JORGENO01,1952,Noble,Jorgensen,SYR,N,70,1355,436,0,0,236,76,0,0,0,247,436,145,199,146,0,0
KAFTAGE01,1952,George,Kaftan,BA1,N,23,380,134,0,0,75,31,0,0,0,59,142,45,67,44,0,0
KERRIJA01,1952,Jack,Kerris,BA1,N,69,1424,274,0,0,295,156,0,0,0,165,256,93,140,88,0,0
KILEYJA01,1952,Jack,Kiley,FTW,N,6,27,6,0,0,2,3,0,0,0,7,10,2,2,2,0,0
KINGGE01,1952,George,King,SYR,N,71,2519,794,0,0,281,364,0,0,0,244,635,255,442,284,0,0
KUDELFR01,1952,Frank,Kudelka,PH1,N,36,567,162,0,0,88,70,0,0,0,109,193,59,68,44,0,0
LAVOYBO01,1952,Bob,Lavoy,INI,N,70,2327,618,0,0,528,130,0,0,0,274,560,225,242,168,0,0
LEVANAN01,1952,Andrew,Levane,MI1,N,7,68,8,0,0,9,9,0,0,0,15,24,3,3,2,0,0
LLOYDEA01,1952,Earl,Lloyd,SYR,N,64,1806,472,0,0,444,64,0,0,0,241,453,156,231,160,0,0
LOCHMBO01,1952,Bob,Lochmueller,SYR,N,62,802,232,0,0,162,47,0,0,0,143,245,79,122,74,0,0
LOFGRDO01,1952,Don,Lofgran,PH1,N,64,1788,472,0,0,339,106,0,0,0,178,525,173,173,126,0,0
LUMPPRA01,1952,Ray,Lumpp,BA1,N,55,1422,529,0,0,141,168,0,0,0,178,506,188,206,153,0,0
MACAUED01,1952,Ed,Macauley,BOS,N,69,2902,1402,0,0,629,280,0,0,0,188,997,451,667,500,0,0
MAHNKJO01,1952,John,Mahnken,BOS,N,69,771,191,0,0,182,75,0,0,0,110,252,76,56,39,0,0
MAHONFR01,1952,Francis,Mahoney,BOS,N,6,34,12,0,0,7,1,0,0,0,7,10,4,5,4,0,0
MARTISL01,1952,Slater,Martin,MIE,N,70,2556,744,0,0,186,250,0,0,0,246,634,260,287,224,0,0
MASINAL01,1952,Al,Masino,MI1,N,72,1773,396,0,0,177,160,0,0,0,252,400,134,204,128,0,0
MCCLOJA01,1952,Jack,Mccloskey,PH1,N,1,16,6,0,0,3,1,0,0,0,2,9,3,0,0,0,0
MCCONPA01,1952,Paul,Mcconnell,MI1,N,14,297,68,0,0,34,41,0,0,0,39,71,27,29,14,0,0
MCGUIAL01,1952,Al,Mcguire,NYK,N,58,1231,352,0,0,167,145,0,0,0,206,287,112,201,128,0,0
MCGUIDI01,1952,Dick,Mcguire,NYK,N,61,1783,437,0,0,280,296,0,0,0,172,373,142,269,153,0,0
MCLEOGE01,1952,George,Mcleod,BA1,N,10,85,12,0,0,21,4,0,0,0,16,16,2,15,8,0,0
MCMAHJA01,1952,Jack,Mcmahon,ROC,N,70,1665,507,0,0,183,186,0,0,0,253,534,176,236,155,0,0
MEINEDO01,1952,Don,Meineke,FTW,N,68,2250,725,0,0,466,148,0,0,0,334,630,240,313,245,0,0
MIASEST01,1952,Stan,Miasek,MI1,N,65,1584,512,0,0,360,122,0,0,0,229,488,178,248,156,0,0
MIKANED01,1952,Ed,Mikan,INI,N,62,927,235,0,0,237,39,0,0,0,124,292,78,98,79,0,0
MIKANGE01,1952,George,Mikan,MIE,N,70,2651,1442,0,0,1007,201,0,0,0,290,1252,500,567,442,0,0
MIKKEVE01,1952,Vern,Mikkelsen,MIE,N,70,2465,1047,0,0,654,148,0,0,0,289,868,378,387,291,0,0
MILLEED01,1952,Eddie,Miller,BA1,N,70,2018,733,0,0,669,115,0,0,0,250,781,273,287,187,0,0
MINORDA01,1952,Dave,Minor,MI1,N,59,1610,406,0,0,252,128,0,0,0,211,420,154,132,98,0,0
MLKVYBI01,1952,Bill,Mlkvy,PH1,N,31,608,181,0,0,101,62,0,0,0,54,246,75,48,31,0,0
MOONEJI01,1952,Jim,Mooney,PH1,N,18,529,135,0,0,70,35,0,0,0,50,148,54,40,27,0,0
NABERBO01,1952,Bob,Naber,INI,N,4,11,1,0,0,5,1,0,0,0,6,4,0,2,1,0,0
NICHOJA01,1952,Jack,Nichols,MI1,N,69,2626,1090,0,0,533,196,0,0,0,237,1170,425,339,240,0,0
OBOYJO01,1952,John,O'boyle,MI1,N,5,97,21,0,0,10,5,0,0,0,20,26,8,7,5,0,0
OBRIRA01,1952,Ralph,O'brien,BA1,N,55,758,270,0,0,70,56,0,0,0,74,286,96,92,78,0,0
ONEIMI01,1952,Mike,O'neil,MI1,N,4,50,12,0,0,9,3,0,0,0,10,17,4,4,4,0,0
OSHEKE01,1952,Kevin,O'shea,BA1,N,46,643,190,0,0,76,87,0,0,0,82,189,71,81,48,0,0
OSTERWA01,1952,Wally,Osterkorn,SYR,N,49,1016,276,0,0,217,61,0,0,0,129,262,85,168,106,0,0
OTTENDO01,1952,Don,Otten,MI1,N,24,384,132,0,0,89,21,0,0,0,68,87,34,91,64,0,0
OVERTCL01,1952,Claude,Overton,PH1,N,15,182,58,0,0,25,15,0,0,0,25,75,19,30,20,0,0
PAYAKJO01,1952,Johnny,Payak,MI1,N,68,1470,436,0,0,114,140,0,0,0,194,373,128,248,180,0,0
PAYTOME01,1952,Mel,Payton,INI,N,66,1424,466,0,0,313,81,0,0,0,118,485,173,161,120,0,0
PHILLAN01,1952,Andy,Phillip,FTW,N,70,2690,722,0,0,364,397,0,0,0,229,629,250,301,222,0,0
POLLAJI01,1952,Jim,Pollard,MIE,N,66,2403,859,0,0,452,231,0,0,0,194,933,333,251,193,0,0
POLSORA01,1952,Ralph,Polson,PH1,N,49,810,191,0,0,211,24,0,0,0,102,179,65,96,61,0,0
PRIDDBO01,1952,Bob,Priddy,BA1,N,16,149,36,0,0,36,7,0,0,0,36,38,14,14,8,0,0
RADOVMO01,1952,Moe,Radovich,PH1,N,4,33,14,0,0,1,8,0,0,0,5,13,5,4,4,0,0
RAIKESH01,1952,Sherwin,Raiken,NYK,N,6,63,9,0,0,8,6,0,0,0,10,21,3,8,3,0,0
RATKOGE01,1952,George,Ratkovicz,MI1,N,71,2235,678,0,0,522,217,0,0,0,287,619,208,373,262,0,0
RHODEGE01,1952,Gene,Rhodes,INI,N,65,1162,337,0,0,98,91,0,0,0,78,342,109,169,119,0,0
RISENAR01,1952,Arnie,Risen,ROC,N,68,2288,884,0,0,745,135,0,0,0,274,802,295,429,294,0,0
ROCHARE01,1952,Red,Rocha,SYR,N,69,2454,770,0,0,510,137,0,0,0,257,690,268,310,234,0,0
ROLLIKE01,1952,Kenny,Rollins,BOS,N,43,426,98,0,0,45,46,0,0,0,63,115,38,27,22,0,0
SAULFR01,1952,Frank,Saul,MIE,N,70,1796,516,0,0,141,110,0,0,0,174,471,187,200,142,0,0
SCHAUFR01,1952,Fred,Schaus,FTW,N,69,2541,723,0,0,413,245,0,0,0,261,719,240,296,243,0,0
SCHAYDO01,1952,Dolph,Schayes,SYR,N,71,2668,1262,0,0,920,227,0,0,0,271,1002,375,619,512,0,0
SCHULHO01,1952,Howie,Schultz,MIE,N,40,474,91,0,0,80,29,0,0,0,73,90,24,62,43,0,0
SCOLAFR01,1952,Freddie,Scolari,FTW,N,62,2123,830,0,0,209,233,0,0,0,212,809,277,327,276,0,0
SENESGE01,1952,George,Senesky,PH1,N,69,2336,413,0,0,254,264,0,0,0,166,485,160,146,93,0,0
SEYMOPA01,1952,Paul,Seymour,SYR,N,67,2684,952,0,0,246,294,0,0,0,210,798,306,416,340,0,0
SHARECH01,1952,Charlie,Share,FTW,N,67,1044,354,0,0,373,74,0,0,0,213,254,91,234,172,0,0
SHARMBI01,1952,Bill,Sharman,BOS,N,71,2333,1147,0,0,288,191,0,0,0,240,925,403,401,341,0,0
SIMMOCO01,1952,Connie,Simmons,NYK,N,65,1707,729,0,0,458,127,0,0,0,252,637,240,340,249,0,0
SKOOGWH01,1952,Whitey,Skoog,MIE,N,68,996,250,0,0,121,82,0,0,0,137,264,102,61,46,0,0
SPEAROD01,1952,Odie,Spears,ROC,N,62,1414,595,0,0,251,113,0,0,0,227,494,198,243,199,0,0
SURHODI01,1952,Dick,Surhoff,NYK,N,26,187,45,0,0,25,9,0,0,0,36,61,13,30,19,0,0
TOSHEBI01,1952,Bill,Tosheff,INI,N,67,2459,759,0,0,229,243,0,0,0,243,783,253,314,253,0,0
VANDEER01,1952,Ernie,Vandeweghe,NYK,N,61,1745,731,0,0,342,144,0,0,0,242,625,272,244,187,0,0
WALTHPA01,1952,Paul,Walther,INI,N,67,2468,718,0,0,284,205,0,0,0,260,645,227,354,264,0,0
WANZEBO01,1952,Bobby,Wanzer,ROC,N,70,2577,1020,0,0,351,252,0,0,0,206,866,318,473,384,0,0
WORKMMA01,1952,Mark,Workman,PH1,N,65,1030,330,0,0,193,37,0,0,0,166,408,130,113,70,0,0
ZASLOMA01,1952,Max,Zaslofsky,NYK,N,29,722,344,0,0,75,55,0,0,0,81,320,123,142,98,0,0
ZAWOLRO01,1952,Robert,Zawoluk,INI,N,41,622,187,0,0,146,31,0,0,0,83,150,55,116,77,0,0
ACKERDO01,1953,Donald,Ackerman,NYK,N,28,220,43,0,0,15,23,0,0,0,43,63,14,28,15,0,0
ASMONDO01,1953,Don,Asmonga,BA1,N,7,46,5,0,0,1,5,0,0,0,12,15,2,1,1,0,0
BAECHJI01,1953,Jim,Baechtold,NYK,N,70,1627,474,0,0,183,117,0,0,0,195,465,170,177,134,0,0
BARKSDO01,1953,Don,Barksdale,BOS,N,63,1358,461,0,0,345,117,0,0,0,213,415,156,225,149,0,0
BARNHLE01,1953,Leo,Barnhorst,FTW,N,72,2064,461,0,0,297,226,0,0,0,203,588,199,88,63,0,0
BARREER01,1953,Ernie,Barrett,BOS,N,59,641,134,0,0,100,55,0,0,0,116,191,60,25,14,0,0
BECKER01,1953,Ernie,Beck,PH1,N,15,422,112,0,0,50,34,0,0,0,29,142,39,43,34,0,0
BEMORIR01,1953,Irv,Bemoras,MI1,N,69,1496,509,0,0,214,79,0,0,0,152,505,185,208,139,0,0
BOLGEBI01,1953,Bill,Bolger,BA1,N,20,202,56,0,0,36,11,0,0,0,27,59,24,13,8,0,0
BORYLVI01,1953,Vince,Boryla,NYK,N,52,1522,420,0,0,130,77,0,0,0,128,525,175,81,70,0,0
BRANNBO01,1953,Bob,Brannum,BOS,N,71,1729,409,0,0,509,144,0,0,0,280,453,140,206,129,0,0
BRAUNCA01,1953,Carl,Braun,NYK,N,72,2373,1062,0,0,246,209,0,0,0,259,884,354,429,354,0,0
BRIANFR01,1953,Frank,Brian,FTW,N,64,973,401,0,0,79,92,0,0,0,100,352,132,182,137,0,0
CALHOBI01,1953,Bill,Calhoun,MI1,N,72,2370,594,0,0,274,189,0,0,0,151,545,190,292,214,0,0
CHRISCA01,1953,Cal,Christensen,ROC,N,70,1654,412,0,0,395,107,0,0,0,196,395,137,261,138,0,0
CLIFTNA01,1953,Nat,Clifton,NYK,N,72,2179,688,0,0,528,176,0,0,0,215,699,257,277,174,0,0
COLEMJA01,1953,Jack,Coleman,ROC,N,71,2377,686,0,0,589,158,0,0,0,201,714,289,181,108,0,0
COOPECH01,1953,Chuck,Cooper,BOS,N,70,1101,234,0,0,304,74,0,0,0,150,261,78,116,78,0,0
COUSYBO01,1953,Bob,Cousy,BOS,N,72,2857,1383,0,0,394,518,0,0,0,201,1262,486,522,411,0,0
DAVIEBO01,1953,Bob,Davies,ROC,N,72,2137,887,0,0,194,323,0,0,0,224,777,288,433,311,0,0
DAVISWA01,1953,Walt,Davis,PH1,N,68,1568,399,0,0,435,58,0,0,0,207,455,167,101,65,0,0
DONHABO01,1953,Bob,Donham,BOS,N,68,1451,400,0,0,267,186,0,0,0,235,315,141,213,118,0,0
DYKERGE01,1953,Gene,Dyker,MI1,N,11,91,16,0,0,16,5,0,0,0,21,26,6,8,4,0,0
EARLEED01,1953,Ed,Earle,SYR,N,2,12,4,0,0,2,0,0,0,0,0,2,1,4,2,0,0
FELIXRA01,1953,Ray,Felix,BA1,N,72,2672,1269,0,0,958,82,0,0,0,253,983,410,704,449,0,0
FINNDA01,1953,Danny,Finn,PH1,N,68,1562,466,0,0,216,265,0,0,0,215,495,170,196,126,0,0
FOUSTLA01,1953,Larry,Foust,FTW,N,72,2693,1090,0,0,967,161,0,0,0,258,919,376,475,338,0,0
FRITSJI01,1953,Jim,Fritsche,BA1,N,68,1221,281,0,0,217,73,0,0,0,103,379,116,68,49,0,0
FULKSJO01,1953,Joe,Fulks,PH1,N,61,501,150,0,0,101,28,0,0,0,90,229,61,49,28,0,0
GABORBI01,1953,Billy,Gabor,SYR,N,61,1211,547,0,0,96,162,0,0,0,183,551,204,194,139,0,0
GALLAHA01,1953,Harry,Gallatin,NYK,N,72,2690,949,0,0,1098,153,0,0,0,208,639,258,552,433,0,0
GEORGJA01,1953,Jack,George,PH1,N,71,2648,675,0,0,386,312,0,0,0,210,736,259,266,157,0,0
GOVEDBA01,1953,Bato,Govedarica,SYR,N,23,258,75,0,0,18,24,0,0,0,44,79,25,37,25,0,0
GRABOJO01,1953,Joe,Graboski,PH1,N,71,2759,944,0,0,670,163,0,0,0,223,1000,354,350,236,0,0
GREKINO01,1953,Norm,Grekin,PH1,N,1,1,0,0,0,0,0,0,0,0,1,0,0,0,0,0,0
HANNUAL01,1953,Alex,Hannum,ROC,N,72,1707,452,0,0,350,105,0,0,0,279,503,175,164,102,0,0
HANSRO01,1953,Rollen,Hans,BA1,N,67,1556,483,0,0,160,181,0,0,0,172,515,191,180,101,0,0
HARRIBO01,1953,Bob,Harris,BOS,N,71,1898,420,0,0,517,94,0,0,0,224,409,156,172,108,0,0
HARRIBO02,1953,Bob,Harrison,MI1,N,64,1443,382,0,0,130,139,0,0,0,218,449,144,158,94,0,0
HITCHLE01,1953,Lew,Hitch,MI1,N,72,2452,575,0,0,691,141,0,0,0,176,603,221,208,133,0,0
HOFFMPA01,1953,Paul,Hoffman,BA1,N,72,2505,723,0,0,486,285,0,0,0,271,761,253,303,217,0,0
HOLSTJI01,1953,Jim,Holstein,MIE,N,70,1155,240,0,0,204,79,0,0,0,140,288,88,112,64,0,0
HOLZMRE01,1953,Red,Holzman,MI1,N,51,649,196,0,0,46,75,0,0,0,73,224,74,73,48,0,0
HOUBRBO01,1953,Bob,Houbregs,BA1,N,70,1970,608,0,0,375,123,0,0,0,209,562,209,266,190,0,0
HUTCHME01,1953,Mel,Hutchins,FTW,N,72,2934,741,0,0,695,210,0,0,0,229,736,295,223,151,0,0
JOHNSNE02,1953,Neil,Johnston,PH1,N,72,3296,1759,0,0,797,203,0,0,0,259,1317,591,772,577,0,0
KENVIBI01,1953,Bill,Kenville,SYR,N,72,1405,434,0,0,247,122,0,0,0,138,388,149,182,136,0,0
KINGGE01,1953,George,King,SYR,N,72,2370,817,0,0,268,272,0,0,0,179,744,280,410,257,0,0
KNOSTDI01,1953,Dick,Knostman,SYR,N,5,47,13,0,0,17,6,0,0,0,9,10,3,11,7,0,0
LAVOYBO01,1953,Bob,Lavoy,SYR,N,68,1277,364,0,0,317,78,0,0,0,215,356,135,129,94,0,0
LLOYDEA01,1953,Earl,Lloyd,SYR,N,72,2206,654,0,0,529,115,0,0,0,303,666,249,209,156,0,0
LOFGRDO01,1953,Don,Lofgran,MI1,N,21,380,102,0,0,64,26,0,0,0,34,112,35,49,32,0,0
LOVELCL01,1953,Clyde,Lovellette,MIE,N,72,1255,588,0,0,419,51,0,0,0,210,560,237,164,114,0,0
LUISIJI01,1953,Jim,Luisi,BA1,N,31,367,89,0,0,25,35,0,0,0,45,95,31,41,27,0,0
MACAUED01,1953,Ed,Macauley,BOS,N,71,2792,1344,0,0,571,271,0,0,0,168,950,462,554,420,0,0
MAHONFR01,1953,Francis,Mahoney,BA1,N,2,11,0,0,0,2,1,0,0,0,0,2,0,0,0,0,0
MARTISL01,1953,Slater,Martin,MIE,N,69,2472,684,0,0,166,253,0,0,0,198,654,254,243,176,0,0
MASINAL01,1953,Al,Masino,SYR,N,27,181,82,0,0,28,22,0,0,0,44,62,26,49,30,0,0
MCGUIAL01,1953,Al,Mcguire,NYK,N,64,849,174,0,0,121,103,0,0,0,144,177,58,133,58,0,0
MCGUIDI01,1953,Dick,Mcguire,NYK,N,68,2343,622,0,0,310,354,0,0,0,199,493,201,345,220,0,0
MCMAHJA01,1953,Jack,Mcmahon,ROC,N,71,1891,711,0,0,211,238,0,0,0,221,691,250,303,211,0,0
MEINEDO01,1953,Don,Meineke,FTW,N,71,1466,406,0,0,372,81,0,0,0,214,393,135,169,136,0,0
MIKANED01,1953,Ed,Mikan,BOS,N,9,71,21,0,0,20,3,0,0,0,15,24,8,9,5,0,0
MIKANGE01,1953,George,Mikan,MIE,N,72,2362,1306,0,0,1028,174,0,0,0,268,1160,441,546,424,0,0
MIKKEVE01,1953,Vern,Mikkelsen,MIE,N,72,2247,797,0,0,615,119,0,0,0,264,771,288,298,221,0,0
MILLEED01,1953,Eddie,Miller,BA1,N,72,1657,719,0,0,537,95,0,0,0,194,600,244,317,231,0,0
MOLINJA01,1953,Jack,Molinas,FTW,N,29,993,350,0,0,209,47,0,0,0,74,278,108,176,134,0,0
MURRAKE01,1953,Ken,Murray,FTW,N,49,528,149,0,0,65,56,0,0,0,60,195,53,60,43,0,0
NEALJI01,1953,Jim,Neal,SYR,N,67,899,312,0,0,257,24,0,0,0,139,369,117,132,78,0,0
NICHOJA01,1953,Jack,Nichols,BOS,N,75,1607,439,0,0,363,104,0,0,0,187,528,163,152,113,0,0
NOLENPA01,1953,Paul,Nolen,BA1,N,1,2,0,0,0,1,0,0,0,0,1,1,0,0,0,0,0
NOVAKMI01,1953,Mike,Novak,SYR,N,5,24,1,0,0,2,2,0,0,0,9,7,0,2,1,0,0
OSTERWA01,1953,Wally,Osterkorn,SYR,N,70,2164,615,0,0,487,151,0,0,0,209,586,203,361,209,0,0
PETERBO01,1953,Bob,Peterson,MI1,N,8,60,15,0,0,12,3,0,0,0,15,10,3,11,9,0,0
PHELAJI01,1953,Jim,Phelan,PH1,N,4,33,3,0,0,5,2,0,0,0,9,6,0,6,3,0,0
PHILLAN01,1953,Andy,Phillip,FTW,N,71,2705,751,0,0,265,449,0,0,0,204,680,255,330,241,0,0
POLLAJI01,1953,Jim,Pollard,MIE,N,71,2483,831,0,0,500,214,0,0,0,161,882,326,230,179,0,0
RATKOGE01,1953,George,Ratkovicz,MI1,N,69,2170,570,0,0,523,154,0,0,0,255,501,197,273,176,0,0
REACO01,1953,Connie,Rea,BA1,N,20,154,23,0,0,31,16,0,0,0,13,43,9,16,5,0,0
REDDOFR01,1953,Frank,Reddout,ROC,N,7,18,13,0,0,9,0,0,0,0,6,6,5,4,3,0,0
RISENAR01,1953,Arnie,Risen,ROC,N,72,2385,949,0,0,728,120,0,0,0,284,872,321,430,307,0,0
ROGESAL01,1953,Al,Roges,BA1,N,67,1937,570,0,0,213,160,0,0,0,177,614,220,179,130,0,0
SAULFR01,1953,Frank,Saul,MIE,N,71,1805,452,0,0,159,139,0,0,0,149,467,162,170,128,0,0
SCHAUFR01,1953,Fred,Schaus,NYK,N,67,1515,475,0,0,267,109,0,0,0,176,415,161,195,153,0,0
SCHAYDO01,1953,Dolph,Schayes,SYR,N,72,2655,1228,0,0,870,214,0,0,0,232,973,370,590,488,0,0
SCHNIDI01,1953,Dick,Schnittker,MIE,N,71,1040,330,0,0,178,59,0,0,0,178,307,122,132,86,0,0
SCOLAFR01,1953,Freddie,Scolari,FTW,N,64,1589,462,0,0,139,131,0,0,0,155,491,159,180,144,0,0
SENESGE01,1953,George,Senesky,PH1,N,58,771,111,0,0,66,84,0,0,0,79,119,41,53,29,0,0
SEYMOPA01,1953,Paul,Seymour,SYR,N,71,2727,931,0,0,291,364,0,0,0,187,838,316,368,299,0,0
SHARECH01,1953,Charlie,Share,MI1,N,68,1576,564,0,0,555,80,0,0,0,210,493,188,275,188,0,0
SHARMBI01,1953,Bill,Sharman,BOS,N,72,2467,1155,0,0,255,229,0,0,0,211,915,412,392,331,0,0
SIMMOCO01,1953,Connie,Simmons,NYK,N,72,2006,720,0,0,484,128,0,0,0,234,713,255,305,210,0,0
SINICZE01,1953,Zeke,Sinicola,FTW,N,9,53,11,0,0,1,3,0,0,0,8,16,4,6,3,0,0
SKOOGWH01,1953,Whitey,Skoog,MIE,N,71,1877,496,0,0,224,179,0,0,0,234,530,212,97,72,0,0
SMITHED01,1953,Ed,Smith,NYK,N,11,104,28,0,0,26,9,0,0,0,15,45,11,10,6,0,0
SMYTHJO01,1953,Joe,Smyth,BA1,N,40,495,131,0,0,98,49,0,0,0,53,138,48,65,35,0,0
SPEAROD01,1953,Odie,Spears,ROC,N,72,1633,551,0,0,310,109,0,0,0,211,505,184,238,183,0,0
SUNDEDO01,1953,Don,Sunderlage,MI1,N,68,2232,760,0,0,225,187,0,0,0,263,748,254,337,252,0,0
SURHODI01,1953,Dick,Surhoff,MI1,N,32,358,133,0,0,69,23,0,0,0,53,129,43,62,47,0,0
SWANSNO01,1953,Norm,Swanson,ROC,N,63,611,100,0,0,110,33,0,0,0,91,137,31,64,38,0,0
TOSHEBI01,1953,Bill,Tosheff,MI1,N,71,1825,492,0,0,163,196,0,0,0,207,578,168,210,156,0,0
UPLINHA01,1953,Hal,Uplinger,BA1,N,23,268,86,0,0,31,26,0,0,0,42,94,33,22,20,0,0
VANDEER01,1953,Ernie,Vandeweghe,NYK,N,15,271,99,0,0,39,29,0,0,0,38,103,37,31,25,0,0
WALTHIS01,1953,Isaac,Walthour,MI1,N,4,30,2,0,0,1,2,0,0,0,6,6,1,0,0,0,0
WALTHPA01,1953,Paul,Walther,PH1,N,64,2067,421,0,0,257,220,0,0,0,199,392,138,206,145,0,0
WANZEBO01,1953,Bobby,Wanzer,ROC,N,72,2538,958,0,0,392,254,0,0,0,171,835,322,428,314,0,0
WORKMMA01,1953,Mark,Workman,BA1,N,14,151,56,0,0,37,7,0,0,0,31,60,25,10,6,0,0
YARDLGE01,1953,George,Yardley,FTW,N,63,1489,564,0,0,407,99,0,0,0,166,492,209,205,146,0,0
ZASLOMA01,1953,Max,Zaslofsky,FTW,N,65,1881,811,0,0,160,154,0,0,0,142,756,278,357,255,0,0
ZAWOLRO01,1953,Robert,Zawoluk,PH1,N,71,1795,592,0,0,330,99,0,0,0,220,540,203,230,186,0,0
ANIELDO01,1954,Don,Anielak,NYK,N,1,10,3,0,0,2,0,0,0,0,0,4,0,4,3,0,0
ARIZIPA01,1954,Paul,Arizin,PH1,N,72,2953,1512,0,0,675,210,0,0,0,270,1325,529,585,454,0,0
BAECHJI01,1954,Jim,Baechtold,NYK,N,72,2536,1003,0,0,307,218,0,0,0,202,898,362,339,279,0,0
BARKSDO01,1954,Don,Barksdale,BOS,N,72,1790,754,0,0,545,129,0,0,0,225,699,267,338,220,0,0
BRANNBO01,1954,Bob,Brannum,BOS,N,71,1623,442,0,0,492,127,0,0,0,232,465,176,127,90,0,0
BRAUNCA01,1954,Carl,Braun,NYK,N,71,2479,1074,0,0,295,274,0,0,0,208,1032,400,342,274,0,0
BRENNTO01,1954,Tom,Brennan,PH1,N,11,52,10,0,0,5,2,0,0,0,5,11,5,0,0,0,0
BRIANFR01,1954,Frank,Brian,FTW,N,71,1381,691,0,0,127,142,0,0,0,133,623,237,255,217,0,0
CALHOBI01,1954,Bill,Calhoun,MI1,N,69,2109,454,0,0,290,235,0,0,0,181,480,144,236,166,0,0
CARNEBO01,1954,Bob,Carney,MIE,N,19,244,69,0,0,45,16,0,0,0,36,64,24,40,21,0,0
CHRISCA01,1954,Cal,Christensen,ROC,N,71,1204,352,0,0,388,104,0,0,0,174,305,114,206,124,0,0
CHRISFR01,1954,Fred,Christ,NYK,N,6,48,20,0,0,8,7,0,0,0,3,18,5,11,10,0,0
CLIFTNA01,1954,Nat,Clifton,NYK,N,72,2390,944,0,0,612,198,0,0,0,221,932,360,328,224,0,0
COLEMJA01,1954,Jack,Coleman,ROC,N,72,2482,924,0,0,729,232,0,0,0,201,866,400,183,124,0,0
COOKBE01,1954,Bert,Cook,NYK,N,37,424,118,0,0,72,33,0,0,0,39,133,42,50,34,0,0
COOPECH01,1954,Chuck,Cooper,MI1,N,70,1749,573,0,0,385,151,0,0,0,210,569,193,249,187,0,0
COSTELA01,1954,Larry,Costello,PH1,N,19,463,118,0,0,49,78,0,0,0,37,139,46,32,26,0,0
COUSYBO01,1954,Bob,Cousy,BOS,N,71,2747,1504,0,0,424,557,0,0,0,165,1316,522,570,460,0,0
DAVIEBO01,1954,Bob,Davies,ROC,N,72,1870,872,0,0,205,355,0,0,0,220,785,326,293,220,0,0
DAVISWA01,1954,Walt,Davis,PH1,N,61,766,175,0,0,206,36,0,0,0,100,182,70,48,35,0,0
DEMPSGE01,1954,George,Dempsey,PH1,N,48,1387,352,0,0,236,174,0,0,0,141,360,127,141,98,0,0
DIUTEFR01,1954,Fred,Diute,MI1,N,7,72,11,0,0,13,4,0,0,0,12,21,2,12,7,0,0
FARLEDI01,1954,Dick,Farley,SYR,N,69,1113,408,0,0,167,111,0,0,0,145,353,136,201,136,0,0
FELIXRA01,1954,Ray,Felix,NYK,N,72,2024,1038,0,0,818,67,0,0,0,286,832,364,498,310,0,0
FINNDA01,1954,Danny,Finn,PH1,N,43,820,207,0,0,157,155,0,0,0,114,265,77,86,53,0,0
FOUSTLA01,1954,Larry,Foust,FTW,N,70,2264,1189,0,0,700,118,0,0,0,264,818,398,513,393,0,0
FRITSJI01,1954,Jim,Fritsche,FTW,N,16,151,45,0,0,32,4,0,0,0,28,48,16,16,13,0,0
GABORBI01,1954,Billy,Gabor,SYR,N,3,47,17,0,0,5,11,0,0,0,6,22,7,5,3,0,0
GALLAHA01,1954,Harry,Gallatin,NYK,N,72,2548,1053,0,0,995,176,0,0,0,206,859,330,483,393,0,0
GEORGJA01,1954,Jack,George,PH1,N,68,2480,774,0,0,302,359,0,0,0,191,756,291,291,192,0,0
GRABOJO01,1954,Joe,Graboski,PH1,N,70,2515,954,0,0,636,182,0,0,0,259,1096,373,303,208,0,0
GRIGSCH01,1954,Chuck,Grigsby,NYK,N,7,45,16,0,0,11,7,0,0,0,9,19,7,8,2,0,0
HANNUAL01,1954,Alex,Hannum,MI1,N,53,1088,313,0,0,245,105,0,0,0,206,358,126,107,61,0,0
HANSRO01,1954,Rollen,Hans,BAL,N,13,178,73,0,0,16,26,0,0,0,20,67,30,25,13,0,0
HARRIBO02,1954,Bob,Harrison,MI1,N,72,2300,724,0,0,226,252,0,0,0,291,875,299,185,126,0,0
HEDDEHE01,1954,Herm,Hedderick,NYK,N,5,23,4,0,0,4,2,0,0,0,3,9,2,1,0,0,0
HENRIDO01,1954,Don,Henriksen,ROC,N,70,1664,415,0,0,484,111,0,0,0,190,406,139,195,137,0,0
HITCHLE01,1954,Lew,Hitch,MIE,N,74,1774,449,0,0,438,125,0,0,0,110,417,167,169,115,0,0
HOFFMPA01,1954,Paul,Hoffman,PH1,N,38,670,194,0,0,124,94,0,0,0,93,216,65,93,64,0,0
HOLSTJI01,1954,Jim,Holstein,MIE,N,62,980,281,0,0,206,58,0,0,0,107,330,107,94,67,0,0
HOUBRBO01,1954,Bob,Houbregs,FTW,N,64,1326,425,0,0,297,86,0,0,0,180,386,148,182,129,0,0
HUTCHME01,1954,Mel,Hutchins,FTW,N,72,2860,864,0,0,665,247,0,0,0,232,903,341,257,182,0,0
JOHNSNE02,1954,Neil,Johnston,PH1,N,72,2917,1631,0,0,1085,215,0,0,0,255,1184,521,769,589,0,0
KALAFED01,1954,Ed,Kalafat,MIE,N,72,1102,347,0,0,317,75,0,0,0,205,375,118,168,111,0,0
KEARNMI01,1954,Michael,Kearns,PH1,N,6,25,1,0,0,3,5,0,0,0,1,5,0,4,1,0,0
KENVIBI01,1954,Bill,Kenville,SYR,N,70,1380,498,0,0,247,150,0,0,0,132,482,172,201,154,0,0
KERRJO01,1954,Johnny,Kerr,SYR,N,72,1529,754,0,0,474,80,0,0,0,165,718,301,223,152,0,0
KINGDA01,1954,Dan,King,BAL,N,12,103,19,0,0,25,3,0,0,0,5,22,7,10,5,0,0
KINGGE01,1954,George,King,SYR,N,67,2015,596,0,0,227,331,0,0,0,148,605,228,229,140,0,0
KNIGHBO01,1954,Bob,Knight,NYK,N,2,29,7,0,0,1,8,0,0,0,6,7,3,1,1,0,0
LLOYDEA01,1954,Earl,Lloyd,SYR,N,72,2212,731,0,0,553,151,0,0,0,283,784,286,212,159,0,0
LOVELCL01,1954,Clyde,Lovellette,MIE,N,70,2361,1311,0,0,802,100,0,0,0,262,1192,519,398,273,0,0
MACAUED01,1954,Ed,Macauley,BOS,N,71,2706,1248,0,0,600,275,0,0,0,171,951,403,558,442,0,0
MACGIRO01,1954,Ronnie,Macgilvray,MI1,N,6,57,8,0,0,9,11,0,0,0,5,12,2,7,4,0,0
MARSHTO01,1954,Tom,Marshall,ROC,N,72,1337,577,0,0,256,111,0,0,0,99,505,223,194,131,0,0
MARTIPH01,1954,Phil,Martin,MI1,N,7,47,12,0,0,10,6,0,0,0,7,19,5,2,2,0,0
MARTISL01,1954,Slater,Martin,MIE,N,72,2784,976,0,0,260,427,0,0,0,221,919,350,359,276,0,0
MCBRIKE01,1954,Ken,Mcbride,MI1,N,12,249,117,0,0,31,14,0,0,0,31,147,48,29,21,0,0
MCGUIAL01,1954,Al,Mcguire,BAL,N,10,98,23,0,0,9,8,0,0,0,15,32,9,7,5,0,0
MCGUIDI01,1954,Dick,Mcguire,NYK,N,71,2310,647,0,0,322,542,0,0,0,143,581,226,303,195,0,0
MCMAHJA01,1954,Jack,Mcmahon,ROC,N,72,1807,645,0,0,211,246,0,0,0,179,721,251,225,143,0,0
MCNULCA01,1954,Carl,Mcnulty,MI1,N,1,14,2,0,0,0,0,0,0,0,1,6,1,0,0,0,0
MEINEDO01,1954,Don,Meineke,FTW,N,68,1026,391,0,0,246,64,0,0,0,153,366,136,170,119,0,0
MIKKEVE01,1954,Vern,Mikkelsen,MIE,N,71,2559,1327,0,0,722,145,0,0,0,319,1043,440,598,447,0,0
MOOREJA01,1954,Jackie,Moore,PH1,N,23,376,110,0,0,105,20,0,0,0,62,115,44,47,22,0,0
MORRIDW01,1954,Dwight,Morrison,BOS,N,71,1227,312,0,0,451,82,0,0,0,222,284,120,115,72,0,0
MURRAKE01,1954,Ken,Murray,PH1,N,66,1590,472,0,0,179,224,0,0,0,126,535,187,129,98,0,0
NACHABO01,1954,Boris,Nachamkin,ROC,N,6,59,20,0,0,19,3,0,0,0,6,20,6,13,8,0,0
NEALJI01,1954,Jim,Neal,BAL,N,13,194,39,0,0,47,9,0,0,0,27,59,12,22,15,0,0
NICHOJA01,1954,Jack,Nichols,BOS,N,64,1910,636,0,0,533,144,0,0,0,238,656,249,177,138,0,0
OSTERWA01,1954,Wally,Osterkorn,SYR,N,19,286,56,0,0,70,17,0,0,0,32,97,20,32,16,0,0
PALAZTO01,1954,Togo,Palazzi,BOS,N,53,504,247,0,0,146,30,0,0,0,60,253,101,60,45,0,0
PETERBO01,1954,Bob,Peterson,NYK,N,37,503,154,0,0,154,31,0,0,0,80,169,62,45,30,0,0
PETTIBO01,1954,Bob,Pettit,MI1,N,72,2659,1466,0,0,994,229,0,0,0,258,1279,520,567,426,0,0
PHILLAN01,1954,Andy,Phillip,FTW,N,64,2332,617,0,0,290,491,0,0,0,166,545,202,308,213,0,0
POLLAJI01,1954,Jim,Pollard,MIE,N,63,1960,681,0,0,458,160,0,0,0,147,749,265,186,151,0,0
RAMSEFR01,1954,Frank,Ramsey,BOS,N,64,1754,715,0,0,402,185,0,0,0,250,592,236,322,243,0,0
RATKOGE01,1954,George,Ratkovicz,MI1,N,9,102,16,0,0,17,13,0,0,0,15,19,3,23,10,0,0
RISENAR01,1954,Arnie,Risen,ROC,N,69,1970,797,0,0,703,112,0,0,0,253,699,259,375,279,0,0
ROCHARE01,1954,Red,Rocha,SYR,N,72,2473,812,0,0,489,178,0,0,0,242,801,295,284,222,0,0
ROGESAL01,1954,Al,Roges,FTW,N,17,201,61,0,0,24,19,0,0,0,20,61,23,24,15,0,0
ROSENDI01,1954,Dick,Rosenthal,FTW,N,67,1406,524,0,0,300,153,0,0,0,179,523,197,181,130,0,0
SAULFR01,1954,Frank,Saul,MI1,N,65,1139,287,0,0,134,104,0,0,0,126,303,96,123,95,0,0
SCHAYDO01,1954,Dolph,Schayes,SYR,N,72,2526,1333,0,0,887,213,0,0,0,247,1103,422,587,489,0,0
SCHNIDI01,1954,Dick,Schnittker,MIE,N,72,1798,750,0,0,349,114,0,0,0,231,583,226,362,298,0,0
SCOLAFR01,1954,Freddie,Scolari,BOS,N,59,619,191,0,0,77,93,0,0,0,76,249,76,49,39,0,0
SELVYFR01,1954,Frank,Selvy,MI1,N,71,2668,1348,0,0,394,245,0,0,0,230,1195,452,610,444,0,0
SEYMOPA01,1954,Paul,Seymour,SYR,N,72,2950,1050,0,0,309,483,0,0,0,137,1036,375,370,300,0,0
SHARECH01,1954,Charlie,Share,MI1,N,69,1685,821,0,0,684,84,0,0,0,273,577,235,492,351,0,0
SHARMBI01,1954,Bill,Sharman,BOS,N,68,2453,1253,0,0,302,280,0,0,0,212,1062,453,387,347,0,0
SHUEGE01,1954,Gene,Shue,NYK,N,62,947,259,0,0,154,89,0,0,0,64,289,100,78,59,0,0
SIMMOCO01,1954,Connie,Simmons,SYR,N,36,862,346,0,0,220,61,0,0,0,109,384,137,114,72,0,0
SKOOGWH01,1954,Whitey,Skoog,MIE,N,72,2365,785,0,0,303,251,0,0,0,265,836,330,155,125,0,0
SPEAROD01,1954,Odie,Spears,ROC,N,71,1888,672,0,0,299,148,0,0,0,252,585,226,271,220,0,0
SPOELAR01,1954,Art,Spoelstra,ROC,N,70,1127,426,0,0,285,58,0,0,0,170,399,159,156,108,0,0
SUNDEDO01,1954,Don,Sunderlage,MIE,N,45,404,114,0,0,56,37,0,0,0,57,133,33,73,48,0,0
TUCKEJI01,1954,Jim,Tucker,SYR,N,20,287,105,0,0,97,12,0,0,0,50,116,39,38,27,0,0
TURNEJA01,1954,Jack,Turner,NYK,N,65,922,282,0,0,154,77,0,0,0,76,308,111,76,60,0,0
WALTHPA01,1954,Paul,Walther,FTW,N,68,820,166,0,0,155,131,0,0,0,115,161,56,88,54,0,0
WANZEBO01,1954,Bobby,Wanzer,ROC,N,72,2376,942,0,0,374,247,0,0,0,163,820,324,374,294,0,0
WATSOBO01,1954,Bobby,Watson,MI1,N,63,702,175,0,0,87,79,0,0,0,67,223,72,45,31,0,0
WHITALU01,1954,Lucian,Whitaker,BOS,N,3,15,2,0,0,1,1,0,0,0,4,6,1,0,0,0,0
YARDLGE01,1954,George,Yardley,FTW,N,60,2150,1036,0,0,594,126,0,0,0,205,869,363,416,310,0,0
ZASLOMA01,1954,Max,Zaslofsky,FTW,N,70,1862,785,0,0,191,203,0,0,0,130,821,269,352,247,0,0
ZAWOLRO01,1954,Robert,Zawoluk,PH1,N,67,1117,431,0,0,256,87,0,0,0,147,375,138,199,155,0,0
ARIZIPA01,1955,Paul,Arizin,PH1,N,72,2724,1741,0,0,539,189,0,0,0,282,1378,617,626,507,0,0
ARNELJE01,1955,Jesse,Arnelle,FTW,N,31,409,147,0,0,170,18,0,0,0,60,164,52,69,43,0,0
ATHARI01,1955,Richard,Atha,NYK,N,25,288,93,0,0,42,32,0,0,0,39,88,36,27,21,0,0
BAECHJI01,1955,Jim,Baechtold,NYK,N,70,1738,769,0,0,220,163,0,0,0,156,695,268,291,233,0,0
BARREER01,1955,Ernie,Barrett,BOS,N,72,1451,507,0,0,243,174,0,0,0,184,533,207,118,93,0,0
BECKER01,1955,Ernie,Beck,PH1,N,67,1007,348,0,0,196,79,0,0,0,86,351,136,106,76,0,0
BIELKDO01,1955,Don,Bielke,FTW,N,7,38,14,0,0,9,1,0,0,0,9,9,5,7,4,0,0
BRAUNCA01,1955,Carl,Braun,NYK,N,72,2316,1112,0,0,259,298,0,0,0,215,1064,396,382,320,0,0
BRIANFR01,1955,Frank,Brian,FTW,N,37,680,228,0,0,88,74,0,0,0,62,263,78,88,72,0,0
CLIFTNA01,1955,Nat,Clifton,NYK,N,64,1537,561,0,0,386,151,0,0,0,189,541,213,191,135,0,0
COLEMJA01,1955,Jack,Coleman,STL,N,75,2738,957,0,0,688,294,0,0,0,242,946,390,249,177,0,0
CONLIED01,1955,Ed,Conlin,SYR,N,66,1423,543,0,0,326,145,0,0,0,121,574,211,178,121,0,0
COOPECH01,1955,Chuck,Cooper,FTW,N,67,1144,302,0,0,239,89,0,0,0,140,308,101,133,100,0,0
COUSYBO01,1955,Bob,Cousy,BOS,N,72,2767,1356,0,0,492,642,0,0,0,206,1223,440,564,476,0,0
DAVISJA01,1955,James,Davis,ROC,N,3,16,2,0,0,4,1,0,0,0,2,6,0,2,2,0,0
DAVISWA01,1955,Walt,Davis,PH1,N,70,1097,323,0,0,276,56,0,0,0,230,333,123,112,77,0,0
DEMPSGE01,1955,George,Dempsey,PH1,N,72,1444,340,0,0,264,205,0,0,0,146,265,126,139,88,0,0
DEVLIWA01,1955,Walter,Devlin,FTW,N,69,1535,546,0,0,171,138,0,0,0,119,541,200,192,146,0,0
DUKESWA01,1955,Walter,Dukes,NYK,N,60,1290,465,0,0,443,39,0,0,0,211,370,149,236,167,0,0
FARLEDI01,1955,Dick,Farley,SYR,N,72,1429,479,0,0,165,151,0,0,0,154,451,168,207,143,0,0
FEIERRO01,1955,Ron,Feiereisel,MIE,N,10,59,30,0,0,6,6,0,0,0,9,28,8,16,14,0,0
FELIXRA01,1955,Ray,Felix,NYK,N,72,1702,885,0,0,623,47,0,0,0,293,668,277,469,331,0,0
FERRAAL01,1955,Al,Ferrari,STL,N,68,1611,546,0,0,186,163,0,0,0,192,534,191,236,164,0,0
FLEMIED01,1955,Ed,Fleming,ROC,N,71,2028,889,0,0,489,197,0,0,0,178,824,306,372,277,0,0
FOUSTLA01,1955,Larry,Foust,FTW,N,72,2024,1166,0,0,648,127,0,0,0,263,821,367,555,432,0,0
GALLAHA01,1955,Harry,Gallatin,NYK,N,72,2378,1002,0,0,740,168,0,0,0,220,834,322,455,358,0,0
GARMADI01,1955,Dick,Garmaker,MIE,N,68,870,388,0,0,132,104,0,0,0,127,373,138,139,112,0,0
GEORGJA01,1955,Jack,George,PH1,N,72,2840,1000,0,0,313,457,0,0,0,202,940,352,391,296,0,0
GOLATO01,1955,Tom,Gola,PH1,N,68,2346,732,0,0,616,404,0,0,0,272,592,244,333,244,0,0
GRABOJO01,1955,Joe,Graboski,PH1,N,72,2375,1034,0,0,642,190,0,0,0,272,1075,397,340,240,0,0
HANNUAL01,1955,Alex,Hannum,STL,N,71,1480,385,0,0,344,157,0,0,0,271,453,146,154,93,0,0
HARRIBO02,1955,Bob,Harrison,STL,N,72,2219,617,0,0,195,277,0,0,0,246,725,260,146,97,0,0
HARRICH01,1955,Chris,Harris,ROC,N,41,420,101,0,0,44,44,0,0,0,43,149,37,45,27,0,0
HEMRIDI01,1955,Dick,Hemric,BOS,N,71,1329,499,0,0,399,60,0,0,0,142,400,161,273,177,0,0
HENNELA01,1955,Larry,Hennessy,PH1,N,53,444,196,0,0,49,46,0,0,0,37,247,85,32,26,0,0
HITCHLE01,1955,Lew,Hitch,MIE,N,69,1129,288,0,0,283,77,0,0,0,85,235,94,132,100,0,0
HOLSTJI01,1955,Jim,Holstein,FTW,N,27,352,72,0,0,76,38,0,0,0,51,89,24,37,24,0,0
HORANJO01,1955,Johnny,Horan,MIE,N,19,93,34,0,0,10,2,0,0,0,21,42,12,11,10,0,0
HOUBRBO01,1955,Bob,Houbregs,FTW,N,70,1535,777,0,0,414,159,0,0,0,147,575,247,383,283,0,0
HUTCHME01,1955,Mel,Hutchins,FTW,N,66,2240,792,0,0,496,180,0,0,0,166,764,325,221,142,0,0
JOHNSNE02,1955,Neil,Johnston,PH1,N,70,2594,1547,0,0,872,225,0,0,0,251,1092,499,685,549,0,0
KALAFED01,1955,Ed,Kalafat,MIE,N,72,1639,574,0,0,440,130,0,0,0,236,540,194,252,186,0,0
KENVIBI01,1955,Bill,Kenville,SYR,N,72,1278,535,0,0,215,159,0,0,0,132,448,170,257,195,0,0
KERRJO01,1955,Johnny,Kerr,SYR,N,72,2114,961,0,0,607,84,0,0,0,168,935,377,316,207,0,0
KINGGE01,1955,George,King,SYR,N,72,2343,744,0,0,250,410,0,0,0,150,763,284,275,176,0,0
LLOYDEA01,1955,Earl,Lloyd,SYR,N,72,1837,612,0,0,492,116,0,0,0,267,636,213,241,186,0,0
LOSCUJI01,1955,Jim,Loscutoff,BOS,N,71,1582,591,0,0,622,65,0,0,0,213,628,226,207,139,0,0
LOVELCL01,1955,Clyde,Lovellette,MIE,N,71,2518,1526,0,0,992,164,0,0,0,245,1370,594,469,338,0,0
MACAUED01,1955,Ed,Macauley,BOS,N,71,2354,1240,0,0,422,211,0,0,0,158,995,420,504,400,0,0
MARTISL01,1955,Slater,Martin,MIE,N,72,2838,947,0,0,260,445,0,0,0,202,863,309,395,329,0,0
MCGUIDI01,1955,Dick,Mcguire,NYK,N,62,1685,425,0,0,220,362,0,0,0,146,438,152,193,121,0,0
MCMAHJA01,1955,Jack,Mcmahon,STL,N,70,1713,514,0,0,180,222,0,0,0,170,615,202,185,110,0,0
MEINEDO01,1955,Don,Meineke,ROC,N,69,1248,489,0,0,316,102,0,0,0,191,414,154,232,181,0,0
MENCECH01,1955,Chuck,Mencel,MIE,N,69,973,318,0,0,110,132,0,0,0,74,375,120,96,78,0,0
MIKANGE01,1955,George,Mikan,MIE,N,37,765,390,0,0,308,53,0,0,0,153,375,148,122,94,0,0
MIKKEVE01,1955,Vern,Mikkelsen,MIE,N,72,2100,962,0,0,608,173,0,0,0,319,821,317,408,328,0,0
MOOREJA01,1955,Jackie,Moore,PH1,N,54,402,132,0,0,117,26,0,0,0,80,129,50,53,32,0,0
MORRIDW01,1955,Dwight,Morrison,BOS,N,71,910,222,0,0,345,53,0,0,0,159,240,89,89,44,0,0
NICHOJA01,1955,Jack,Nichols,BOS,N,60,1964,860,0,0,625,160,0,0,0,228,799,330,253,200,0,0
NOBLECH01,1955,Chuck,Noble,FTW,N,72,2013,686,0,0,261,282,0,0,0,253,767,270,195,146,0,0
PALAZTO01,1955,Togo,Palazzi,BOS,N,63,703,375,0,0,182,42,0,0,0,87,373,145,124,85,0,0
PARKME01,1955,Medford,Park,STL,N,40,424,150,0,0,94,40,0,0,0,64,152,53,70,44,0,0
PETERBO01,1955,Bob,Peterson,NYK,N,58,779,310,0,0,223,44,0,0,0,123,303,121,104,68,0,0
PETTIBO01,1955,Bob,Pettit,STL,N,72,2794,1849,0,0,1164,189,0,0,0,202,1507,646,757,557,0,0
PHILLAN01,1955,Andy,Phillip,FTW,N,70,2078,408,0,0,257,410,0,0,0,155,405,148,199,112,0,0
REGANRI01,1955,Richie,Regan,ROC,N,72,1746,565,0,0,174,222,0,0,0,179,681,240,133,85,0,0
RICKEDI01,1955,Dick,Ricketts,ROC,N,68,1943,608,0,0,490,206,0,0,0,287,752,235,195,138,0,0
RISENAR01,1955,Arnie,Risen,BOS,N,68,1597,548,0,0,553,88,0,0,0,300,493,189,240,170,0,0
ROCHARE01,1955,Red,Rocha,SYR,N,72,1883,720,0,0,416,131,0,0,0,244,692,250,281,220,0,0
SANTIBO01,1955,Bob,Santini,NYK,N,4,23,11,0,0,3,1,0,0,0,4,10,5,2,1,0,0
SCHAFBO01,1955,Bob,Schafer,STL,N,54,578,224,0,0,71,53,0,0,0,75,270,81,81,62,0,0
SCHAYDO01,1955,Dolph,Schayes,SYR,N,72,2517,1472,0,0,891,200,0,0,0,251,1202,465,632,542,0,0
SCHNIDI01,1955,Dick,Schnittker,MIE,N,72,1930,812,0,0,296,142,0,0,0,253,647,254,355,304,0,0
SEARSKE01,1955,Ken,Sears,NYK,N,70,2069,896,0,0,616,114,0,0,0,201,728,319,324,258,0,0
SELVYFR01,1955,Frank,Selvy,STL,N,17,444,187,0,0,54,35,0,0,0,38,183,67,71,53,0,0
SEYMOPA01,1955,Paul,Seymour,SYR,N,57,1826,642,0,0,152,276,0,0,0,130,670,227,233,188,0,0
SHARECH01,1955,Charlie,Share,STL,N,72,1975,976,0,0,774,131,0,0,0,318,733,315,498,346,0,0
SHARMBI01,1955,Bill,Sharman,BOS,N,72,2698,1434,0,0,259,339,0,0,0,197,1229,538,413,358,0,0
SHUEGE01,1955,Gene,Shue,NYK,N,72,1750,661,0,0,212,179,0,0,0,111,625,240,237,181,0,0
SIMMOCO01,1955,Connie,Simmons,ROC,N,68,903,366,0,0,235,82,0,0,0,142,428,144,129,78,0,0
SKOOGWH01,1955,Whitey,Skoog,MIE,N,72,2311,835,0,0,291,255,0,0,0,232,854,340,193,155,0,0
SPEAROD01,1955,Odie,Spears,FTW,N,72,1378,491,0,0,231,121,0,0,0,191,468,166,201,159,0,0
SPOELAR01,1955,Art,Spoelstra,ROC,N,72,1640,615,0,0,436,95,0,0,0,248,576,226,238,163,0,0
STEPHJA01,1955,Jack,Stephens,STL,N,72,2219,743,0,0,377,207,0,0,0,144,643,248,357,247,0,0
STOKEMA01,1955,Maurice,Stokes,ROC,N,67,2323,1125,0,0,1094,328,0,0,0,276,1137,403,447,319,0,0
TUCKEJI01,1955,Jim,Tucker,SYR,N,70,895,268,0,0,232,38,0,0,0,166,290,101,83,66,0,0
TWYMAJA01,1955,Jack,Twyman,ROC,N,72,2186,1038,0,0,466,171,0,0,0,239,987,417,298,204,0,0
VANDEER01,1955,Ernie,Vandeweghe,NYK,N,5,77,22,0,0,13,12,0,0,0,15,31,10,2,2,0,0
WANZEBO01,1955,Bobby,Wanzer,ROC,N,72,1980,749,0,0,272,225,0,0,0,151,651,245,360,259,0,0
WILLIBO01,1955,Bob,Williams,MIE,N,20,173,66,0,0,54,7,0,0,0,36,46,21,45,24,0,0
YARDLGE01,1955,George,Yardley,FTW,N,71,2353,1233,0,0,686,159,0,0,0,212,1067,434,492,365,0,0
ZASLOMA01,1955,Max,Zaslofsky,FTW,N,9,182,88,0,0,16,16,0,0,0,18,81,29,35,30,0,0
ABLEFO01,1956,Forest,Able,SYR,N,1,1,0,0,0,1,1,0,0,0,1,2,0,0,0,0,0
ARIZIPA01,1956,Paul,Arizin,PH1,N,71,2767,1817,0,0,561,150,0,0,0,274,1451,613,713,591,0,0
ARMSTBO01,1956,Bob,Armstrong,PH1,N,19,110,28,0,0,39,3,0,0,0,13,37,11,12,6,0,0
BAECHJI01,1956,Jim,Baechtold,NYK,N,45,462,216,0,0,80,33,0,0,0,39,197,75,88,66,0,0
BARBEJO01,1956,John,Barber,STL,N,5,5,7,0,0,6,0,0,0,0,4,8,2,6,3,0,0
BECKER01,1956,Ernie,Beck,PH1,N,72,1743,501,0,0,312,190,0,0,0,155,508,195,157,111,0,0
BEMORIR01,1956,Irv,Bemoras,STL,N,62,983,318,0,0,127,46,0,0,0,76,385,124,103,70,0,0
BERGEGA01,1956,Gary,Bergen,NYK,N,6,40,8,0,0,8,1,0,0,0,4,11,3,2,2,0,0
BIANCAL01,1956,Al,Bianchi,SYR,N,68,1577,563,0,0,227,106,0,0,0,198,567,199,239,165,0,0
BRAUNCA01,1956,Carl,Braun,NYK,N,72,2345,1001,0,0,259,256,0,0,0,195,993,378,303,245,0,0
BURROBO01,1956,Bob,Burrow,ROC,N,67,1028,404,0,0,293,41,0,0,0,165,366,137,211,130,0,0
CLIFTNA01,1956,Nat,Clifton,NYK,N,71,2231,762,0,0,557,164,0,0,0,243,818,308,217,146,0,0
COLEMJA01,1956,Jack,Coleman,STL,N,72,2145,755,0,0,645,159,0,0,0,235,775,316,161,123,0,0
CONLIED01,1956,Ed,Conlin,SYR,N,71,2250,953,0,0,430,205,0,0,0,170,896,335,368,283,0,0
COSTELA01,1956,Larry,Costello,PH1,N,72,2111,547,0,0,323,236,0,0,0,182,497,186,222,175,0,0
COUSYBO01,1956,Bob,Cousy,BOS,N,64,2364,1319,0,0,309,478,0,0,0,134,1264,478,442,363,0,0
DAVISWA01,1956,Walt,Davis,PH1,N,65,1250,430,0,0,306,52,0,0,0,235,437,178,106,74,0,0
DEMPSGE01,1956,George,Dempsey,PH1,N,71,1147,323,0,0,251,136,0,0,0,107,302,134,102,55,0,0
DEVLIWA01,1956,Walter,Devlin,FTW,N,71,1242,477,0,0,146,141,0,0,0,114,502,190,143,97,0,0
DUKESWA01,1956,Walter,Dukes,MIE,N,71,1866,720,0,0,794,54,0,0,0,273,626,228,383,264,0,0
FELIXRA01,1956,Ray,Felix,NYK,N,72,1622,867,0,0,587,36,0,0,0,284,709,295,371,277,0,0
FLEMIED01,1956,Ed,Fleming,ROC,N,51,927,357,0,0,183,81,0,0,0,94,364,109,191,139,0,0
FOUSTLA01,1956,Larry,Foust,FTW,N,61,1533,759,0,0,555,71,0,0,0,221,617,243,380,273,0,0
GALLAHA01,1956,Harry,Gallatin,NYK,N,72,1943,1079,0,0,725,85,0,0,0,202,817,332,519,415,0,0
GARMADI01,1956,Dick,Garmaker,MIE,N,72,2406,1177,0,0,336,190,0,0,0,199,1015,406,435,365,0,0
GEORGJA01,1956,Jack,George,PH1,N,67,2229,706,0,0,318,307,0,0,0,165,750,253,293,200,0,0
GRABOJO01,1956,Joe,Graboski,PH1,N,72,2501,1032,0,0,614,140,0,0,0,244,1118,390,322,252,0,0
GREENSI01,1956,Si,Green,ROC,N,13,423,149,0,0,67,47,0,0,0,36,143,50,69,49,0,0
GUERIRI01,1956,Richie,Guerin,NYK,N,72,1793,695,0,0,334,182,0,0,0,186,699,257,292,181,0,0
HAGANCL01,1956,Cliff,Hagan,STL,N,67,971,368,0,0,247,86,0,0,0,165,371,134,145,100,0,0
HANNUAL01,1956,Alex,Hannum,STL,N,59,642,191,0,0,158,28,0,0,0,135,223,77,56,37,0,0
HARRIBO02,1956,Bob,Harrison,SYR,N,66,1810,579,0,0,156,161,0,0,0,220,629,243,130,93,0,0
HEINSTO01,1956,Tom,Heinsohn,BOS,N,72,2150,1163,0,0,705,117,0,0,0,304,1123,446,343,271,0,0
HEMRIDI01,1956,Dick,Hemric,BOS,N,67,1055,364,0,0,304,42,0,0,0,98,317,109,210,146,0,0
HENNELA01,1956,Larry,Hennessy,SYR,N,21,373,135,0,0,45,27,0,0,0,28,175,56,32,23,0,0
HITCHLE01,1956,Lew,Hitch,PH1,N,68,1133,285,0,0,253,40,0,0,0,103,296,111,88,63,0,0
HOLUPJO01,1956,Joe,Holup,SYR,N,71,1284,524,0,0,279,84,0,0,0,177,487,160,253,204,0,0
HOPKIBO01,1956,Bob,Hopkins,SYR,N,62,764,354,0,0,233,22,0,0,0,106,343,130,126,94,0,0
HOUBRBO01,1956,Bob,Houbregs,FTW,N,60,1592,673,0,0,401,113,0,0,0,118,585,253,234,167,0,0
HUTCHME01,1956,Mel,Hutchins,FTW,N,72,2647,890,0,0,571,210,0,0,0,182,953,369,206,152,0,0
JOHNSNE02,1956,Neil,Johnston,PH1,N,69,2531,1575,0,0,855,203,0,0,0,231,1163,520,648,535,0,0
JORDOPH01,1956,Phil,Jordon,NYK,N,9,91,44,0,0,34,2,0,0,0,15,49,18,12,8,0,0
KALAFED01,1956,Ed,Kalafat,MIE,N,65,1617,553,0,0,425,105,0,0,0,243,507,178,298,197,0,0
KENVIBI01,1956,Bill,Kenville,FTW,N,71,1701,582,0,0,324,172,0,0,0,169,608,204,218,174,0,0
KERRJO01,1956,Johnny,Kerr,SYR,N,72,2191,891,0,0,807,90,0,0,0,190,827,333,313,225,0,0
LEARHA01,1956,Hal,Lear,PH1,N,3,14,4,0,0,1,1,0,0,0,3,6,2,0,0,0,0
LEONABO01,1956,Bob,Leonard,MIE,N,72,1943,792,0,0,220,169,0,0,0,140,867,303,241,186,0,0
LLOYDEA01,1956,Earl,Lloyd,SYR,N,72,1965,646,0,0,435,114,0,0,0,282,687,256,179,134,0,0
LOSCUJI01,1956,Jim,Loscutoff,BOS,N,70,2220,744,0,0,730,89,0,0,0,244,888,306,187,132,0,0
LOVELCL01,1956,Clyde,Lovellette,MIE,N,69,2492,1434,0,0,932,139,0,0,0,251,1348,574,399,286,0,0
MACAUED01,1956,Ed,Macauley,STL,N,72,2582,1187,0,0,440,202,0,0,0,206,987,414,479,359,0,0
MARSHTO01,1956,Tom,Marshall,ROC,N,40,460,159,0,0,83,31,0,0,0,33,163,56,58,47,0,0
MARTISL01,1956,Slater,Martin,STL,N,66,2401,718,0,0,288,269,0,0,0,193,736,244,291,230,0,0
MCCARJO01,1956,Johnny,Mccarthy,ROC,N,72,1560,476,0,0,201,107,0,0,0,130,460,173,193,130,0,0
MCGUIDI01,1956,Dick,Mcguire,NYK,N,72,1191,385,0,0,146,222,0,0,0,103,366,140,163,105,0,0
MCMAHJA01,1956,Jack,Mcmahon,STL,N,72,2344,620,0,0,222,367,0,0,0,213,725,239,225,142,0,0
MENCECH01,1956,Chuck,Mencel,MIE,N,72,1848,665,0,0,237,201,0,0,0,95,688,243,240,179,0,0
MIKKEVE01,1956,Vern,Mikkelsen,MIE,N,72,2198,986,0,0,630,121,0,0,0,312,854,322,424,342,0,0
MOOREJA01,1956,Jackie,Moore,PH1,N,57,400,123,0,0,116,21,0,0,0,75,106,43,46,37,0,0
NAULLWI01,1956,Willie,Naulls,NYK,N,71,1778,718,0,0,617,84,0,0,0,186,820,293,195,132,0,0
NICHOJA01,1956,Jack,Nichols,BOS,N,61,1372,498,0,0,374,85,0,0,0,185,537,195,136,108,0,0
NOBLECH01,1956,Chuck,Noble,FTW,N,54,1260,476,0,0,135,180,0,0,0,161,556,200,102,76,0,0
PALAZTO01,1956,Togo,Palazzi,SYR,N,63,1013,556,0,0,262,49,0,0,0,117,571,210,175,136,0,0
PARKME01,1956,Medford,Park,STL,N,66,1130,344,0,0,200,94,0,0,0,137,324,118,146,108,0,0
PAXSOJI02,1956,Jim,Paxson,MIE,N,71,1274,446,0,0,266,86,0,0,0,163,485,138,236,170,0,0
PETTIBO01,1956,Bob,Pettit,STL,N,71,2491,1755,0,0,1037,133,0,0,0,181,1477,613,684,529,0,0
PHILLAN01,1956,Andy,Phillip,BOS,N,67,1476,298,0,0,181,168,0,0,0,121,277,105,137,88,0,0
PIONTDA01,1956,Dave,Piontek,ROC,N,71,1759,636,0,0,351,108,0,0,0,141,637,257,183,122,0,0
RAMSEFR01,1956,Frank,Ramsey,BOS,N,35,807,418,0,0,178,67,0,0,0,113,349,137,182,144,0,0
RAYJI01,1956,Jim,Ray,SYR,N,4,43,7,0,0,5,3,0,0,0,4,11,2,5,3,0,0
REGANRI01,1956,Richie,Regan,ROC,N,71,2100,696,0,0,205,222,0,0,0,179,780,257,235,182,0,0
RICKEDI01,1956,Dick,Ricketts,ROC,N,72,2114,804,0,0,437,127,0,0,0,307,869,299,297,206,0,0
RISENAR01,1956,Arnie,Risen,BOS,N,43,935,344,0,0,286,53,0,0,0,163,307,119,156,106,0,0
ROCHARE01,1956,Red,Rocha,FTW,N,72,1154,381,0,0,272,81,0,0,0,162,390,136,144,109,0,0
ROSENDI01,1956,Dick,Rosenthal,FTW,N,18,188,51,0,0,52,17,0,0,0,22,79,21,17,9,0,0
RUSSEBI01,1956,Bill,Russell,BOS,N,48,1695,706,0,0,943,88,0,0,0,143,649,277,309,152,0,0
SAVAGDO01,1956,Don,Savage,SYR,N,5,55,18,0,0,7,2,0,0,0,7,19,6,7,6,0,0
SCHAFBO01,1956,Bob,Schafer,SYR,N,11,167,49,0,0,11,15,0,0,0,16,66,19,13,11,0,0
SCHAYDO01,1956,Dolph,Schayes,SYR,N,72,2851,1617,0,0,1008,229,0,0,0,219,1308,496,691,625,0,0
SCHNIDI01,1956,Dick,Schnittker,MIE,N,70,997,386,0,0,185,52,0,0,0,144,351,113,193,160,0,0
SEARSKE01,1956,Ken,Sears,NYK,N,72,2516,1069,0,0,614,101,0,0,0,226,821,343,485,383,0,0
SEYMOPA01,1956,Paul,Seymour,SYR,N,65,1235,387,0,0,130,193,0,0,0,91,442,143,123,101,0,0
SHARECH01,1956,Charlie,Share,STL,N,72,1673,739,0,0,642,79,0,0,0,269,535,235,393,269,0,0
SHARMBI01,1956,Bill,Sharman,BOS,N,67,2403,1413,0,0,286,236,0,0,0,188,1241,516,421,381,0,0
SHAVLRO01,1956,Ron,Shavlik,NYK,N,7,72,10,0,0,22,0,0,0,0,12,22,4,5,2,0,0
SHUEGE01,1956,Gene,Shue,FTW,N,72,2470,787,0,0,421,238,0,0,0,137,710,273,316,241,0,0
SKOOGWH01,1956,Whitey,Skoog,MIE,N,23,656,200,0,0,72,76,0,0,0,65,220,78,47,44,0,0
SOBIERO01,1956,Ron,Sobie,NYK,N,71,1378,484,0,0,326,129,0,0,0,158,442,166,199,152,0,0
SPEAROD01,1956,Odie,Spears,STL,N,11,118,43,0,0,15,7,0,0,0,24,38,12,22,19,0,0
SPOELAR01,1956,Art,Spoelstra,ROC,N,69,1176,522,0,0,220,56,0,0,0,168,559,217,120,88,0,0
STEWANO01,1956,Norm,Stewart,STL,N,5,37,10,0,0,5,2,0,0,0,9,15,4,6,2,0,0
STOKEMA01,1956,Maurice,Stokes,ROC,N,72,2761,1124,0,0,1256,331,0,0,0,287,1249,434,385,256,0,0
THIEBBI01,1956,Bill,Thieben,FTW,N,58,633,237,0,0,207,17,0,0,0,78,256,90,87,57,0,0
TSIORLO01,1956,Lou,Tsioropoulos,BOS,N,52,670,227,0,0,207,33,0,0,0,135,256,79,89,69,0,0
TUCKEJI01,1956,Jim,Tucker,SYR,N,9,119,34,0,0,20,2,0,0,0,26,44,17,1,0,0,0
TWYMAJA01,1956,Jack,Twyman,ROC,N,72,2338,1174,0,0,354,123,0,0,0,251,1023,449,363,276,0,0
WANZEBO01,1956,Bobby,Wanzer,ROC,N,21,159,82,0,0,25,9,0,0,0,20,49,23,46,36,0,0
WILLIBO01,1956,Bob,Williams,MIE,N,4,30,4,0,0,5,0,0,0,0,2,4,1,3,2,0,0
YARDLGE01,1956,George,Yardley,FTW,N,72,2691,1547,0,0,755,147,0,0,0,231,1273,522,639,503,0,0
ARIZIPA01,1957,Paul,Arizin,PH1,N,68,2377,1406,0,0,503,135,0,0,0,235,1229,483,544,440,0,0
ATHARI01,1957,Richard,Atha,DET,N,18,160,44,0,0,24,19,0,0,0,24,47,17,12,10,0,0
BECKER01,1957,Ernie,Beck,PH1,N,71,1974,714,0,0,307,190,0,0,0,173,683,272,203,170,0,0
BIANCAL01,1957,Al,Bianchi,SYR,N,69,1421,570,0,0,221,114,0,0,0,188,625,215,205,140,0,0
BOLSTDO01,1957,Doug,Bolstorff,DET,N,3,21,4,0,0,0,0,0,0,0,1,5,2,0,0,0,0
BRAUNCA01,1957,Carl,Braun,NYK,N,71,2475,1173,0,0,330,393,0,0,0,183,1018,426,378,321,0,0
BROWNGE01,1957,George,Brown,MIE,N,1,6,1,0,0,1,0,0,0,0,1,2,0,2,1,0,0
BURROBO01,1957,Bob,Burrow,MIE,N,14,171,55,0,0,64,6,0,0,0,15,70,22,33,11,0,0
CLIFTNA01,1957,Nat,Clifton,DET,N,68,1435,525,0,0,403,76,0,0,0,202,597,217,146,91,0,0
COLEMJA01,1957,Jack,Coleman,STL,N,72,1506,546,0,0,485,117,0,0,0,169,560,231,131,84,0,0
CONLIED01,1957,Ed,Conlin,SYR,N,60,1871,901,0,0,436,133,0,0,0,168,877,343,270,215,0,0
COSTELA01,1957,Larry,Costello,SYR,N,72,2746,1076,0,0,378,317,0,0,0,246,888,378,378,320,0,0
COUSYBO01,1957,Bob,Cousy,BOS,N,65,2222,1167,0,0,322,463,0,0,0,136,1262,445,326,277,0,0
DAVISWA01,1957,Walt,Davis,PH1,N,61,663,231,0,0,174,29,0,0,0,143,244,85,82,61,0,0
DEMPSGE01,1957,George,Dempsey,PH1,N,67,1048,294,0,0,214,128,0,0,0,113,311,112,105,70,0,0
DEVLIWA01,1957,Walter,Devlin,MIE,N,70,1248,473,0,0,132,167,0,0,0,104,489,170,172,133,0,0
DUCKEDI01,1957,Dick,Duckett,CIN,N,34,424,132,0,0,56,47,0,0,0,60,158,54,27,24,0,0
DUKESWA01,1957,Walter,Dukes,DET,N,72,2184,803,0,0,954,52,0,0,0,311,796,278,366,247,0,0
DUNNPA01,1957,Pat,Dunn,PH1,N,28,206,70,0,0,31,28,0,0,0,20,90,28,17,14,0,0
EBBENBI01,1957,Bill,Ebben,DET,N,8,50,15,0,0,8,4,0,0,0,5,28,6,4,3,0,0
ERIASBO01,1957,Bo,Erias,MIE,N,18,401,148,0,0,83,26,0,0,0,52,170,59,47,30,0,0
FELIXRA01,1957,Ray,Felix,NYK,N,72,1709,879,0,0,747,52,0,0,0,283,688,304,389,271,0,0
FLEMIED01,1957,Ed,Fleming,MIE,N,72,1686,633,0,0,492,139,0,0,0,222,655,226,255,181,0,0
FOUSTLA01,1957,Larry,Foust,MIE,N,72,2200,1210,0,0,876,108,0,0,0,299,982,391,566,428,0,0
FRIENLA01,1957,Larry,Friend,NYK,N,44,569,175,0,0,106,47,0,0,0,54,226,74,41,27,0,0
GALLAHA01,1957,Harry,Gallatin,DET,N,72,1990,1072,0,0,749,86,0,0,0,217,898,340,498,392,0,0
GARMADI01,1957,Dick,Garmaker,MIE,N,68,2216,1094,0,0,365,183,0,0,0,190,988,390,411,314,0,0
GEORGJA01,1957,Jack,George,PH1,N,72,1910,642,0,0,288,234,0,0,0,140,627,232,242,178,0,0
GOLATO01,1957,Tom,Gola,PH1,N,59,2126,813,0,0,639,327,0,0,0,225,711,295,299,223,0,0
GRABOJO01,1957,Joe,Graboski,PH1,N,72,2077,909,0,0,570,125,0,0,0,249,1017,341,303,227,0,0
GUERIRI01,1957,Richie,Guerin,NYK,N,63,2368,1041,0,0,489,317,0,0,0,202,973,344,511,353,0,0
HAGANCL01,1957,Cliff,Hagan,STL,N,70,2190,1391,0,0,707,175,0,0,0,267,1135,503,501,385,0,0
HARRIBO02,1957,Bob,Harrison,SYR,N,72,1799,517,0,0,166,169,0,0,0,200,604,210,122,97,0,0
HEINSTO01,1957,Tom,Heinsohn,BOS,N,69,2206,1230,0,0,705,125,0,0,0,274,1226,468,394,294,0,0
HOLUPJO01,1957,Joe,Holup,DET,N,53,740,253,0,0,221,36,0,0,0,99,278,91,94,71,0,0
HOPKIBO01,1957,Bob,Hopkins,SYR,N,69,1224,565,0,0,392,45,0,0,0,162,554,221,161,123,0,0
HOUBRBO01,1957,Bob,Houbregs,DET,N,17,302,128,0,0,65,19,0,0,0,36,137,49,43,30,0,0
HUNDLRO01,1957,Rod,Hundley,MIE,N,65,1154,452,0,0,186,121,0,0,0,99,548,174,162,104,0,0
HUTCHME01,1957,Mel,Hutchins,NYK,N,18,384,126,0,0,86,34,0,0,0,31,131,51,43,24,0,0
INGRAJO01,1957,Joel,Ingram,MIE,N,24,267,67,0,0,116,20,0,0,0,44,103,27,28,13,0,0
JOHNSNE02,1957,Neil,Johnston,PH1,N,71,2408,1388,0,0,790,166,0,0,0,233,1102,473,540,442,0,0
JONESSA01,1957,Sam,Jones,BOS,N,56,594,260,0,0,160,37,0,0,0,42,233,100,84,60,0,0
JORDOPH01,1957,Phil,Jordon,DET,N,58,898,450,0,0,301,37,0,0,0,108,467,193,93,64,0,0
KENVIBI01,1957,Bill,Kenville,DET,N,35,649,258,0,0,102,66,0,0,0,68,280,106,75,46,0,0
KERRJO01,1957,Johnny,Kerr,SYR,N,72,2384,1094,0,0,963,88,0,0,0,197,1020,407,422,280,0,0
KINGGE01,1957,George,King,CIN,N,63,2272,610,0,0,306,337,0,0,0,124,645,235,227,140,0,0
KREBSJI01,1957,Jim,Krebs,MIE,N,68,1259,533,0,0,502,27,0,0,0,182,527,199,176,135,0,0
LEONABO01,1957,Bob,Leonard,MIE,N,66,2074,737,0,0,237,218,0,0,0,145,794,266,268,205,0,0
LLOYDEA01,1957,Earl,Lloyd,SYR,N,61,1045,317,0,0,287,60,0,0,0,179,359,119,106,79,0,0
LOSCUJI01,1957,Jim,Loscutoff,BOS,N,5,56,23,0,0,20,1,0,0,0,8,31,11,3,1,0,0
LOVELCL01,1957,Clyde,Lovellette,CIN,N,71,2589,1659,0,0,862,134,0,0,0,236,1540,679,405,301,0,0
MACAUED01,1957,Ed,Macauley,STL,N,72,1908,1019,0,0,478,143,0,0,0,156,879,376,369,267,0,0
MARSHTO01,1957,Tom,Marshall,CIN,N,38,518,152,0,0,101,19,0,0,0,43,166,52,63,48,0,0
MARTISL01,1957,Slater,Martin,STL,N,60,2098,722,0,0,228,218,0,0,0,187,768,258,276,206,0,0
MCCANBR01,1957,Brendan,Mccann,NYK,N,36,295,69,0,0,45,54,0,0,0,34,100,22,37,25,0,0
MCGUIDI01,1957,Dick,Mcguire,DET,N,69,2311,556,0,0,291,454,0,0,0,178,544,203,225,150,0,0
MCMAHJA01,1957,Jack,Mcmahon,STL,N,72,2239,566,0,0,195,333,0,0,0,184,719,216,221,134,0,0
MEINEDO01,1957,Don,Meineke,CIN,N,67,792,327,0,0,226,38,0,0,0,155,351,125,119,77,0,0
MIKKEVE01,1957,Vern,Mikkelsen,MIE,N,72,2390,1248,0,0,805,166,0,0,0,299,1070,439,471,370,0,0
MORRIDW01,1957,Dwight,Morrison,STL,N,13,79,21,0,0,26,0,0,0,0,12,26,9,4,3,0,0
NAULLWI01,1957,Willie,Naulls,NYK,N,68,2369,1228,0,0,799,97,0,0,0,220,1189,472,344,284,0,0
NICHOJA01,1957,Jack,Nichols,BOS,N,69,1224,399,0,0,302,63,0,0,0,123,484,170,80,59,0,0
NOBLECH01,1957,Chuck,Noble,DET,N,61,1363,454,0,0,140,153,0,0,0,166,601,199,77,56,0,0
PALAZTO01,1957,Togo,Palazzi,SYR,N,67,1001,579,0,0,243,42,0,0,0,125,579,228,171,123,0,0
PARKME01,1957,Medford,Park,STL,N,71,1103,384,0,0,184,76,0,0,0,106,363,133,162,118,0,0
PATTEWO01,1957,Worthy,Patterson,STL,N,4,3,7,0,0,2,2,0,0,0,3,8,3,2,1,0,0
PAULSJE01,1957,Jerry,Paulson,CIN,N,6,68,20,0,0,10,4,0,0,0,5,23,8,6,4,0,0
PAXSOJI02,1957,Jim,Paxson,CIN,N,67,1795,659,0,0,350,139,0,0,0,183,639,225,285,209,0,0
PETTIBO01,1957,Bob,Pettit,STL,N,70,2528,1719,0,0,1216,157,0,0,0,222,1418,581,744,557,0,0
PHILLAN01,1957,Andy,Phillip,BOS,N,70,1164,236,0,0,158,121,0,0,0,121,273,97,71,42,0,0
PIONTDA01,1957,Dave,Piontek,CIN,N,71,1032,395,0,0,254,52,0,0,0,134,397,150,151,95,0,0
RADZIRA01,1957,Ray,Radziszewski,PH1,N,1,6,0,0,0,2,1,0,0,0,1,3,0,0,0,0,0
RAMSEFR01,1957,Frank,Ramsey,BOS,N,69,2047,1137,0,0,504,167,0,0,0,245,900,377,472,383,0,0
REGANRI01,1957,Richie,Regan,CIN,N,72,1648,524,0,0,175,185,0,0,0,174,569,202,172,120,0,0
RICKEDI01,1957,Dick,Ricketts,CIN,N,72,1620,562,0,0,410,114,0,0,0,277,664,215,196,132,0,0
RISENAR01,1957,Arnie,Risen,BOS,N,63,1119,382,0,0,360,50,0,0,0,195,397,134,167,114,0,0
ROSENLE01,1957,Lennie,Rosenbluth,PH1,N,53,373,235,0,0,91,23,0,0,0,39,265,91,84,53,0,0
RUSSEBI01,1957,Bill,Russell,BOS,N,69,2640,1142,0,0,1564,202,0,0,0,181,1032,456,443,230,0,0
SAULDWO01,1957,Woody,Sauldsberry,PH1,N,71,2377,912,0,0,729,58,0,0,0,245,1082,389,218,134,0,0
SCHAYDO01,1957,Dolph,Schayes,SYR,N,72,2918,1791,0,0,1022,224,0,0,0,244,1458,581,696,629,0,0
SCHNIDI01,1957,Dick,Schnittker,MIE,N,50,979,457,0,0,211,71,0,0,0,126,357,128,237,201,0,0
SEARSKE01,1957,Ken,Sears,NYK,N,72,2685,1342,0,0,785,126,0,0,0,251,1014,445,550,452,0,0
SELVYFR01,1957,Frank,Selvy,TOT,N,38,426,135,0,0,88,35,0,0,0,44,167,44,77,47,0,0
SELVYFR01,1957,Frank,Selvy,MIE,N,12,231,76,0,0,35,19,0,0,0,21,84,28,29,20,0,0
SELVYFR01,1957,Frank,Selvy,STL,N,26,195,59,0,0,53,16,0,0,0,23,83,16,48,27,0,0
SEYMOPA01,1957,Paul,Seymour,SYR,N,64,763,267,0,0,107,93,0,0,0,88,315,107,63,53,0,0
SHARECH01,1957,Charlie,Share,STL,N,72,1824,622,0,0,749,130,0,0,0,279,545,216,293,190,0,0
SHARMBI01,1957,Bill,Sharman,BOS,N,63,2214,1402,0,0,295,167,0,0,0,156,1297,550,338,302,0,0
SHAVLRO01,1957,Ron,Shavlik,NYK,N,1,2,0,0,0,1,0,0,0,0,0,1,0,0,0,0,0
SHUEGE01,1957,Gene,Shue,DET,N,63,2333,982,0,0,333,172,0,0,0,150,919,353,327,276,0,0
SOBIERO01,1957,Ron,Sobie,NYK,N,55,1399,630,0,0,263,125,0,0,0,147,539,217,239,196,0,0
SPARRGU01,1957,Guy,Sparrow,NYK,N,72,1661,801,0,0,461,69,0,0,0,232,838,318,257,165,0,0
SPOELAR01,1957,Art,Spoelstra,MIE,N,67,1305,449,0,0,332,57,0,0,0,225,419,161,187,127,0,0
STOKEMA01,1957,Maurice,Stokes,CIN,N,63,2460,1066,0,0,1142,403,0,0,0,226,1181,414,333,238,0,0
THIEBBI01,1957,Bill,Thieben,DET,N,27,243,100,0,0,65,7,0,0,0,44,143,42,27,16,0,0
TSIORLO01,1957,Lou,Tsioropoulos,BOS,N,70,1819,538,0,0,434,112,0,0,0,242,624,198,207,142,0,0
TWYMAJA01,1957,Jack,Twyman,CIN,N,72,2178,1237,0,0,464,110,0,0,0,224,1028,465,396,307,0,0
TYRACH01,1957,Charlie,Tyra,NYK,N,68,1182,500,0,0,480,34,0,0,0,175,490,175,224,150,0,0
WALSHJI01,1957,Jim,Walsh,PH1,N,10,72,20,0,0,15,8,0,0,0,9,27,5,17,10,0,0
WILFOWI01,1957,Win,Wilfong,STL,N,71,1360,555,0,0,290,163,0,0,0,199,543,196,238,163,0,0
YARDLGE01,1957,George,Yardley,DET,N,72,2843,2001,0,0,768,97,0,0,0,226,1624,673,808,655,0,0
ARIZIPA01,1958,Paul,Arizin,PH1,N,70,2799,1851,0,0,637,119,0,0,0,264,1466,632,722,587,0,0
BAYLOEL01,1958,Elgin,Baylor,MIE,N,70,2855,1742,0,0,1050,287,0,0,0,270,1482,605,685,532,0,0
BECKER01,1958,Ernie,Beck,PH1,N,70,1017,369,0,0,176,89,0,0,0,124,418,163,65,43,0,0
BIANCAL01,1958,Al,Bianchi,SYR,N,72,1779,719,0,0,199,159,0,0,0,260,756,285,206,149,0,0
BIRDJE01,1958,Jerry,Bird,NYK,N,11,45,25,0,0,12,4,0,0,0,7,32,12,1,1,0,0
BOCKHAR01,1958,Arlen,Bockhorn,CIN,N,71,2251,726,0,0,460,206,0,0,0,215,771,294,196,138,0,0
BRAUNCA01,1958,Carl,Braun,NYK,N,72,1959,754,0,0,251,349,0,0,0,178,684,287,218,180,0,0
BRENNPE01,1958,Pete,Brennan,NYK,N,16,136,40,0,0,31,6,0,0,0,15,43,13,25,14,0,0
CABLEBA01,1958,Barney,Cable,DET,N,31,271,109,0,0,88,12,0,0,0,30,126,43,29,23,0,0
CONLEGE01,1958,Gene,Conley,BOS,N,50,663,209,0,0,276,19,0,0,0,117,262,86,64,37,0,0
CONLIED01,1958,Ed,Conlin,SYR,N,72,1955,855,0,0,394,132,0,0,0,188,891,329,274,197,0,0
COSTELA01,1958,Larry,Costello,SYR,N,70,2750,1108,0,0,365,379,0,0,0,263,948,414,349,280,0,0
COUSYBO01,1958,Bob,Cousy,BOS,N,65,2403,1297,0,0,359,557,0,0,0,135,1260,484,385,329,0,0
DEESAR01,1958,Archie,Dees,CIN,N,68,1252,559,0,0,339,56,0,0,0,114,562,200,204,159,0,0
DEMPSGE01,1958,George,Dempsey,SYR,N,57,694,265,0,0,160,68,0,0,0,95,215,92,106,81,0,0
DIERKCO01,1958,Connie,Dierking,SYR,N,64,726,293,0,0,233,34,0,0,0,148,290,105,140,83,0,0
DUKESWA01,1958,Walter,Dukes,DET,N,72,2338,933,0,0,958,64,0,0,0,332,904,318,452,297,0,0
ELLISAL01,1958,Alexander,Ellis,MIE,N,72,1202,428,0,0,380,59,0,0,0,137,379,163,144,102,0,0
EMBRYWA01,1958,Wayne,Embry,CIN,N,66,1590,750,0,0,597,96,0,0,0,232,702,272,314,206,0,0
FARLEDI01,1958,Dick,Farley,DET,N,70,1280,491,0,0,195,124,0,0,0,130,448,177,186,137,0,0
FARMEMI01,1958,Mike,Farmer,NYK,N,72,1545,435,0,0,315,66,0,0,0,152,498,176,99,83,0,0
FELIXRA01,1958,Ray,Felix,NYK,N,72,1588,749,0,0,569,49,0,0,0,275,700,260,321,229,0,0
FERRAAL01,1958,Al,Ferrari,STL,N,72,1189,413,0,0,142,122,0,0,0,155,385,134,199,145,0,0
FLEMIED01,1958,Ed,Fleming,MIE,N,71,1132,461,0,0,281,89,0,0,0,148,419,162,190,137,0,0
FOUSTLA01,1958,Larry,Foust,MIE,N,72,1933,882,0,0,627,91,0,0,0,233,771,301,366,280,0,0
GAMBEDA01,1958,Dave,Gambee,STL,N,2,7,2,0,0,2,0,0,0,0,2,1,1,0,0,0,0
GARMADI01,1958,Dick,Garmaker,MIE,N,72,2493,984,0,0,325,211,0,0,0,226,885,350,368,284,0,0
GEORGJA01,1958,Jack,George,PH1,N,71,1881,619,0,0,293,221,0,0,0,149,674,233,203,153,0,0
GOLATO01,1958,Tom,Gola,PH1,N,64,2333,901,0,0,710,269,0,0,0,243,773,310,357,281,0,0
GRABOJO01,1958,Joe,Graboski,PH1,N,72,2482,1058,0,0,751,148,0,0,0,249,1116,394,360,270,0,0
GREENSI01,1958,Si,Green,STL,N,46,1109,396,0,0,252,113,0,0,0,127,415,146,160,104,0,0
GREERHA01,1958,Hal,Greer,SYR,N,68,1625,753,0,0,196,101,0,0,0,189,679,308,176,137,0,0
GUERIRI01,1958,Richie,Guerin,NYK,N,71,2558,1291,0,0,518,364,0,0,0,255,1046,443,505,405,0,0
HAGANCL01,1958,Cliff,Hagan,STL,N,72,2702,1707,0,0,783,245,0,0,0,275,1417,646,536,415,0,0
HAMILST01,1958,Steve,Hamilton,MIE,N,67,847,292,0,0,220,36,0,0,0,144,294,109,109,74,0,0
HATTOVE01,1958,Vern,Hatton,PH1,N,64,1109,375,0,0,178,70,0,0,0,111,418,149,105,77,0,0
HEINSTO01,1958,Tom,Heinsohn,BOS,N,66,2089,1242,0,0,638,164,0,0,0,271,1192,465,391,312,0,0
HOLUPJO01,1958,Joe,Holup,DET,N,68,1502,570,0,0,352,73,0,0,0,239,580,209,200,152,0,0
HOPKIBO01,1958,Bob,Hopkins,SYR,N,67,1518,668,0,0,436,67,0,0,0,181,611,246,234,176,0,0
HUNDLRO01,1958,Rod,Hundley,MIE,N,71,1664,682,0,0,250,205,0,0,0,139,719,259,218,164,0,0
JOHNSAN01,1958,Andy,Johnson,PH1,N,67,1158,463,0,0,212,90,0,0,0,176,466,174,191,115,0,0
JOHNSNE02,1958,Neil,Johnston,PH1,N,28,393,177,0,0,139,21,0,0,0,50,164,54,88,69,0,0
JONESKC01,1958,K.c.,Jones,BOS,N,49,609,171,0,0,127,70,0,0,0,58,192,65,68,41,0,0
JONESSA01,1958,Sam,Jones,BOS,N,71,1466,761,0,0,428,101,0,0,0,102,703,305,196,151,0,0
JORDOPH01,1958,Phil,Jordon,DET,N,72,2058,1029,0,0,594,83,0,0,0,193,967,399,303,231,0,0
KEARNTO01,1958,Tommy,Kearns,SYR,N,1,7,2,0,0,0,0,0,0,0,1,1,1,0,0,0,0
KERRJO01,1958,Johnny,Kerr,SYR,N,72,2671,1285,0,0,1008,142,0,0,0,183,1139,502,367,281,0,0
KREBSJI01,1958,Jim,Krebs,MIE,N,72,1578,634,0,0,491,50,0,0,0,212,679,271,123,92,0,0
LEONABO01,1958,Bob,Leonard,MIE,N,58,1598,532,0,0,178,186,0,0,0,119,552,206,160,120,0,0
LLOYDEA01,1958,Earl,Lloyd,DET,N,72,1796,605,0,0,500,90,0,0,0,291,670,234,182,137,0,0
LOSCUJI01,1958,Jim,Loscutoff,BOS,N,66,1680,546,0,0,460,60,0,0,0,285,686,242,84,62,0,0
LOVELCL01,1958,Clyde,Lovellette,STL,N,70,1599,1009,0,0,605,91,0,0,0,216,885,402,250,205,0,0
MACAUED01,1958,Ed,Macauley,STL,N,14,196,65,0,0,40,13,0,0,0,20,75,22,35,21,0,0
MARSHTO01,1958,Tom,Marshall,CIN,N,18,272,64,0,0,52,27,0,0,0,22,79,23,29,18,0,0
MARTISL01,1958,Slater,Martin,STL,N,71,2504,687,0,0,253,336,0,0,0,230,706,245,254,197,0,0
MCCANBR01,1958,Brendan,Mccann,NYK,N,1,7,0,0,0,1,1,0,0,0,1,3,0,0,0,0,0
MCCARJO01,1958,Johnny,Mccarthy,CIN,N,47,1827,606,0,0,227,225,0,0,0,158,657,245,174,116,0,0
MCGUIDI01,1958,Dick,Mcguire,DET,N,71,2063,655,0,0,285,443,0,0,0,147,543,232,258,191,0,0
MCMAHJA01,1958,Jack,Mcmahon,STL,N,72,2235,592,0,0,164,298,0,0,0,221,692,248,156,96,0,0
MCMILSH01,1958,Shellie,Mcmillon,DET,N,48,700,309,0,0,285,26,0,0,0,110,289,127,104,55,0,0
MIKKEVE01,1958,Vern,Mikkelsen,MIE,N,72,2139,992,0,0,570,159,0,0,0,246,904,353,355,286,0,0
NAULLWI01,1958,Willie,Naulls,NYK,N,68,2061,1068,0,0,723,102,0,0,0,233,1072,405,311,258,0,0
NOBLECH01,1958,Chuck,Noble,DET,N,65,939,461,0,0,115,114,0,0,0,126,560,189,113,83,0,0
PALAZTO01,1958,Togo,Palazzi,SYR,N,71,1053,595,0,0,266,67,0,0,0,174,612,240,158,115,0,0
PALMEJI01,1958,Jim,Palmer,CIN,N,67,1624,690,0,0,472,65,0,0,0,211,633,256,246,178,0,0
PARKME01,1958,Medford,Park,CIN,N,62,1126,405,0,0,188,108,0,0,0,93,361,145,150,115,0,0
PARRJA01,1958,Jack,Parr,CIN,N,66,1037,262,0,0,278,51,0,0,0,138,307,109,73,44,0,0
PETTIBO01,1958,Bob,Pettit,STL,N,72,2873,2105,0,0,1182,221,0,0,0,200,1640,719,879,667,0,0
PIONTDA01,1958,Dave,Piontek,CIN,N,72,1674,766,0,0,385,124,0,0,0,162,813,305,227,156,0,0
RAMSEFR01,1958,Frank,Ramsey,BOS,N,72,2013,1107,0,0,491,147,0,0,0,266,1013,383,436,341,0,0
REEDHU01,1958,Hub,Reed,STL,N,65,950,325,0,0,317,32,0,0,0,171,317,136,71,53,0,0
RODGEGU01,1958,Guy,Rodgers,PH1,N,45,1565,483,0,0,281,261,0,0,0,132,535,211,112,61,0,0
ROLLIPH01,1958,Phil,Rollins,PH1,N,44,691,229,0,0,118,102,0,0,0,49,231,83,90,63,0,0
ROSENLE01,1958,Lennie,Rosenbluth,PH1,N,29,205,107,0,0,54,6,0,0,0,20,145,43,29,21,0,0
RUSSEBI01,1958,Bill,Russell,BOS,N,70,2979,1168,0,0,1612,222,0,0,0,161,997,456,428,256,0,0
SAULDWO01,1958,Woody,Sauldsberry,PH1,N,72,2743,1112,0,0,826,71,0,0,0,276,1380,501,176,110,0,0
SCHAYDO01,1958,Dolph,Schayes,SYR,N,72,2645,1534,0,0,962,178,0,0,0,280,1304,504,609,526,0,0
SEARSKE01,1958,Ken,Sears,NYK,N,71,2498,1488,0,0,658,136,0,0,0,237,1002,491,588,506,0,0
SELVYFR01,1958,Frank,Selvy,NYK,N,68,1448,667,0,0,248,96,0,0,0,113,605,233,262,201,0,0
SEYMOPA01,1958,Paul,Seymour,SYR,N,21,266,90,0,0,39,36,0,0,0,25,98,32,29,26,0,0
SHARECH01,1958,Charlie,Share,STL,N,72,1713,433,0,0,657,103,0,0,0,261,381,147,184,139,0,0
SHARMBI01,1958,Bill,Sharman,BOS,N,72,2382,1466,0,0,292,179,0,0,0,173,1377,562,367,342,0,0
SHUEGE01,1958,Gene,Shue,DET,N,72,2745,1266,0,0,335,231,0,0,0,129,1197,464,421,338,0,0
SOBIERO01,1958,Ron,Sobie,NYK,N,50,857,400,0,0,154,78,0,0,0,84,400,144,133,112,0,0
SPARRGU01,1958,Guy,Sparrow,NYK,N,67,842,336,0,0,244,67,0,0,0,158,406,129,138,78,0,0
STAVELA01,1958,Larry,Staverman,CIN,N,57,681,247,0,0,218,54,0,0,0,103,215,101,59,45,0,0
SWAINBE01,1958,Bennie,Swain,BOS,N,58,708,265,0,0,262,29,0,0,0,127,244,99,110,67,0,0
TSIORLO01,1958,Lou,Tsioropoulos,BOS,N,35,488,145,0,0,110,20,0,0,0,74,190,60,33,25,0,0
TWYMAJA01,1958,Jack,Twyman,CIN,N,72,2713,1857,0,0,653,209,0,0,0,277,1691,710,558,437,0,0
TYRACH01,1958,Charlie,Tyra,NYK,N,69,1586,609,0,0,485,33,0,0,0,180,606,240,190,129,0,0
WILFOWI01,1958,Win,Wilfong,STL,N,63,741,260,0,0,121,50,0,0,0,102,285,99,82,62,0,0
YARDLGE01,1958,George,Yardley,DET,N,61,1839,1209,0,0,431,65,0,0,0,159,1042,446,407,317,0,0
ALCORGA01,1959,Gary,Alcorn,DET,N,58,670,230,0,0,279,22,0,0,0,123,312,91,84,48,0,0
ANDERBO01,1959,Bob,Anderegg,NYK,N,33,373,133,0,0,69,29,0,0,0,32,143,55,42,23,0,0
ARIZIPA01,1959,Paul,Arizin,PH1,N,72,2618,1606,0,0,621,165,0,0,0,263,1400,593,526,420,0,0
BARNEDI01,1959,Dick,Barnett,SYR,N,57,1235,706,0,0,155,160,0,0,0,98,701,289,180,128,0,0
BAYLOEL01,1959,Elgin,Baylor,MIE,N,70,2873,2074,0,0,1150,243,0,0,0,234,1781,755,770,564,0,0
BECKER01,1959,Ernie,Beck,PH1,N,66,809,255,0,0,127,72,0,0,0,90,294,114,32,27,0,0
BELLWI01,1959,William,Bell,NYK,N,31,449,168,0,0,87,55,0,0,0,59,185,70,43,28,0,0
BIANCAL01,1959,Al,Bianchi,SYR,N,69,1256,531,0,0,179,169,0,0,0,231,576,211,155,109,0,0
BOCKHAR01,1959,Arlen,Bockhorn,CIN,N,75,2103,791,0,0,382,256,0,0,0,249,812,323,194,145,0,0
BRAUNCA01,1959,Carl,Braun,NYK,N,54,1514,699,0,0,168,270,0,0,0,127,659,285,154,129,0,0
CABLEBA01,1959,Barney,Cable,SYR,N,57,715,262,0,0,225,39,0,0,0,93,290,109,67,44,0,0
CHAMBWI01,1959,Wilt,Chamberlain,PH1,N,72,3338,2707,0,0,1941,168,0,0,0,150,2311,1065,991,577,0,0
CONLEGE01,1959,Gene,Conley,BOS,N,71,1330,478,0,0,590,32,0,0,0,270,539,201,114,76,0,0
CONLIED01,1959,Ed,Conlin,DET,N,70,1636,781,0,0,346,126,0,0,0,158,831,300,238,181,0,0
COSTELA01,1959,Larry,Costello,SYR,N,71,2469,993,0,0,388,449,0,0,0,234,822,372,289,249,0,0
COUSYBO01,1959,Bob,Cousy,BOS,N,75,2588,1455,0,0,352,715,0,0,0,146,1481,568,403,319,0,0
DEESAR01,1959,Archie,Dees,DET,N,73,1244,707,0,0,397,43,0,0,0,188,617,271,204,165,0,0
DIERKCO01,1959,Connie,Dierking,SYR,N,71,1119,492,0,0,456,54,0,0,0,168,526,192,188,108,0,0
DUKESWA01,1959,Walter,Dukes,DET,N,66,2140,1004,0,0,883,80,0,0,0,310,871,314,508,376,0,0
ELLISAL01,1959,Alexander,Ellis,MIE,N,46,671,179,0,0,236,27,0,0,0,64,185,64,76,51,0,0
EMBRYWA01,1959,Wayne,Embry,CIN,N,73,1594,773,0,0,692,83,0,0,0,226,690,303,325,167,0,0
FARMEMI01,1959,Mike,Farmer,NYK,N,67,1536,494,0,0,385,57,0,0,0,130,568,212,83,70,0,0
FELIXRA01,1959,Ray,Felix,MIE,N,47,883,342,0,0,338,23,0,0,0,177,355,136,112,70,0,0
FERRAAL01,1959,Al,Ferrari,STL,N,71,1567,608,0,0,162,188,0,0,0,205,523,216,225,176,0,0
FERRYBO01,1959,Bob,Ferry,STL,N,62,875,364,0,0,233,40,0,0,0,132,338,144,119,76,0,0
FLEMIED01,1959,Ed,Fleming,MIE,N,27,413,171,0,0,87,38,0,0,0,46,141,59,69,53,0,0
FOUSTLA01,1959,Larry,Foust,MIE,N,72,1964,877,0,0,621,96,0,0,0,241,766,312,320,253,0,0
GAMBEDA01,1959,Dave,Gambee,STL,N,61,656,303,0,0,229,38,0,0,0,83,291,117,106,69,0,0
GARMADI01,1959,Dick,Garmaker,MIE,N,70,1932,849,0,0,313,206,0,0,0,186,815,323,263,203,0,0
GEORGJA01,1959,Jack,George,NYK,N,69,1604,655,0,0,197,240,0,0,0,148,650,250,202,155,0,0
GOLATO01,1959,Tom,Gola,PH1,N,75,2870,1122,0,0,779,409,0,0,0,311,983,426,340,270,0,0
GRABOJO01,1959,Joe,Graboski,PH1,N,73,1269,565,0,0,358,111,0,0,0,147,583,217,174,131,0,0
GREENJO01,1959,Johnny,Green,NYK,N,69,1232,481,0,0,539,52,0,0,0,195,468,209,155,63,0,0
GREENSI01,1959,Si,Green,STL,N,70,1354,429,0,0,257,133,0,0,0,150,427,159,175,111,0,0
GREERHA01,1959,Hal,Greer,SYR,N,70,1979,924,0,0,303,188,0,0,0,208,815,388,189,148,0,0
GUARIGE01,1959,Gene,Guarilia,BOS,N,48,423,145,0,0,85,18,0,0,0,57,154,58,41,29,0,0
GUERIRI01,1959,Richie,Guerin,NYK,N,74,2429,1615,0,0,505,468,0,0,0,242,1379,579,591,457,0,0
HAGANCL01,1959,Cliff,Hagan,STL,N,75,2798,1859,0,0,803,299,0,0,0,270,1549,719,524,421,0,0
HAMILST01,1959,Steve,Hamilton,MIE,N,15,247,76,0,0,58,7,0,0,0,39,77,29,23,18,0,0
HATTOVE01,1959,Vern,Hatton,PH1,N,67,1049,307,0,0,159,82,0,0,0,61,356,127,87,53,0,0
HAWKITO01,1959,Tom,Hawkins,MIE,N,69,1467,546,0,0,428,54,0,0,0,188,579,220,164,106,0,0
HEINSTO01,1959,Tom,Heinsohn,BOS,N,75,2420,1629,0,0,794,171,0,0,0,275,1590,673,386,283,0,0
HOPKIBO01,1959,Bob,Hopkins,SYR,N,75,1616,650,0,0,465,55,0,0,0,193,660,257,174,136,0,0
HOWELBA01,1959,Bailey,Howell,DET,N,75,2346,1332,0,0,790,63,0,0,0,282,1119,510,422,312,0,0
HUNDLRO01,1959,Rod,Hundley,MIE,N,73,2279,933,0,0,390,338,0,0,0,194,1019,365,273,203,0,0
JOHNSAN01,1959,Andy,Johnson,PH1,N,75,1421,615,0,0,282,152,0,0,0,196,648,245,208,125,0,0
JONESKC01,1959,K.c.,Jones,BOS,N,74,1274,466,0,0,199,189,0,0,0,109,414,169,170,128,0,0
JONESSA01,1959,Sam,Jones,BOS,N,74,1512,878,0,0,375,125,0,0,0,101,782,355,220,168,0,0
JORDOPH01,1959,Phil,Jordon,CIN,N,75,2066,1004,0,0,624,207,0,0,0,227,970,381,338,242,0,0
KENVIBI01,1959,Bill,Kenville,DET,N,25,365,127,0,0,71,46,0,0,0,31,131,47,41,33,0,0
KERRJO01,1959,Johnny,Kerr,SYR,N,75,2372,1105,0,0,913,167,0,0,0,207,1111,436,310,233,0,0
KINGMA01,1959,Maury,King,BOS,N,1,19,10,0,0,4,2,0,0,0,3,8,5,1,0,0,0
KREBSJI01,1959,Jim,Krebs,MIE,N,75,1269,572,0,0,327,38,0,0,0,210,605,237,136,98,0,0
LARUSRU01,1959,Rudy,Larusso,MIE,N,71,2092,975,0,0,679,83,0,0,0,222,913,355,357,265,0,0
LEONABO01,1959,Bob,Leonard,MIE,N,73,2074,598,0,0,245,252,0,0,0,171,717,231,193,136,0,0
LLOYDEA01,1959,Earl,Lloyd,DET,N,68,1610,602,0,0,322,89,0,0,0,226,665,237,160,128,0,0
LOSCUJI01,1959,Jim,Loscutoff,BOS,N,28,536,154,0,0,108,12,0,0,0,108,205,66,36,22,0,0
LOVELCL01,1959,Clyde,Lovellette,STL,N,68,1953,1416,0,0,721,127,0,0,0,248,1174,550,385,316,0,0
MANTINI01,1959,Nick,Mantis,MIE,N,10,71,21,0,0,6,9,0,0,0,8,39,10,2,1,0,0
MARTISL01,1959,Slater,Martin,STL,N,64,1756,397,0,0,187,330,0,0,0,174,383,142,155,113,0,0
MCCANBR01,1959,Brendan,Mccann,NYK,N,4,29,5,0,0,4,10,0,0,0,2,10,1,3,3,0,0
MCCARJO01,1959,Johnny,Mccarthy,STL,N,75,2383,629,0,0,301,328,0,0,0,233,730,240,226,149,0,0
MCGUIDI01,1959,Dick,Mcguire,DET,N,68,1466,482,0,0,264,358,0,0,0,112,402,179,201,124,0,0
MCMAHJA01,1959,Jack,Mcmahon,STL,N,25,334,82,0,0,24,49,0,0,0,42,93,33,29,16,0,0
MCMILSH01,1959,Shellie,Mcmillon,DET,N,75,1416,666,0,0,431,49,0,0,0,198,627,267,199,132,0,0
NAULLWI01,1959,Willie,Naulls,NYK,N,65,2250,1388,0,0,921,138,0,0,0,214,1286,551,342,286,0,0
NOBLECH01,1959,Chuck,Noble,DET,N,58,1621,653,0,0,201,265,0,0,0,172,774,276,138,101,0,0
PALAZTO01,1959,Togo,Palazzi,SYR,N,7,70,30,0,0,14,3,0,0,0,7,41,13,8,4,0,0
PALMEJI01,1959,Jim,Palmer,NYK,N,74,1482,611,0,0,389,70,0,0,0,224,574,246,174,119,0,0
PARKME01,1959,Medford,Park,CIN,N,74,1849,641,0,0,301,214,0,0,0,180,582,226,260,189,0,0
PETTIBO01,1959,Bob,Pettit,STL,N,72,2896,1882,0,0,1221,257,0,0,0,204,1526,669,722,544,0,0
PIONTDA01,1959,Dave,Piontek,CIN,N,77,1833,713,0,0,461,118,0,0,0,211,728,292,202,129,0,0
RAMSECA01,1959,Cal,Ramsey,NYK,N,11,195,97,0,0,66,9,0,0,0,25,96,39,33,19,0,0
RAMSEFR01,1959,Frank,Ramsey,BOS,N,73,2009,1117,0,0,506,137,0,0,0,251,1062,422,347,273,0,0
RAYJI01,1959,Jim,Ray,SYR,N,4,21,2,0,0,0,2,0,0,0,3,6,1,0,0,0,0
REEDHU01,1959,Hub,Reed,CIN,N,71,1820,674,0,0,614,69,0,0,0,230,601,270,184,134,0,0
RICHTJO01,1959,John,Richter,BOS,N,66,808,285,0,0,312,27,0,0,0,158,332,113,117,59,0,0
RODGEGU01,1959,Guy,Rodgers,PH1,N,68,2483,787,0,0,391,482,0,0,0,196,870,338,181,111,0,0
ROLLIPH01,1959,Phil,Rollins,CIN,N,72,1235,393,0,0,180,233,0,0,0,150,386,158,127,77,0,0
RUKLIJO01,1959,Joe,Ruklick,PH1,N,39,384,196,0,0,137,24,0,0,0,70,214,85,36,26,0,0
RUSSEBI01,1959,Bill,Russell,BOS,N,74,3146,1350,0,0,1778,277,0,0,0,210,1189,555,392,240,0,0
SAULDWO01,1959,Woody,Sauldsberry,PH1,N,71,1848,705,0,0,447,112,0,0,0,203,974,325,103,55,0,0
SCHAYDO01,1959,Dolph,Schayes,SYR,N,75,2741,1689,0,0,959,256,0,0,0,263,1440,578,597,533,0,0
SEARSKE01,1959,Ken,Sears,NYK,N,64,2099,1187,0,0,876,127,0,0,0,191,863,412,418,363,0,0
SELVYFR01,1959,Frank,Selvy,MIE,N,62,1308,563,0,0,175,111,0,0,0,101,521,205,208,153,0,0
SEYMOPA01,1959,Paul,Seymour,SYR,N,4,7,0,0,0,1,0,0,0,0,1,4,0,0,0,0,0
SHARECH01,1959,Charlie,Share,STL,N,41,651,171,0,0,221,62,0,0,0,142,151,59,80,53,0,0
SHARMBI01,1959,Bill,Sharman,BOS,N,71,1916,1370,0,0,262,144,0,0,0,154,1225,559,291,252,0,0
SHUEGE01,1959,Gene,Shue,DET,N,75,3338,1712,0,0,409,295,0,0,0,146,1501,620,541,472,0,0
SMITHBO01,1959,Bobby,Smith,MIE,N,10,130,37,0,0,33,14,0,0,0,10,54,13,16,11,0,0
SOBIERO01,1959,Ron,Sobie,NYK,N,16,234,105,0,0,48,21,0,0,0,32,108,37,37,31,0,0
SPARRGU01,1959,Guy,Sparrow,PH1,N,11,80,30,0,0,23,6,0,0,0,20,45,14,8,2,0,0
STAVELA01,1959,Larry,Staverman,CIN,N,49,479,187,0,0,180,36,0,0,0,98,149,70,64,47,0,0
STEVEWA01,1959,Wayne,Stevens,CIN,N,8,49,13,0,0,16,4,0,0,0,4,19,3,10,7,0,0
TWYMAJA01,1959,Jack,Twyman,CIN,N,75,3023,2338,0,0,664,260,0,0,0,275,2063,870,762,598,0,0
TYRACH01,1959,Charlie,Tyra,NYK,N,74,2033,945,0,0,598,80,0,0,0,258,952,406,189,133,0,0
WILFOWI01,1959,Win,Wilfong,CIN,N,72,1992,727,0,0,352,265,0,0,0,229,764,283,207,161,0,0
WINDITO01,1959,Tony,Windis,DET,N,9,193,36,0,0,47,32,0,0,0,20,60,16,6,4,0,0
YARDLGE01,1959,George,Yardley,SYR,N,73,2402,1473,0,0,579,122,0,0,0,227,1205,546,467,381,0,0
ALCORGA01,1960,Gary,Alcorn,LAL,N,20,174,31,0,0,50,2,0,0,0,47,40,12,8,7,0,0
ARIZIPA01,1960,Paul,Arizin,PH1,N,79,2935,1832,0,0,681,188,0,0,0,335,1529,650,639,532,0,0
ATTLEAL01,1960,Alvin,Attles,PH1,N,77,1544,541,0,0,214,174,0,0,0,235,543,222,162,97,0,0
BARNEDI01,1960,Dick,Barnett,SYR,N,78,2070,1320,0,0,283,218,0,0,0,169,1194,540,337,240,0,0
BAYLOEL01,1960,Elgin,Baylor,LAL,N,73,3133,2538,0,0,1447,371,0,0,0,279,2166,931,863,676,0,0
BECKER01,1960,Ernie,Beck,STL,N,10,82,26,0,0,23,15,0,0,0,10,29,10,7,6,0,0
BELLWI01,1960,William,Bell,NYK,N,5,45,15,0,0,7,1,0,0,0,7,18,7,3,1,0,0
BIANCAL01,1960,Al,Bianchi,SYR,N,52,667,296,0,0,105,93,0,0,0,137,342,118,87,60,0,0
BOCKHAR01,1960,Arlen,Bockhorn,CIN,N,79,2669,992,0,0,434,338,0,0,0,282,1059,420,208,152,0,0
BOOZEBO01,1960,Bob,Boozer,CIN,N,79,1573,666,0,0,488,109,0,0,0,193,603,250,247,166,0,0
BRAUNCA01,1960,Carl,Braun,NYK,N,15,218,85,0,0,31,48,0,0,0,29,79,37,14,11,0,0
BUDDDA01,1960,Dave,Budd,NYK,N,61,1075,399,0,0,297,45,0,0,0,171,361,156,134,87,0,0
CABLEBA01,1960,Barney,Cable,SYR,N,75,1642,605,0,0,469,85,0,0,0,246,574,266,108,73,0,0
CHAMBWI01,1960,Wilt,Chamberlain,PH1,N,79,3773,3033,0,0,2149,148,0,0,0,130,2457,1251,1054,531,0,0
CONLEGE01,1960,Gene,Conley,BOS,N,75,1242,472,0,0,550,40,0,0,0,275,495,183,153,106,0,0
CONLIED01,1960,Ed,Conlin,PH1,N,77,1294,536,0,0,262,123,0,0,0,153,599,216,139,104,0,0
COSTELA01,1960,Larry,Costello,SYR,N,75,2167,1084,0,0,292,413,0,0,0,286,844,407,338,270,0,0
COUSYBO01,1960,Bob,Cousy,BOS,N,76,2468,1378,0,0,331,587,0,0,0,196,1382,513,452,352,0,0
DAVISRA01,1960,Ralph,Davis,CIN,N,73,1210,396,0,0,86,177,0,0,0,127,451,181,52,34,0,0
DEESAR01,1960,Archie,Dees,DET,N,28,308,145,0,0,94,17,0,0,0,50,135,53,47,39,0,0
DUKESWA01,1960,Walter,Dukes,DET,N,73,2044,853,0,0,1028,139,0,0,0,313,706,286,400,281,0,0
EMBRYWA01,1960,Wayne,Embry,CIN,N,79,2233,1137,0,0,864,127,0,0,0,286,1015,458,331,221,0,0
FARMEMI01,1960,Mike,Farmer,CIN,N,59,1301,429,0,0,380,81,0,0,0,130,461,180,94,69,0,0
FELIXRA01,1960,Ray,Felix,LAL,N,78,1510,513,0,0,539,37,0,0,0,302,508,189,193,135,0,0
FERRAAL01,1960,Al,Ferrari,STL,N,63,1031,329,0,0,115,143,0,0,0,157,328,117,116,95,0,0
FERRYBO01,1960,Bob,Ferry,DET,N,79,1657,889,0,0,500,129,0,0,0,205,776,350,255,189,0,0
FOUSTLA01,1960,Larry,Foust,STL,N,68,1208,552,0,0,389,77,0,0,0,185,489,194,208,164,0,0
GAMBEDA01,1960,Dave,Gambee,SYR,N,79,2090,1085,0,0,581,101,0,0,0,276,947,397,352,291,0,0
GARMADI01,1960,Dick,Garmaker,NYK,N,71,2238,1105,0,0,277,220,0,0,0,240,943,415,358,275,0,0
GEORGJA01,1960,Jack,George,NYK,N,16,268,82,0,0,32,39,0,0,0,37,93,31,30,20,0,0
GOLATO01,1960,Tom,Gola,PH1,N,74,2712,1050,0,0,692,292,0,0,0,321,940,420,281,210,0,0
GRABOJO01,1960,Joe,Graboski,PH1,N,68,1011,465,0,0,262,74,0,0,0,148,507,169,183,127,0,0
GREENJO01,1960,Johnny,Green,NYK,N,78,1784,797,0,0,838,97,0,0,0,194,758,326,278,145,0,0
GREENSI01,1960,Si,Green,STL,N,76,1968,700,0,0,380,258,0,0,0,234,718,263,247,174,0,0
GREERHA01,1960,Hal,Greer,SYR,N,79,2763,1551,0,0,455,302,0,0,0,242,1381,623,394,305,0,0
GUARIGE01,1960,Gene,Guarilia,BOS,N,25,209,79,0,0,71,5,0,0,0,28,94,38,10,3,0,0
GUERIRI01,1960,Richie,Guerin,NYK,N,79,3023,1720,0,0,628,503,0,0,0,310,1545,612,626,496,0,0
HAGANCL01,1960,Cliff,Hagan,STL,N,77,2701,1705,0,0,715,381,0,0,0,286,1490,661,467,383,0,0
HALBRHA01,1960,Harvey,Halbrook,SYR,N,79,1131,386,0,0,550,31,0,0,0,262,463,155,140,76,0,0
HATTOVE01,1960,Vern,Hatton,PH1,N,54,610,240,0,0,92,59,0,0,0,59,304,97,56,46,0,0
HAWKITO01,1960,Tom,Hawkins,LAL,N,78,1846,760,0,0,479,88,0,0,0,209,719,310,235,140,0,0
HEINSTO01,1960,Tom,Heinsohn,BOS,N,74,2256,1579,0,0,732,141,0,0,0,260,1566,627,424,325,0,0
HOWELBA01,1960,Bailey,Howell,DET,N,77,2952,1815,0,0,1111,196,0,0,0,297,1293,607,798,601,0,0
HUNDLRO01,1960,Rod,Hundley,LAL,N,79,2179,869,0,0,289,350,0,0,0,144,921,323,296,223,0,0
IMHOFDA01,1960,Darrall,Imhoff,NYK,N,62,994,293,0,0,296,51,0,0,0,143,310,122,96,49,0,0
JOHNSAN01,1960,Andy,Johnson,PH1,N,79,2000,755,0,0,345,205,0,0,0,249,834,299,275,157,0,0
JOHNSRO01,1960,Ron,Johnson,LAL,N,14,92,37,0,0,29,2,0,0,0,10,43,13,17,11,0,0
JOLLIHO01,1960,Howie,Jolliff,LAL,N,46,352,103,0,0,141,16,0,0,0,53,141,46,23,11,0,0
JONESKC01,1960,K.c.,Jones,BOS,N,78,1605,592,0,0,279,253,0,0,0,190,601,203,280,186,0,0
JONESSA01,1960,Sam,Jones,BOS,N,78,2028,1171,0,0,421,217,0,0,0,148,1069,480,268,211,0,0
JONESWI02,1960,Willie,Jones,DET,N,35,452,196,0,0,94,63,0,0,0,90,216,78,63,40,0,0
JORDOPH01,1960,Phil,Jordon,CIN,N,79,2064,928,0,0,674,181,0,0,0,273,932,360,297,208,0,0
KENNEWI01,1960,William,Kennedy,PH1,N,7,52,12,0,0,8,9,0,0,0,6,21,4,6,4,0,0
KERRJO01,1960,Johnny,Kerr,SYR,N,79,2676,1056,0,0,951,199,0,0,0,230,1056,419,299,218,0,0
KREBSJI01,1960,Jim,Krebs,LAL,N,75,1655,617,0,0,456,68,0,0,0,223,692,271,93,75,0,0
LACOUFR01,1960,Fred,Lacour,STL,N,55,722,309,0,0,178,84,0,0,0,73,295,123,84,63,0,0
LARUSRU01,1960,Rudy,Larusso,LAL,N,79,2593,1155,0,0,781,135,0,0,0,280,992,416,409,323,0,0
LEEGE01,1960,George,Lee,DET,N,74,1735,896,0,0,490,89,0,0,0,158,776,310,394,276,0,0
LEONABO01,1960,Bob,Leonard,LAL,N,55,600,193,0,0,70,81,0,0,0,70,207,61,100,71,0,0
LOSCUJI01,1960,Jim,Loscutoff,BOS,N,76,1153,337,0,0,291,25,0,0,0,238,478,144,76,49,0,0
LOVELCL01,1960,Clyde,Lovellette,STL,N,67,2111,1471,0,0,677,172,0,0,0,248,1321,599,329,273,0,0
MCCARJO01,1960,Johnny,Mccarthy,STL,N,79,2519,654,0,0,325,430,0,0,0,272,746,266,226,122,0,0
MCMILSH01,1960,Shellie,Mcmillon,DET,N,78,1636,784,0,0,487,98,0,0,0,238,752,322,201,140,0,0
MCNEIBO01,1960,Bob,Mcneill,NYK,N,75,1387,437,0,0,123,238,0,0,0,148,427,166,126,105,0,0
MORELJA01,1960,Jackie,Moreland,DET,N,64,1003,468,0,0,315,52,0,0,0,174,477,191,132,86,0,0
NAULLWI01,1960,Willie,Naulls,NYK,N,79,2976,1846,0,0,1055,191,0,0,0,268,1723,737,456,372,0,0
NOBLECH01,1960,Chuck,Noble,DET,N,75,1655,474,0,0,180,287,0,0,0,195,566,196,115,82,0,0
OHLDO01,1960,Don,Ohl,DET,N,79,2172,1054,0,0,256,265,0,0,0,224,1085,427,278,200,0,0
PALMEJI01,1960,Jim,Palmer,NYK,N,55,688,294,0,0,179,30,0,0,0,128,310,125,65,44,0,0
PETTIBO01,1960,Bob,Pettit,STL,N,76,3027,2120,0,0,1540,262,0,0,0,217,1720,769,804,582,0,0
PIONTDA01,1960,Dave,Piontek,STL,N,29,254,110,0,0,68,19,0,0,0,31,96,47,31,16,0,0
RAMSECA01,1960,Cal,Ramsey,SYR,N,2,27,6,0,0,7,3,0,0,0,7,11,2,4,2,0,0
RAMSEFR01,1960,Frank,Ramsey,BOS,N,79,2019,1191,0,0,431,146,0,0,0,284,1100,448,354,295,0,0
REEDHU01,1960,Hub,Reed,CIN,N,75,1216,397,0,0,367,69,0,0,0,199,364,156,122,85,0,0
ROBERJO01,1960,Joe,Roberts,SYR,N,68,800,322,0,0,243,43,0,0,0,125,351,130,104,62,0,0
ROBEROS01,1960,Oscar,Robertson,CIN,N,71,3032,2165,0,0,716,690,0,0,0,219,1600,756,794,653,0,0
RODGEGU01,1960,Guy,Rodgers,PH1,N,78,2905,1000,0,0,509,677,0,0,0,262,1029,397,300,206,0,0
ROLLIPH01,1960,Phil,Rollins,NYK,N,60,816,276,0,0,97,123,0,0,0,121,293,109,88,58,0,0
RUKLIJO01,1960,Joe,Ruklick,PH1,N,29,223,94,0,0,62,10,0,0,0,38,120,43,13,8,0,0
RUSSEBI01,1960,Bill,Russell,BOS,N,78,3458,1322,0,0,1868,268,0,0,0,155,1250,532,469,258,0,0
SANDETH01,1960,Thomas,Sanders,BOS,N,68,1084,363,0,0,385,44,0,0,0,131,352,148,100,67,0,0
SAULDWO01,1960,Woody,Sauldsberry,STL,N,69,1491,516,0,0,491,74,0,0,0,197,768,230,100,56,0,0
SCHAYDO01,1960,Dolph,Schayes,SYR,N,79,3007,1868,0,0,960,296,0,0,0,296,1595,594,783,680,0,0
SEARSKE01,1960,Ken,Sears,NYK,N,52,1396,750,0,0,293,102,0,0,0,165,568,241,325,268,0,0
SELVYFR01,1960,Frank,Selvy,LAL,N,77,2153,832,0,0,299,246,0,0,0,219,767,311,279,210,0,0
SHARMBI01,1960,Bill,Sharman,BOS,N,61,1538,976,0,0,223,146,0,0,0,127,908,383,228,210,0,0
SHUEGE01,1960,Gene,Shue,DET,N,78,3361,1765,0,0,334,530,0,0,0,207,1545,650,543,465,0,0
STAVELA01,1960,Larry,Staverman,CIN,N,66,944,301,0,0,287,86,0,0,0,164,249,111,93,79,0,0
TWYMAJA01,1960,Jack,Twyman,CIN,N,79,2920,1997,0,0,672,225,0,0,0,279,1632,796,554,405,0,0
TYRACH01,1960,Charlie,Tyra,NYK,N,59,1404,518,0,0,394,82,0,0,0,164,549,199,173,120,0,0
WESTJE01,1960,Jerry,West,LAL,N,79,2797,1389,0,0,611,333,0,0,0,213,1264,529,497,331,0,0
WILFOWI01,1960,Win,Wilfong,CIN,N,62,717,284,0,0,147,87,0,0,0,119,305,106,89,72,0,0
WILKELE01,1960,Lenny,Wilkens,STL,N,75,1898,880,0,0,335,212,0,0,0,215,783,333,300,214,0,0
ARCENST01,1961,Stacey,Arceneaux,STL,N,7,110,50,0,0,32,4,0,0,0,10,56,22,13,6,0,0
ARIZIPA01,1961,Paul,Arizin,PH1,N,78,2785,1706,0,0,527,201,0,0,0,307,1490,611,601,484,0,0
ATTLEAL01,1961,Alvin,Attles,PH1,N,75,2468,844,0,0,355,333,0,0,0,279,724,343,267,158,0,0
BAYLOEL01,1961,Elgin,Baylor,LAL,N,48,2129,1836,0,0,892,222,0,0,0,155,1588,680,631,476,0,0
BELLAWA01,1961,Walt,Bellamy,CH2,N,79,3344,2495,0,0,1500,210,0,0,0,281,1875,973,853,549,0,0
BIANCAL01,1961,Al,Bianchi,SYR,N,80,1925,826,0,0,281,263,0,0,0,232,847,336,221,154,0,0
BLANEGE01,1961,George,Blaney,NYK,N,36,363,117,0,0,36,45,0,0,0,34,142,54,17,9,0,0
BOCKHAR01,1961,Arlen,Bockhorn,CIN,N,80,3062,1260,0,0,376,366,0,0,0,280,1234,531,251,198,0,0
BONSAGE01,1961,George,Bonsalle,CH2,N,3,9,4,0,0,2,0,0,0,0,0,8,2,0,0,0,0
BOOZEBO01,1961,Bob,Boozer,CIN,N,79,2488,1083,0,0,804,130,0,0,0,275,936,410,372,263,0,0
BRAUNCA01,1961,Carl,Braun,BOS,N,48,414,176,0,0,50,71,0,0,0,49,207,78,27,20,0,0
BUCKHJO01,1961,Joe,Buckhalter,CIN,N,63,728,373,0,0,262,43,0,0,0,123,334,153,108,67,0,0
BUCKNCL01,1961,Cleveland,Buckner,NYK,N,62,696,399,0,0,236,39,0,0,0,114,367,158,133,83,0,0
BUDDDA01,1961,Dave,Budd,NYK,N,79,1370,514,0,0,345,86,0,0,0,162,431,188,231,138,0,0
BURTOED01,1961,Ed,Burton,NYK,N,8,28,15,0,0,5,1,0,0,0,3,14,7,4,1,0,0
BUTCHDO01,1961,Donnie,Butcher,NYK,N,47,479,138,0,0,79,51,0,0,0,63,155,48,69,42,0,0
BUTLEAL01,1961,Al,Butler,TOT,N,59,2016,827,0,0,337,205,0,0,0,156,754,349,182,129,0,0
BUTLEAL01,1961,Al,Butler,NYK,N,54,1969,796,0,0,324,201,0,0,0,147,725,336,176,124,0,0
BUTLEAL01,1961,Al,Butler,BOS,N,5,47,31,0,0,13,4,0,0,0,9,29,13,6,5,0,0
CABLEBA01,1961,Barney,Cable,STL,N,67,1861,728,0,0,563,115,0,0,0,211,749,305,181,118,0,0
CARLHO01,1961,Howie,Carl,CH2,N,31,382,170,0,0,39,57,0,0,0,41,201,67,51,36,0,0
CHAMBWI01,1961,Wilt,Chamberlain,PH1,N,80,3882,4029,0,0,2052,192,0,0,0,123,3159,1597,1363,835,0,0
CONLIED01,1961,Ed,Conlin,PH1,N,70,963,322,0,0,155,85,0,0,0,118,371,128,89,66,0,0
COSTELA01,1961,Larry,Costello,SYR,N,63,1854,867,0,0,245,359,0,0,0,220,726,310,295,247,0,0
COUSYBO01,1961,Bob,Cousy,BOS,N,75,2114,1175,0,0,261,584,0,0,0,135,1181,462,333,251,0,0
DARROJI01,1961,Jimmy,Darrow,STL,N,5,34,12,0,0,7,6,0,0,0,9,15,3,7,6,0,0
DAVISRA01,1961,Ralph,Davis,CH2,N,77,1992,799,0,0,162,247,0,0,0,187,881,364,103,71,0,0
DEESAR01,1961,Archie,Dees,CH2,N,21,288,137,0,0,77,16,0,0,0,33,115,51,46,35,0,0
DUKESWA01,1961,Walter,Dukes,DET,N,77,1896,720,0,0,803,125,0,0,0,327,647,256,291,208,0,0
EGANJO01,1961,Johnny,Egan,DET,N,58,696,320,0,0,86,102,0,0,0,64,301,128,84,64,0,0
EICHHDI01,1961,Dick,Eichhorst,STL,N,1,10,2,0,0,1,3,0,0,0,1,2,1,0,0,0,0
EMBRYWA01,1961,Wayne,Embry,CIN,N,75,2623,1484,0,0,977,182,0,0,0,286,1210,564,516,356,0,0
FELIXRA01,1961,Ray,Felix,LAL,N,80,1478,432,0,0,473,55,0,0,0,266,398,171,130,90,0,0
FERRAAL01,1961,Al,Ferrari,STL,N,79,2046,591,0,0,213,313,0,0,0,278,582,208,219,175,0,0
FERRYBO01,1961,Bob,Ferry,DET,N,80,1918,1108,0,0,503,145,0,0,0,199,939,411,422,286,0,0
FOUSTLA01,1961,Larry,Foust,STL,N,57,1153,553,0,0,328,78,0,0,0,186,433,204,178,145,0,0
GAMBEDA01,1961,Dave,Gambee,SYR,N,80,2301,1338,0,0,631,114,0,0,0,275,1126,477,470,384,0,0
GOLATO01,1961,Tom,Gola,PH1,N,60,2462,820,0,0,587,295,0,0,0,267,765,322,230,176,0,0
GRABOJO01,1961,Joe,Graboski,SYR,N,38,468,193,0,0,154,28,0,0,0,62,221,77,65,39,0,0
GREENJO01,1961,Johnny,Green,NYK,N,80,2789,1275,0,0,1066,191,0,0,0,265,1164,507,434,261,0,0
GREENSI01,1961,Si,Green,CH2,N,71,2388,900,0,0,399,318,0,0,0,226,905,341,311,218,0,0
GREERHA01,1961,Hal,Greer,SYR,N,71,2705,1619,0,0,524,313,0,0,0,252,1442,644,404,331,0,0
GUARIGE01,1961,Gene,Guarilia,BOS,N,45,367,163,0,0,124,11,0,0,0,56,161,61,64,41,0,0
GUERIRI01,1961,Richie,Guerin,NYK,N,78,3348,2303,0,0,501,539,0,0,0,299,1897,839,762,625,0,0
HAGANCL01,1961,Cliff,Hagan,STL,N,77,2784,1764,0,0,633,370,0,0,0,282,1490,701,439,362,0,0
HALBRHA01,1961,Harvey,Halbrook,SYR,N,64,908,400,0,0,399,33,0,0,0,179,422,152,151,96,0,0
HATTOVE01,1961,Vern,Hatton,STL,N,40,898,322,0,0,102,99,0,0,0,63,331,112,125,98,0,0
HAWKITO01,1961,Tom,Hawkins,LAL,N,79,1903,721,0,0,514,95,0,0,0,244,704,289,222,143,0,0
HEINSTO01,1961,Tom,Heinsohn,BOS,N,79,2383,1742,0,0,747,165,0,0,0,280,1613,692,437,358,0,0
HILLCL01,1961,Cleo,Hill,STL,N,58,1050,320,0,0,178,114,0,0,0,98,309,107,137,106,0,0
HORNRO01,1961,Ron,Horn,STL,N,3,25,3,0,0,6,1,0,0,0,4,12,1,2,1,0,0
HOWELBA01,1961,Bailey,Howell,DET,N,79,2857,1576,0,0,996,186,0,0,0,317,1193,553,612,470,0,0
HUNDLRO01,1961,Rod,Hundley,LAL,N,78,1492,429,0,0,199,290,0,0,0,129,509,173,127,83,0,0
IMHOFDA01,1961,Darrall,Imhoff,NYK,N,76,1481,452,0,0,470,82,0,0,0,230,482,186,139,80,0,0
JOHNSAN01,1961,Andy,Johnson,CH2,N,71,2193,1014,0,0,351,228,0,0,0,247,814,365,452,284,0,0
JOLLIHO01,1961,Howie,Jolliff,LAL,N,64,1094,249,0,0,383,76,0,0,0,175,253,104,78,41,0,0
JONESKC01,1961,K.c.,Jones,BOS,N,80,2054,735,0,0,298,343,0,0,0,206,724,294,232,147,0,0
JONESSA01,1961,Sam,Jones,BOS,N,78,2388,1435,0,0,458,232,0,0,0,149,1284,596,297,243,0,0
JONESWI02,1961,Willie,Jones,DET,N,69,1006,418,0,0,177,115,0,0,0,137,475,177,101,64,0,0
JORDOPH01,1961,Phil,Jordon,NYK,N,76,2195,902,0,0,482,156,0,0,0,258,1028,403,168,96,0,0
KERRJO01,1961,Johnny,Kerr,SYR,N,80,2768,1304,0,0,1176,243,0,0,0,272,1220,541,302,222,0,0
KISTLDO01,1961,Doug,Kistler,NYK,N,5,13,8,0,0,1,0,0,0,0,2,6,3,4,2,0,0
KREBSJI01,1961,Jim,Krebs,LAL,N,78,2012,780,0,0,616,110,0,0,0,290,701,312,208,156,0,0
LACOUFR01,1961,Fred,Lacour,STL,N,73,1507,566,0,0,272,166,0,0,0,168,536,230,130,106,0,0
LARESYO01,1961,York,Larese,PH1,N,59,703,302,0,0,77,94,0,0,0,104,327,122,72,58,0,0
LARUSRU01,1961,Rudy,Larusso,LAL,N,80,2754,1374,0,0,828,179,0,0,0,255,1108,516,448,342,0,0
LEEGE01,1961,George,Lee,DET,N,75,1351,571,0,0,349,64,0,0,0,128,500,179,280,213,0,0
LEONABO01,1961,Bob,Leonard,CH2,N,70,2464,1125,0,0,199,378,0,0,0,186,1128,423,371,279,0,0
LOSCUJI01,1961,Jim,Loscutoff,BOS,N,79,1146,421,0,0,329,51,0,0,0,185,519,188,84,45,0,0
LOVELCL01,1961,Clyde,Lovellette,STL,N,40,1192,837,0,0,350,68,0,0,0,136,724,341,187,155,0,0
LUCKETE01,1961,Ted,Luckenbill,PH1,N,67,396,135,0,0,110,27,0,0,0,67,120,43,76,49,0,0
MARTIRO01,1961,Ronald,Martin,NYK,N,66,1018,227,0,0,158,115,0,0,0,158,292,95,55,37,0,0
MCCARJO01,1961,Johnny,Mccarthy,STL,N,15,333,48,0,0,56,70,0,0,0,50,73,18,27,12,0,0
MCMILSH01,1961,Shellie,Mcmillon,STL,N,62,1225,638,0,0,368,59,0,0,0,202,591,265,182,108,0,0
MCNEIBO01,1961,Bob,Mcneill,LAL,N,50,441,138,0,0,56,89,0,0,0,56,136,56,34,26,0,0
MESCHTO01,1961,Tom,Meschery,PH1,N,80,2509,966,0,0,729,145,0,0,0,330,929,375,262,216,0,0
MORELJA01,1961,Jackie,Moreland,DET,N,74,1219,549,0,0,427,76,0,0,0,179,487,205,186,139,0,0
NAULLWI01,1961,Willie,Naulls,NYK,N,75,2978,1877,0,0,867,192,0,0,0,260,1798,747,455,383,0,0
NEUMAPA01,1961,Paul,Neumann,SYR,N,77,1265,477,0,0,194,176,0,0,0,203,401,172,172,133,0,0
NOBLECH01,1961,Chuck,Noble,DET,N,26,361,72,0,0,43,63,0,0,0,55,113,32,15,8,0,0
NORDMRO01,1961,Robert,Nordmann,CIN,N,58,344,131,0,0,128,18,0,0,0,81,126,51,57,29,0,0
OHLDO01,1961,Don,Ohl,DET,N,77,2526,1311,0,0,267,244,0,0,0,173,1250,555,280,201,0,0
OSBORCH01,1961,Chuck,Osborne,SYR,N,4,21,5,0,0,9,1,0,0,0,3,8,1,4,3,0,0
PETTIBO01,1961,Bob,Pettit,STL,N,78,3282,2429,0,0,1459,289,0,0,0,296,1928,867,901,695,0,0
PHILLGA01,1961,Gary,Phillips,BOS,N,67,713,270,0,0,107,64,0,0,0,109,310,110,86,50,0,0
PIONTDA01,1961,Dave,Piontek,CH2,N,45,614,205,0,0,155,31,0,0,0,89,225,83,59,39,0,0
RADOVFR01,1961,Frank,Radovich,PH1,N,37,175,87,0,0,51,4,0,0,0,27,93,37,26,13,0,0
RAMSEFR01,1961,Frank,Ramsey,BOS,N,79,1913,1206,0,0,387,109,0,0,0,245,1019,436,405,334,0,0
REEDHU01,1961,Hub,Reed,CIN,N,80,1446,466,0,0,440,53,0,0,0,267,460,203,82,60,0,0
ROBERJO01,1961,Joe,Roberts,SYR,N,80,1642,615,0,0,538,50,0,0,0,230,619,243,194,129,0,0
ROBEROS01,1961,Oscar,Robertson,CIN,N,79,3503,2432,0,0,985,899,0,0,0,258,1810,866,872,700,0,0
RODGEGU01,1961,Guy,Rodgers,PH1,N,80,2650,655,0,0,348,643,0,0,0,312,749,267,182,121,0,0
RUKLIJO01,1961,Joe,Ruklick,PH1,N,46,302,108,0,0,87,14,0,0,0,56,147,48,26,12,0,0
RUSSEBI01,1961,Bill,Russell,BOS,N,76,3433,1436,0,0,1790,341,0,0,0,207,1258,575,481,286,0,0
SANDETH01,1961,Thomas,Sanders,BOS,N,80,2325,897,0,0,762,74,0,0,0,279,804,350,263,197,0,0
SAULDWO01,1961,Woody,Sauldsberry,CH2,N,63,1765,675,0,0,536,90,0,0,0,179,869,298,123,79,0,0
SCHAYDO01,1961,Dolph,Schayes,SYR,N,56,1480,822,0,0,439,120,0,0,0,167,751,268,319,286,0,0
SCOTTRA01,1961,Ray,Scott,DET,N,75,2087,995,0,0,865,132,0,0,0,232,956,370,388,255,0,0
SELVYFR01,1961,Frank,Selvy,LAL,N,79,2806,1164,0,0,412,381,0,0,0,232,1032,433,404,298,0,0
SHAFFLE01,1961,Lee,Shaffer,SYR,N,75,2083,1267,0,0,511,99,0,0,0,266,1180,514,310,239,0,0
SHUEGE01,1961,Gene,Shue,DET,N,80,3143,1522,0,0,372,465,0,0,0,192,1422,580,447,362,0,0
SIMSBO01,1961,Bob,Sims,STL,N,65,1345,509,0,0,183,154,0,0,0,187,491,193,216,123,0,0
SMITHAD01,1961,Adrian,Smith,CIN,N,80,1462,576,0,0,151,167,0,0,0,101,499,202,222,172,0,0
SMITHBI03,1961,Bill,Smith,NYK,N,9,83,23,0,0,16,7,0,0,0,6,33,8,8,7,0,0
SMITHBO01,1961,Bobby,Smith,LAL,N,3,7,0,0,0,0,0,0,0,0,1,1,0,0,0,0,0
STITHSA01,1961,Sam,Stith,NYK,N,32,440,141,0,0,51,60,0,0,0,55,162,59,38,23,0,0
TURNEJA02,1961,Jack,Turner,CH2,N,42,567,200,0,0,85,44,0,0,0,51,221,84,42,32,0,0
TWYMAJA01,1961,Jack,Twyman,CIN,N,80,2991,1831,0,0,638,215,0,0,0,323,1542,739,435,353,0,0
TYRACH01,1961,Charlie,Tyra,CH2,N,78,1606,519,0,0,610,86,0,0,0,210,534,193,214,133,0,0
WALKEHO01,1961,Horace,Walker,CH2,N,65,1331,438,0,0,466,69,0,0,0,194,439,149,193,140,0,0
WESTJE01,1961,Jerry,West,LAL,N,75,3087,2310,0,0,591,402,0,0,0,173,1795,799,926,712,0,0
WIESEBO01,1961,Bob,Wiesenhahn,CIN,N,60,326,119,0,0,112,23,0,0,0,50,161,51,30,17,0,0
WILKELE01,1961,Lenny,Wilkens,STL,N,20,870,364,0,0,131,116,0,0,0,63,364,140,110,84,0,0
YATESWA01,1961,Wayne,Yates,LAL,N,37,263,72,0,0,94,16,0,0,0,72,105,31,22,10,0,0
ZELLEDA01,1961,Dave,Zeller,CIN,N,61,278,90,0,0,27,58,0,0,0,37,102,36,24,18,0,0
ATTLEAL01,1962,Alvin,Attles,SFW,N,71,1876,735,0,0,205,184,0,0,0,253,630,301,206,133,0,0
BARNEDI01,1962,Dick,Barnett,LAL,N,80,2544,1437,0,0,242,224,0,0,0,189,1162,547,421,343,0,0
BARNHJO01,1962,John,Barnhill,STL,N,77,2692,901,0,0,359,322,0,0,0,168,838,360,255,181,0,0
BAYLOEL01,1962,Elgin,Baylor,LAL,N,80,3370,2719,0,0,1146,386,0,0,0,226,2273,1029,790,661,0,0
BEATYZE01,1962,Zelmo,Beaty,STL,N,80,1918,814,0,0,665,85,0,0,0,312,677,297,307,220,0,0
BELLAWA01,1962,Walt,Bellamy,CH2,N,80,3306,2233,0,0,1309,233,0,0,0,283,1595,840,821,553,0,0
BIANCAL01,1962,Al,Bianchi,SYR,N,61,1159,524,0,0,134,170,0,0,0,165,476,202,164,120,0,0
BOCKHAR01,1962,Arlen,Bockhorn,CIN,N,80,2612,933,0,0,322,261,0,0,0,260,954,375,242,183,0,0
BOOZEBO01,1962,Bob,Boozer,CIN,N,79,2488,1132,0,0,878,102,0,0,0,299,992,440,353,252,0,0
BRIDGBI01,1962,Bill,Bridges,STL,N,27,374,164,0,0,144,23,0,0,0,58,160,66,51,32,0,0
BUCKHJO01,1962,Joe,Buckhalter,CIN,N,2,12,2,0,0,3,0,0,0,0,1,5,0,2,2,0,0
BUCKNCL01,1962,Cleveland,Buckner,NYK,N,6,27,12,0,0,4,5,0,0,0,6,10,5,4,2,0,0
BUDDDA01,1962,Dave,Budd,NYK,N,78,1725,739,0,0,395,87,0,0,0,204,596,294,202,151,0,0
BUTCHDO01,1962,Donnie,Butcher,NYK,N,68,1193,475,0,0,180,138,0,0,0,164,424,172,194,131,0,0
BUTLEAL01,1962,Al,Butler,NYK,N,74,1488,738,0,0,170,156,0,0,0,145,676,297,187,144,0,0
CABLEBA01,1962,Barney,Cable,STL,N,61,1200,408,0,0,242,82,0,0,0,136,380,173,96,62,0,0
CHAMBWI01,1962,Wilt,Chamberlain,SFW,N,80,3806,3586,0,0,1946,275,0,0,0,136,2770,1463,1113,660,0,0
CHAPPLE01,1962,Len,Chappell,SYR,N,80,1241,710,0,0,461,56,0,0,0,171,604,281,238,148,0,0
CONLEGE01,1962,Gene,Conley,NYK,N,70,1544,630,0,0,469,70,0,0,0,263,651,254,186,122,0,0
COSTELA01,1962,Larry,Costello,SYR,N,78,2066,858,0,0,237,334,0,0,0,263,660,285,327,288,0,0
COUSYBO01,1962,Bob,Cousy,BOS,N,76,1975,1003,0,0,193,515,0,0,0,175,988,392,298,219,0,0
COXJO01,1962,Johnny,Cox,CH2,N,73,1685,573,0,0,280,142,0,0,0,149,568,239,135,95,0,0
DEBUSDA01,1962,Dave,Debusschere,DET,N,80,2352,1018,0,0,694,207,0,0,0,247,944,406,287,206,0,0
DISCHTE01,1962,Terry,Dischinger,CH2,N,57,2294,1452,0,0,458,175,0,0,0,188,1026,525,522,402,0,0
DOYLEDA01,1962,Danny,Doyle,DET,N,4,25,16,0,0,8,3,0,0,0,4,12,6,5,4,0,0
DUFFYBO02,1962,Bob,Duffy,STL,N,42,435,154,0,0,39,83,0,0,0,42,174,66,39,22,0,0
DUKESWA01,1962,Walter,Dukes,DET,N,62,913,267,0,0,360,55,0,0,0,183,255,83,137,101,0,0
EGANJO01,1962,Johnny,Egan,DET,N,46,752,273,0,0,59,114,0,0,0,70,296,110,69,53,0,0
ELLISLE01,1962,Leroy,Ellis,LAL,N,80,1628,577,0,0,518,46,0,0,0,194,530,222,202,133,0,0
EMBRYWA01,1962,Wayne,Embry,CIN,N,76,2511,1411,0,0,936,177,0,0,0,286,1165,534,514,343,0,0
FARMEMI01,1962,Mike,Farmer,STL,N,80,1724,595,0,0,369,143,0,0,0,155,562,239,139,117,0,0
FEDORDA01,1962,Dave,Fedor,SFW,N,7,27,6,0,0,6,1,0,0,0,4,10,3,1,0,0,0
FERRAAL01,1962,Al,Ferrari,CH2,N,18,138,38,0,0,12,14,0,0,0,21,37,12,17,14,0,0
FERRYBO01,1962,Bob,Ferry,DET,N,79,2479,1072,0,0,537,170,0,0,0,246,984,426,339,220,0,0
FOLEYJA01,1962,Jack,Foley,NYK,N,11,83,53,0,0,16,5,0,0,0,8,51,20,15,13,0,0
GAMBEDA01,1962,Dave,Gambee,SYR,N,60,1234,669,0,0,289,48,0,0,0,190,537,235,238,199,0,0
GOLATO01,1962,Tom,Gola,NYK,N,73,2670,896,0,0,517,298,0,0,0,295,791,363,219,170,0,0
GREENJO01,1962,Johnny,Green,NYK,N,80,2553,1444,0,0,964,152,0,0,0,243,1261,582,439,280,0,0
GREENSI01,1962,Si,Green,CH2,N,73,2648,853,0,0,335,422,0,0,0,274,783,322,306,209,0,0
GREERHA01,1962,Hal,Greer,SYR,N,80,2631,1562,0,0,457,275,0,0,0,286,1293,600,434,362,0,0
GUARIGE01,1962,Gene,Guarilia,BOS,N,11,83,26,0,0,14,2,0,0,0,5,38,11,11,4,0,0
GUERIRI01,1962,Richie,Guerin,NYK,N,79,2712,1701,0,0,331,348,0,0,0,228,1380,596,600,509,0,0
GUNTHDA01,1962,Dave,Gunther,SFW,N,1,5,2,0,0,3,3,0,0,0,1,2,1,0,0,0,0
HAGANCL01,1962,Cliff,Hagan,STL,N,79,1716,1226,0,0,341,193,0,0,0,211,1055,491,305,244,0,0
HARDNCH01,1962,Charlie,Hardnett,CH2,N,78,1657,827,0,0,602,74,0,0,0,225,683,301,349,225,0,0
HAVLIJO01,1962,John,Havlicek,BOS,N,80,2200,1140,0,0,534,179,0,0,0,189,1085,483,239,174,0,0
HAWKITO01,1962,Tom,Hawkins,CIN,N,79,1721,745,0,0,543,100,0,0,0,197,635,299,241,147,0,0
HEINSTO01,1962,Tom,Heinsohn,BOS,N,76,2004,1440,0,0,569,95,0,0,0,270,1300,550,407,340,0,0
HIGHTWA01,1962,Wayne,Hightower,SFW,N,66,1387,489,0,0,354,51,0,0,0,181,543,192,157,105,0,0
HOGUEPA01,1962,Paul,Hogue,NYK,N,50,1340,383,0,0,430,42,0,0,0,220,419,152,174,79,0,0
HORNRO01,1962,Ron,Horn,LAL,N,28,289,74,0,0,71,10,0,0,0,46,82,27,29,20,0,0
HOWELBA01,1962,Bailey,Howell,DET,N,79,2971,1793,0,0,910,232,0,0,0,300,1235,637,650,519,0,0
HUNDLRO01,1962,Rod,Hundley,LAL,N,65,785,260,0,0,106,151,0,0,0,81,262,88,119,84,0,0
IMHOFDA01,1962,Darrall,Imhoff,DET,N,45,458,120,0,0,155,28,0,0,0,66,153,48,50,24,0,0
JOLLIHO01,1962,Howie,Jolliff,LAL,N,28,293,36,0,0,62,20,0,0,0,49,55,15,9,6,0,0
JONESKC01,1962,K.c.,Jones,BOS,N,79,1945,572,0,0,263,317,0,0,0,221,591,230,177,112,0,0
JONESSA01,1962,Sam,Jones,BOS,N,76,2323,1499,0,0,396,241,0,0,0,162,1305,621,324,257,0,0
JONESWI02,1962,Willie,Jones,DET,N,79,1470,728,0,0,233,188,0,0,0,207,730,305,164,118,0,0
JORDOPH01,1962,Phil,Jordon,STL,N,73,1420,478,0,0,319,103,0,0,0,172,527,211,101,56,0,0
KERRJO01,1962,Johnny,Kerr,SYR,N,80,2561,1255,0,0,1039,214,0,0,0,208,1069,507,320,241,0,0
KINGMA01,1962,Maury,King,CH2,N,37,954,216,0,0,102,142,0,0,0,87,241,94,34,28,0,0
KREBSJI01,1962,Jim,Krebs,LAL,N,79,1913,659,0,0,502,87,0,0,0,256,627,272,154,115,0,0
LACOUFR01,1962,Fred,Lacour,SFW,N,16,171,65,0,0,24,19,0,0,0,27,73,28,16,9,0,0
LARUSRU01,1962,Rudy,Larusso,LAL,N,75,2505,924,0,0,747,187,0,0,0,255,761,321,393,282,0,0
LEEGE01,1962,George,Lee,SFW,N,64,1192,450,0,0,217,64,0,0,0,113,394,149,193,152,0,0
LEONABO01,1962,Bob,Leonard,CH2,N,32,879,227,0,0,68,143,0,0,0,84,245,84,85,59,0,0
LOSCUJI01,1962,Jim,Loscutoff,BOS,N,63,607,210,0,0,157,25,0,0,0,126,251,94,42,22,0,0
LOUGHKE01,1962,Kevin,Loughery,DET,N,57,845,363,0,0,109,104,0,0,0,135,397,146,100,71,0,0
LOVELCL01,1962,Clyde,Lovellette,BOS,N,61,568,395,0,0,177,27,0,0,0,137,376,161,98,73,0,0
LUCKETE01,1962,Ted,Luckenbill,SFW,N,20,201,61,0,0,56,8,0,0,0,34,68,26,20,9,0,0
MANTINI01,1962,Nick,Mantis,CH2,N,32,684,215,0,0,85,83,0,0,0,94,244,94,49,27,0,0
MCGILBI01,1962,Bill,Mcgill,CH2,N,60,590,442,0,0,161,38,0,0,0,118,353,181,119,80,0,0
MERIWPO01,1962,Porter,Meriwether,SYR,N,31,268,119,0,0,29,43,0,0,0,19,122,48,33,23,0,0
MESCHTO01,1962,Tom,Meschery,SFW,N,64,2245,1022,0,0,624,104,0,0,0,249,935,397,313,228,0,0
MONTGHO01,1962,Howie,Montgomery,SFW,N,20,364,144,0,0,69,21,0,0,0,35,153,65,23,14,0,0
MORELJA01,1962,Jackie,Moreland,DET,N,78,1516,687,0,0,449,114,0,0,0,226,622,271,214,145,0,0
NAULLWI01,1962,Willie,Naulls,SFW,N,70,1901,906,0,0,515,102,0,0,0,205,887,370,207,166,0,0
NELSODO01,1962,Don,Nelson,CH2,N,62,1071,419,0,0,279,72,0,0,0,136,293,129,221,161,0,0
NEUMAPA01,1962,Paul,Neumann,SYR,N,80,1581,655,0,0,200,227,0,0,0,221,503,237,222,181,0,0
NORDMRO01,1962,Robert,Nordmann,STL,N,53,1000,371,0,0,316,47,0,0,0,156,319,156,122,59,0,0
NOWELME01,1962,Mel,Nowell,CH2,N,39,589,232,0,0,67,84,0,0,0,86,237,92,66,48,0,0
OHLDO01,1962,Don,Ohl,DET,N,80,2961,1547,0,0,239,325,0,0,0,234,1450,636,380,275,0,0
OLSENEN01,1962,Enoch,Olsen,CIN,N,52,373,113,0,0,105,42,0,0,0,78,133,43,39,27,0,0
PETTIBO01,1962,Bob,Pettit,STL,N,79,3090,2241,0,0,1191,245,0,0,0,282,1746,778,885,685,0,0
PHILLGA01,1962,Gary,Phillips,SFW,N,75,1801,609,0,0,225,137,0,0,0,185,643,256,152,97,0,0
PIONTDA01,1962,Dave,Piontek,CIN,N,48,457,130,0,0,96,26,0,0,0,67,158,60,16,10,0,0
RAMSEFR01,1962,Frank,Ramsey,BOS,N,77,1541,839,0,0,288,95,0,0,0,259,743,284,332,271,0,0
REEDHU01,1962,Hub,Reed,CIN,N,80,1299,472,0,0,398,83,0,0,0,261,427,199,98,74,0,0
ROBERJO01,1962,Joe,Roberts,SYR,N,33,466,181,0,0,155,16,0,0,0,66,196,73,51,35,0,0
ROBEROS01,1962,Oscar,Robertson,CIN,N,80,3521,2264,0,0,835,758,0,0,0,293,1593,825,758,614,0,0
RODGEGU01,1962,Guy,Rodgers,SFW,N,79,3249,1098,0,0,394,825,0,0,0,296,1150,445,286,208,0,0
RUDOMJO01,1962,John,Rudometkin,NYK,N,56,572,289,0,0,149,30,0,0,0,58,307,108,95,73,0,0
RUSSEBI01,1962,Bill,Russell,BOS,N,78,3500,1309,0,0,1843,348,0,0,0,189,1182,511,517,287,0,0
SANDETH01,1962,Thomas,Sanders,BOS,N,80,2148,864,0,0,576,95,0,0,0,262,744,339,252,186,0,0
SAULDWO01,1962,Woody,Sauldsberry,CH2,N,77,2034,839,0,0,447,78,0,0,0,241,966,366,163,107,0,0
SCHAYDO01,1962,Dolph,Schayes,SYR,N,66,1438,627,0,0,375,175,0,0,0,177,575,223,206,181,0,0
SCOTTRA01,1962,Ray,Scott,DET,N,76,2538,1228,0,0,772,191,0,0,0,263,1110,460,457,308,0,0
SEARSKE01,1962,Ken,Sears,SFW,N,77,1141,453,0,0,206,95,0,0,0,128,304,161,168,131,0,0
SELVYFR01,1962,Frank,Selvy,LAL,N,80,2369,826,0,0,289,281,0,0,0,149,747,317,269,192,0,0
SHAFFLE01,1962,Lee,Shaffer,SYR,N,80,2392,1488,0,0,524,97,0,0,0,249,1393,597,375,294,0,0
SHUEGE01,1962,Gene,Shue,NYK,N,78,2288,916,0,0,191,259,0,0,0,171,894,354,302,208,0,0
SLADEJE01,1962,Jeff,Slade,CH2,N,3,20,4,0,0,7,0,0,0,0,3,5,2,1,0,0,0
SMITHAD01,1962,Adrian,Smith,CIN,N,79,1522,705,0,0,174,141,0,0,0,157,544,241,275,223,0,0
STAVELA01,1962,Larry,Staverman,CH2,N,33,602,237,0,0,158,43,0,0,0,94,194,94,62,49,0,0
STITHTO01,1962,Tom,Stith,NYK,N,25,209,77,0,0,39,18,0,0,0,23,110,37,10,3,0,0
SWARTDA01,1962,Dan,Swartz,BOS,N,39,335,175,0,0,88,21,0,0,0,92,150,57,72,61,0,0
TIEMADA01,1962,Dan,Tieman,CIN,N,29,176,34,0,0,22,27,0,0,0,18,57,15,10,4,0,0
TORMOGE01,1962,Gene,Tormohlen,STL,N,7,47,12,0,0,15,5,0,0,0,11,10,5,10,2,0,0
TWYMAJA01,1962,Jack,Twyman,CIN,N,80,2623,1586,0,0,598,214,0,0,0,286,1335,641,375,304,0,0
VAUGHCH01,1962,Charles,Vaughn,STL,N,77,1845,778,0,0,258,252,0,0,0,201,708,295,261,188,0,0
WALKECH01,1962,Chet,Walker,SYR,N,78,1992,957,0,0,561,83,0,0,0,220,751,352,362,253,0,0
WARLEBE01,1962,Ben,Warley,SYR,N,26,206,125,0,0,86,4,0,0,0,42,111,50,35,25,0,0
WELLSRA01,1962,Ralph,Wells,CH2,N,3,48,2,0,0,6,7,0,0,0,6,7,1,7,0,0,0
WESTJE01,1962,Jerry,West,LAL,N,55,2163,1489,0,0,384,307,0,0,0,150,1213,559,477,371,0,0
WHITEHU01,1962,Hubie,White,SFW,N,29,271,92,0,0,35,28,0,0,0,47,111,40,18,12,0,0
WILEYGE01,1962,Gene,Wiley,LAL,N,75,1488,241,0,0,504,40,0,0,0,180,236,109,68,23,0,0
WILKELE01,1962,Lenny,Wilkens,STL,N,75,2569,888,0,0,403,381,0,0,0,256,834,333,319,222,0,0
ARNETJA01,1963,Jay,Arnette,CIN,N,48,501,184,0,0,54,71,0,0,0,105,196,71,54,42,0,0
ATTLEAL01,1963,Alvin,Attles,SFW,N,70,1883,763,0,0,236,197,0,0,0,249,640,289,275,185,0,0
BARNEDI01,1963,Dick,Barnett,LAL,N,78,2620,1433,0,0,250,238,0,0,0,233,1197,541,454,351,0,0
BARNHJO01,1963,John,Barnhill,STL,N,74,1367,486,0,0,157,145,0,0,0,107,505,208,115,70,0,0
BAYLOEL01,1963,Elgin,Baylor,LAL,N,78,3164,1983,0,0,936,347,0,0,0,235,1778,756,586,471,0,0
BEATYZE01,1963,Zelmo,Beaty,STL,N,59,1922,774,0,0,633,79,0,0,0,262,647,287,270,200,0,0
BELLAWA01,1963,Walt,Bellamy,BAL,N,80,3394,2159,0,0,1361,126,0,0,0,300,1582,811,825,537,0,0
BIANCAL01,1963,Al,Bianchi,PHI,N,78,1437,623,0,0,147,149,0,0,0,248,684,257,141,109,0,0
BOCKHAR01,1963,Arlen,Bockhorn,CIN,N,70,1670,580,0,0,205,173,0,0,0,227,587,242,126,96,0,0
BOOZEBO01,1963,Bob,Boozer,NYK,N,49,1652,856,0,0,418,63,0,0,0,148,762,329,257,198,0,0
BOOZEBO01,1963,Bob,Boozer,CIN,N,32,727,352,0,0,178,33,0,0,0,83,334,139,119,74,0,0
BOOZEBO01,1963,Bob,Boozer,TOT,N,81,2379,1208,0,0,596,96,0,0,0,231,1096,468,376,272,0,0
BRIDGBI01,1963,Bill,Bridges,STL,N,80,1949,682,0,0,680,181,0,0,0,269,675,268,224,146,0,0
BUDDDA01,1963,Dave,Budd,NYK,N,73,1031,340,0,0,276,57,0,0,0,130,297,128,115,84,0,0
BUTCHDO01,1963,Donnie,Butcher,DET,N,78,1971,563,0,0,329,244,0,0,0,249,507,202,256,159,0,0
BUTLEAL01,1963,Al,Butler,NYK,N,76,1379,658,0,0,168,157,0,0,0,167,616,260,187,138,0,0
CABLEBA01,1963,Barney,Cable,BAL,N,71,1125,260,0,0,301,47,0,0,0,166,290,116,42,28,0,0
CHAMBWI01,1963,Wilt,Chamberlain,SFW,N,80,3689,2948,0,0,1787,403,0,0,0,182,2298,1204,1016,540,0,0
CHAPPLE01,1963,Len,Chappell,NYK,N,78,2489,1349,0,0,767,83,0,0,0,212,1183,531,401,287,0,0
CHAPPLE01,1963,Len,Chappell,TOT,N,79,2505,1350,0,0,771,83,0,0,0,214,1185,531,403,288,0,0
CHAPPLE01,1963,Len,Chappell,PHI,N,1,16,1,0,0,4,0,0,0,0,2,2,0,2,1,0,0
COMLELA01,1963,Larry,Comley,BAL,N,12,89,25,0,0,19,12,0,0,0,11,37,8,16,9,0,0
CONLEGE01,1963,Gene,Conley,NYK,N,46,551,192,0,0,156,21,0,0,0,124,189,74,65,44,0,0
COSTELA01,1963,Larry,Costello,PHI,N,45,1137,529,0,0,105,167,0,0,0,150,408,191,170,147,0,0
DEBUSDA01,1963,Dave,Debusschere,DET,N,15,304,129,0,0,105,23,0,0,0,32,133,52,43,25,0,0
DIERKCO01,1963,Connie,Dierking,PHI,N,76,1286,496,0,0,422,50,0,0,0,221,514,191,169,114,0,0
DISCHTE01,1963,Terry,Dischinger,BAL,N,80,2816,1662,0,0,667,157,0,0,0,321,1217,604,585,454,0,0
DUFFYBO02,1963,Bob,Duffy,DET,N,48,662,232,0,0,61,79,0,0,0,48,229,94,65,44,0,0
EGANJO01,1963,Johnny,Egan,NYK,N,66,2325,861,0,0,191,358,0,0,0,181,758,334,243,193,0,0
ELLISLE01,1963,Leroy,Ellis,LAL,N,78,1459,512,0,0,498,41,0,0,0,192,473,200,170,112,0,0
EMBRYWA01,1963,Wayne,Embry,CIN,N,80,2915,1383,0,0,925,113,0,0,0,325,1213,556,417,271,0,0
FARMEMI01,1963,Mike,Farmer,STL,N,76,1361,424,0,0,225,109,0,0,0,140,438,178,83,68,0,0
FERRYBO01,1963,Bob,Ferry,DET,N,74,1522,782,0,0,428,94,0,0,0,174,670,298,279,186,0,0
GAMBEDA01,1963,Dave,Gambee,PHI,N,41,927,449,0,0,256,35,0,0,0,161,378,149,185,151,0,0
GIBSOME01,1963,Mel,Gibson,LAL,N,9,53,13,0,0,4,6,0,0,0,10,20,6,2,1,0,0
GOLATO01,1963,Tom,Gola,NYK,N,74,2156,670,0,0,469,257,0,0,0,278,602,258,212,154,0,0
GREENJE01,1963,Jerry,Greenspan,PHI,N,20,280,98,0,0,72,11,0,0,0,54,90,32,50,34,0,0
GREENJO01,1963,Johnny,Green,NYK,N,80,2134,1159,0,0,799,157,0,0,0,246,1026,482,392,195,0,0
GREENSI01,1963,Si,Green,BAL,N,75,2064,772,0,0,282,215,0,0,0,224,691,287,290,198,0,0
GREERHA01,1963,Hal,Greer,PHI,N,80,3157,1865,0,0,484,374,0,0,0,291,1611,715,525,435,0,0
GUERIRI01,1963,Richie,Guerin,STL,N,80,2366,1049,0,0,256,375,0,0,0,276,846,351,424,347,0,0
HAGANCL01,1963,Cliff,Hagan,STL,N,77,2279,1413,0,0,377,193,0,0,0,273,1280,572,331,269,0,0
HARDIRE01,1963,Reggie,Harding,DET,N,39,1158,429,0,0,410,52,0,0,0,119,460,184,98,61,0,0
HARDNCH01,1963,Charlie,Hardnett,BAL,N,66,617,298,0,0,251,27,0,0,0,114,260,107,125,84,0,0
HARKNJE01,1963,Jerry,Harkness,NYK,N,5,59,29,0,0,6,6,0,0,0,4,30,13,8,3,0,0
HAVLIJO01,1963,John,Havlicek,BOS,N,80,2587,1595,0,0,428,238,0,0,0,227,1535,640,422,315,0,0
HAWKITO01,1963,Tom,Hawkins,CIN,N,73,1770,625,0,0,435,74,0,0,0,198,580,256,188,113,0,0
HEINSTO01,1963,Tom,Heinsohn,BOS,N,76,2040,1257,0,0,460,183,0,0,0,268,1223,487,342,283,0,0
HEYMAAR01,1963,Art,Heyman,NYK,N,75,2236,1153,0,0,298,256,0,0,0,229,1003,432,422,289,0,0
HIGHTWA01,1963,Wayne,Hightower,SFW,N,79,2536,1046,0,0,566,133,0,0,0,269,1022,393,329,260,0,0
HILLGA01,1963,Gary,Hill,SFW,N,67,1015,343,0,0,114,103,0,0,0,165,384,146,77,51,0,0
HOGUEPA01,1963,Paul,Hogue,BAL,N,9,58,7,0,0,16,1,0,0,0,20,14,3,2,1,0,0
HOGUEPA01,1963,Paul,Hogue,NYK,N,6,89,19,0,0,15,5,0,0,0,15,16,9,5,1,0,0
HOGUEPA01,1963,Paul,Hogue,TOT,N,15,147,26,0,0,31,6,0,0,0,35,30,12,7,2,0,0
HOOVETO01,1963,Tom,Hoover,NYK,N,59,988,285,0,0,331,36,0,0,0,185,247,102,132,81,0,0
HOWELBA01,1963,Bailey,Howell,DET,N,77,2700,1666,0,0,776,205,0,0,0,290,1267,598,581,470,0,0
IMHOFDA01,1963,Darrall,Imhoff,DET,N,58,871,277,0,0,283,56,0,0,0,167,251,104,114,69,0,0
JOHNSGU01,1963,Gus,Johnson,BAL,N,78,2847,1352,0,0,1064,169,0,0,0,321,1329,571,319,210,0,0
JONESKC01,1963,K.c.,Jones,BOS,N,80,2424,654,0,0,372,407,0,0,0,253,722,283,168,88,0,0
JONESSA01,1963,Sam,Jones,BOS,N,76,2381,1473,0,0,349,202,0,0,0,192,1359,612,318,249,0,0
JONESWI02,1963,Willie,Jones,DET,N,77,1539,630,0,0,253,172,0,0,0,211,680,265,141,100,0,0
KERRJO01,1963,Johnny,Kerr,PHI,N,80,2938,1340,0,0,1017,275,0,0,0,187,1250,536,357,268,0,0
KINGJI01,1963,Jim,King,LAL,N,60,762,234,0,0,113,110,0,0,0,99,198,84,101,66,0,0
KOJISDO01,1963,Don,Kojis,BAL,N,78,1148,488,0,0,309,57,0,0,0,123,484,203,146,82,0,0
KREBSJI01,1963,Jim,Krebs,LAL,N,68,975,333,0,0,283,49,0,0,0,166,357,134,85,65,0,0
LARUSRU01,1963,Rudy,Larusso,LAL,N,79,2746,972,0,0,800,190,0,0,0,268,776,337,397,298,0,0
LEEGE01,1963,George,Lee,SFW,N,54,522,175,0,0,97,25,0,0,0,67,169,64,71,47,0,0
LOSCUJI01,1963,Jim,Loscutoff,BOS,N,53,451,130,0,0,131,25,0,0,0,90,182,56,31,18,0,0
LOUGHKE01,1963,Kevin,Loughery,TOT,N,66,1459,598,0,0,138,182,0,0,0,175,631,236,177,126,0,0
LOUGHKE01,1963,Kevin,Loughery,BAL,N,65,1457,598,0,0,138,182,0,0,0,173,627,235,177,126,0,0
LOUGHKE01,1963,Kevin,Loughery,DET,N,1,2,0,0,0,0,0,0,0,0,2,4,1,0,0,0,0
LOVELCL01,1963,Clyde,Lovellette,BOS,N,45,437,301,0,0,126,24,0,0,0,100,305,128,57,45,0,0
LUCASJE01,1963,Jerry,Lucas,CIN,N,79,3273,1400,0,0,1375,204,0,0,0,300,1035,545,398,310,0,0
MCCARJO01,1963,Johnny,Mccarthy,BOS,N,28,206,37,0,0,35,24,0,0,0,42,48,16,13,5,0,0
MCGILBI01,1963,Bill,Mcgill,NYK,N,74,1784,1116,0,0,414,121,0,0,0,217,937,456,282,204,0,0
MESCHTO01,1963,Tom,Meschery,SFW,N,80,2422,1079,0,0,612,149,0,0,0,288,951,436,295,207,0,0
MILESED01,1963,Eddie,Miles,DET,N,60,811,324,0,0,95,58,0,0,0,92,371,131,87,62,0,0
MORELJA01,1963,Jackie,Moreland,DET,N,78,1780,708,0,0,405,121,0,0,0,268,639,272,210,164,0,0
NAULLWI01,1963,Willie,Naulls,BOS,N,78,1409,767,0,0,356,64,0,0,0,208,769,321,157,125,0,0
NELSODO01,1963,Don,Nelson,LAL,N,80,1406,419,0,0,323,76,0,0,0,181,323,135,201,149,0,0
NEUMAPA01,1963,Paul,Neumann,PHI,N,74,1973,858,0,0,246,291,0,0,0,211,732,324,266,210,0,0
NORDMRO01,1963,Robert,Nordmann,STL,N,19,259,63,0,0,65,5,0,0,0,51,66,27,19,9,0,0
OHLDO01,1963,Don,Ohl,DET,N,71,2366,1225,0,0,180,225,0,0,0,219,1224,500,331,225,0,0
OLSENEN01,1963,Enoch,Olsen,CIN,N,49,513,202,0,0,149,29,0,0,0,78,210,85,57,32,0,0
PETERME01,1963,Mel,Peterson,BAL,N,2,3,2,0,0,1,0,0,0,0,2,1,1,0,0,0,0
PETTIBO01,1963,Bob,Pettit,STL,N,80,3296,2190,0,0,1224,259,0,0,0,300,1708,791,771,608,0,0
PHILLGA01,1963,Gary,Phillips,SFW,N,66,2010,658,0,0,248,203,0,0,0,245,691,256,218,146,0,0
RAMSEFR01,1963,Frank,Ramsey,BOS,N,75,1227,648,0,0,223,81,0,0,0,245,604,226,233,196,0,0
REEDHU01,1963,Hub,Reed,LAL,N,46,386,76,0,0,107,23,0,0,0,73,91,33,15,10,0,0
ROBEROS01,1963,Oscar,Robertson,CIN,N,79,3559,2480,0,0,783,868,0,0,0,280,1740,840,938,800,0,0
RODGEGU01,1963,Guy,Rodgers,SFW,N,79,2695,872,0,0,328,556,0,0,0,245,923,337,280,198,0,0
ROHLOKE01,1963,Ken,Rohloff,STL,N,2,7,0,0,0,0,1,0,0,0,4,1,0,0,0,0,0
RUDOMJO01,1963,John,Rudometkin,NYK,N,52,696,395,0,0,164,26,0,0,0,86,326,154,116,87,0,0
RUSSEBI01,1963,Bill,Russell,BOS,N,78,3482,1168,0,0,1930,370,0,0,0,190,1077,466,429,236,0,0
SANDETH01,1963,Thomas,Sanders,BOS,N,80,2370,911,0,0,667,102,0,0,0,277,836,349,280,213,0,0
SCHAYDO01,1963,Dolph,Schayes,PHI,N,24,350,134,0,0,110,48,0,0,0,76,143,44,57,46,0,0
SCOTTRA01,1963,Ray,Scott,DET,N,80,2964,1406,0,0,1078,244,0,0,0,296,1307,539,456,328,0,0
SEARSKE01,1963,Ken,Sears,SFW,N,51,519,170,0,0,94,42,0,0,0,71,120,53,79,64,0,0
SELVYFR01,1963,Frank,Selvy,LAL,N,73,1286,398,0,0,139,149,0,0,0,115,423,160,122,78,0,0
SHAFFLE01,1963,Lee,Shaffer,PHI,N,41,1013,536,0,0,205,36,0,0,0,116,587,217,133,102,0,0
SHUEGE01,1963,Gene,Shue,BAL,N,47,963,198,0,0,94,150,0,0,0,98,276,81,61,36,0,0
SIEGFLA01,1963,Larry,Siegfried,BOS,N,31,261,101,0,0,51,40,0,0,0,33,110,35,39,31,0,0
SMITHAD01,1963,Adrian,Smith,CIN,N,66,1524,622,0,0,147,145,0,0,0,164,576,234,197,154,0,0
STAVELA01,1963,Larry,Staverman,CIN,N,60,674,265,0,0,176,32,0,0,0,118,212,98,90,69,0,0
STRICRO02,1963,Roger,Strickland,BAL,N,1,4,2,0,0,0,0,0,0,0,1,3,1,0,0,0,0
THACKTO01,1963,Tom,Thacker,CIN,N,48,457,132,0,0,115,51,0,0,0,51,181,53,53,26,0,0
THORNRO01,1963,Rod,Thorn,BAL,N,75,2594,1080,0,0,360,281,0,0,0,187,1015,411,353,258,0,0
THURMNA01,1963,Nate,Thurmond,SFW,N,76,1966,533,0,0,790,86,0,0,0,184,554,219,173,95,0,0
TORMOGE01,1963,Gene,Tormohlen,STL,N,51,640,210,0,0,216,50,0,0,0,128,250,94,46,22,0,0
TWYMAJA01,1963,Jack,Twyman,CIN,N,68,1996,1083,0,0,364,137,0,0,0,267,993,447,228,189,0,0
VAUGHCH01,1963,Charles,Vaughn,STL,N,68,1340,583,0,0,126,129,0,0,0,166,538,238,148,107,0,0
WALKECH01,1963,Chet,Walker,PHI,N,76,2775,1314,0,0,784,124,0,0,0,232,1118,492,464,330,0,0
WARDGE01,1963,Gerry,Ward,STL,N,24,139,43,0,0,21,21,0,0,0,26,53,16,17,11,0,0
WARLEBE01,1963,Ben,Warley,PHI,N,79,1740,650,0,0,619,71,0,0,0,274,494,215,305,220,0,0
WESTJE01,1963,Jerry,West,LAL,N,72,2906,2064,0,0,443,403,0,0,0,200,1529,740,702,584,0,0
WHITEHU01,1963,Hubie,White,PHI,N,23,196,79,0,0,42,12,0,0,0,28,105,31,28,17,0,0
WILEYGE01,1963,Gene,Wiley,LAL,N,78,1510,337,0,0,510,44,0,0,0,225,273,146,75,45,0,0
WILKELE01,1963,Lenny,Wilkens,STL,N,78,2526,938,0,0,335,359,0,0,0,287,808,334,365,270,0,0
WINDSJO01,1963,John,Windsor,SFW,N,11,68,27,0,0,26,2,0,0,0,13,27,10,8,7,0,0
ARNETJA01,1964,Jay,Arnette,CIN,N,63,662,238,0,0,62,68,0,0,0,125,245,91,75,56,0,0
ATTLEAL01,1964,Alvin,Attles,SFW,N,73,1733,679,0,0,239,205,0,0,0,242,662,254,274,171,0,0
BARNEDI01,1964,Dick,Barnett,LAL,N,74,2026,1020,0,0,200,159,0,0,0,209,908,375,338,270,0,0
BARNEJI01,1964,Jim,Barnes,NYK,N,75,2586,1159,0,0,729,93,0,0,0,312,1070,454,379,251,0,0
BARNHJO01,1964,John,Barnhill,STL,N,41,777,287,0,0,91,76,0,0,0,56,312,121,70,45,0,0
BAYLOEL01,1964,Elgin,Baylor,LAL,N,74,3056,2009,0,0,950,280,0,0,0,235,1903,763,610,483,0,0
BEATYZE01,1964,Zelmo,Beaty,STL,N,80,2916,1351,0,0,966,111,0,0,0,328,1047,505,477,341,0,0
BELLAWA01,1964,Walt,Bellamy,BAL,N,80,3301,1981,0,0,1166,191,0,0,0,260,1441,733,752,515,0,0
BIANCAL01,1964,Al,Bianchi,PHI,N,60,1116,404,0,0,95,140,0,0,0,178,486,175,76,54,0,0
BOCKHAR01,1964,Arlen,Bockhorn,CIN,N,19,424,148,0,0,55,45,0,0,0,52,157,60,39,28,0,0
BONHARO01,1964,Ron,Bonham,BOS,N,37,369,274,0,0,78,19,0,0,0,33,220,91,112,92,0,0
BOOZEBO01,1964,Bob,Boozer,NYK,N,80,2139,1136,0,0,604,108,0,0,0,183,963,424,375,288,0,0
BRADDGA01,1964,Gary,Bradds,BAL,N,41,335,137,0,0,84,19,0,0,0,36,111,46,63,45,0,0
BRIDGBI01,1964,Bill,Bridges,STL,N,79,2362,910,0,0,853,187,0,0,0,276,938,362,275,186,0,0
BRYANEM01,1964,Emmette,Bryant,NYK,N,77,1332,377,0,0,167,167,0,0,0,212,436,145,133,87,0,0
BUDDDA01,1964,Dave,Budd,NYK,N,62,1188,513,0,0,310,62,0,0,0,147,407,196,170,121,0,0
BURTOED01,1964,Ed,Burton,STL,N,7,42,18,0,0,13,2,0,0,0,13,20,7,7,4,0,0
BUTCHDO01,1964,Donnie,Butcher,DET,N,71,1157,412,0,0,200,122,0,0,0,183,353,143,204,126,0,0
BUTLEAL01,1964,Al,Butler,BAL,N,25,172,59,0,0,21,12,0,0,0,25,73,24,15,11,0,0
CALDWJO01,1964,Joe,Caldwell,DET,N,66,1543,709,0,0,441,118,0,0,0,171,776,290,210,129,0,0
CHAMBWI01,1964,Wilt,Chamberlain,PHI,N,35,1558,1054,0,0,780,133,0,0,0,70,808,427,380,200,0,0
CHAMBWI01,1964,Wilt,Chamberlain,SFW,N,38,1743,1480,0,0,893,117,0,0,0,76,1275,636,500,208,0,0
CHAMBWI01,1964,Wilt,Chamberlain,TOT,N,73,3301,2534,0,0,1673,250,0,0,0,146,2083,1063,880,408,0,0
CHAPPLE01,1964,Len,Chappell,NYK,N,43,655,358,0,0,140,15,0,0,0,73,367,145,100,68,0,0
COSTELA01,1964,Larry,Costello,PHI,N,64,1967,861,0,0,169,275,0,0,0,242,695,309,277,243,0,0
COUNTME01,1964,Mel,Counts,BOS,N,54,572,258,0,0,265,19,0,0,0,134,272,100,74,58,0,0
COURTST01,1964,Steve,Courtin,PHI,N,24,317,101,0,0,22,22,0,0,0,44,103,42,21,17,0,0
DEBUSDA01,1964,Dave,Debusschere,DET,N,79,2769,1322,0,0,874,253,0,0,0,242,1196,508,437,306,0,0
DIERKCO01,1964,Connie,Dierking,SFW,N,30,565,240,0,0,196,30,0,0,0,64,227,97,85,46,0,0
DIERKCO01,1964,Connie,Dierking,TOT,N,68,1294,536,0,0,435,72,0,0,0,165,538,218,168,100,0,0
DIERKCO01,1964,Connie,Dierking,PHI,N,38,729,296,0,0,239,42,0,0,0,101,311,121,83,54,0,0
DISCHTE01,1964,Terry,Dischinger,DET,N,80,2698,1456,0,0,479,198,0,0,0,253,1153,568,424,320,0,0
DUFFYBO02,1964,Bob,Duffy,DET,N,4,26,14,0,0,4,5,0,0,0,4,11,4,7,6,0,0
EGANJO01,1964,Johnny,Egan,NYK,N,74,1664,678,0,0,143,252,0,0,0,139,529,258,199,162,0,0
ELLISLE01,1964,Leroy,Ellis,LAL,N,80,2026,820,0,0,652,49,0,0,0,196,700,311,284,198,0,0
EMBRYWA01,1964,Wayne,Embry,CIN,N,74,2243,943,0,0,741,92,0,0,0,297,772,352,371,239,0,0
FARMEMI01,1964,Mike,Farmer,STL,N,60,1272,409,0,0,258,88,0,0,0,123,408,167,94,75,0,0
FERRYBO01,1964,Bob,Ferry,BAL,N,77,1280,408,0,0,355,60,0,0,0,156,338,143,199,122,0,0
GAMBEDA01,1964,Dave,Gambee,PHI,N,80,1993,1011,0,0,468,113,0,0,0,277,864,356,368,299,0,0
GOLATO01,1964,Tom,Gola,NYK,N,77,1727,541,0,0,319,220,0,0,0,269,455,204,180,133,0,0
GREENJE01,1964,Jerry,Greenspan,PHI,N,5,49,24,0,0,11,0,0,0,0,12,13,8,8,8,0,0
GREENJO01,1964,Johnny,Green,NYK,N,78,1720,857,0,0,545,129,0,0,0,194,737,346,301,165,0,0
GREENSI01,1964,Si,Green,BAL,N,70,1086,405,0,0,169,140,0,0,0,134,368,152,161,101,0,0
GREERHA01,1964,Hal,Greer,PHI,N,70,2600,1413,0,0,355,313,0,0,0,254,1245,539,413,335,0,0
GROTEJE01,1964,Jerry,Grote,LAL,N,11,33,14,0,0,4,4,0,0,0,5,11,6,2,2,0,0
GUERIRI01,1964,Richie,Guerin,STL,N,57,1678,821,0,0,149,271,0,0,0,193,662,295,301,231,0,0
HAGANCL01,1964,Cliff,Hagan,STL,N,77,1739,1000,0,0,276,136,0,0,0,182,901,393,268,214,0,0
HAIRSHA01,1964,Happy,Hairston,CIN,N,61,736,372,0,0,293,27,0,0,0,95,351,131,165,110,0,0
HARDIRE01,1964,Reggie,Harding,DET,N,78,2699,938,0,0,906,179,0,0,0,258,987,405,209,128,0,0
HARDNCH01,1964,Charlie,Hardnett,BAL,N,20,200,73,0,0,77,2,0,0,0,37,80,25,39,23,0,0
HAVLIJO01,1964,John,Havlicek,BOS,N,75,2169,1375,0,0,371,199,0,0,0,200,1420,570,316,235,0,0
HAWKITO01,1964,Tom,Hawkins,CIN,N,79,1864,556,0,0,475,80,0,0,0,240,538,220,204,116,0,0
HAZZAWA01,1964,Walt,Hazzard,LAL,N,66,919,280,0,0,111,140,0,0,0,132,306,117,71,46,0,0
HEINSTO01,1964,Tom,Heinsohn,BOS,N,67,1706,912,0,0,399,157,0,0,0,252,954,365,229,182,0,0
HEYMAAR01,1964,Art,Heyman,NYK,N,55,663,316,0,0,99,79,0,0,0,96,267,114,132,88,0,0
HIGHTWA01,1964,Wayne,Hightower,BAL,N,27,510,182,0,0,173,16,0,0,0,61,174,60,81,62,0,0
HIGHTWA01,1964,Wayne,Hightower,SFW,N,48,1037,405,0,0,247,38,0,0,0,143,396,136,173,133,0,0
HIGHTWA01,1964,Wayne,Hightower,TOT,N,75,1547,587,0,0,420,54,0,0,0,204,570,196,254,195,0,0
HILLGA01,1964,Gary,Hill,TOT,N,12,103,27,0,0,16,7,0,0,0,11,36,10,14,7,0,0
HILLGA01,1964,Gary,Hill,BAL,N,3,15,0,0,0,1,1,0,0,0,1,1,0,0,0,0,0
HILLGA01,1964,Gary,Hill,SFW,N,9,88,27,0,0,15,6,0,0,0,10,35,10,14,7,0,0
HOOVETO01,1964,Tom,Hoover,NYK,N,24,153,34,0,0,58,12,0,0,0,37,32,13,14,8,0,0
HOWELBA01,1964,Bailey,Howell,BAL,N,80,2975,1534,0,0,869,208,0,0,0,345,1040,515,629,504,0,0
HUNTELE01,1964,Les,Hunter,BAL,N,24,114,42,0,0,50,11,0,0,0,16,64,18,14,6,0,0
IMHOFDA01,1964,Darrall,Imhoff,LAL,N,76,1521,378,0,0,500,87,0,0,0,238,311,145,154,88,0,0
JACKSLU01,1964,Lucious,Jackson,PHI,N,76,2590,1126,0,0,980,93,0,0,0,251,1013,419,404,288,0,0
JOHNSGU01,1964,Gus,Johnson,BAL,N,76,2899,1415,0,0,988,270,0,0,0,258,1379,577,386,261,0,0
JONESKC01,1964,K.c.,Jones,BOS,N,78,2434,649,0,0,318,437,0,0,0,263,639,253,227,143,0,0
JONESLA01,1964,Larry,Jones,PHI,N,23,359,131,0,0,57,40,0,0,0,46,153,47,52,37,0,0
JONESSA01,1964,Sam,Jones,BOS,N,80,2885,2070,0,0,411,223,0,0,0,176,1818,821,522,428,0,0
JONESWA01,1964,Wali,Jones,BAL,N,77,1250,407,0,0,140,200,0,0,0,196,411,154,136,99,0,0
JONESWI02,1964,Willie,Jones,DET,N,12,101,44,0,0,10,7,0,0,0,13,52,21,6,2,0,0
KERRJO01,1964,Johnny,Kerr,PHI,N,80,1810,654,0,0,551,197,0,0,0,132,714,264,181,126,0,0
KINGJI01,1964,Jim,King,LAL,N,77,1671,486,0,0,214,178,0,0,0,193,469,184,151,118,0,0
KOJISDO01,1964,Don,Kojis,DET,N,65,836,422,0,0,243,63,0,0,0,115,416,180,98,62,0,0
KOMIVHO01,1964,Howard,Komives,NYK,N,80,2378,974,0,0,195,265,0,0,0,246,1020,381,254,212,0,0
KOPERBU01,1964,Bud,Koper,SFW,N,56,631,247,0,0,61,43,0,0,0,59,241,106,42,35,0,0
KRAMEBA01,1964,Barry,Kramer,SFW,N,33,276,102,0,0,59,26,0,0,0,36,100,36,44,30,0,0
KRAMEBA01,1964,Barry,Kramer,NYK,N,19,231,84,0,0,41,15,0,0,0,31,86,27,40,30,0,0
KRAMEBA01,1964,Barry,Kramer,TOT,N,52,507,186,0,0,100,41,0,0,0,67,186,63,84,60,0,0
LARUSRU01,1964,Rudy,Larusso,LAL,N,77,2588,1083,0,0,725,198,0,0,0,258,827,381,415,321,0,0
LEEGE01,1964,George,Lee,SFW,N,19,247,92,0,0,55,12,0,0,0,22,77,27,52,38,0,0
LOUGHKE01,1964,Kevin,Loughery,BAL,N,80,2417,1024,0,0,235,296,0,0,0,320,957,406,281,212,0,0
LUCASJE01,1964,Jerry,Lucas,CIN,N,66,2864,1414,0,0,1321,157,0,0,0,214,1121,558,366,298,0,0
MCGILBI01,1964,Bill,Mcgill,LAL,N,8,37,15,0,0,12,3,0,0,0,6,20,7,1,1,0,0
MCGILBI01,1964,Bill,Mcgill,TOT,N,24,133,55,0,0,36,9,0,0,0,32,65,21,17,13,0,0
MCGILBI01,1964,Bill,Mcgill,STL,N,16,96,40,0,0,24,6,0,0,0,26,45,14,16,12,0,0
MCLEMMC01,1964,Mccoy,Mclemore,SFW,N,78,1731,645,0,0,488,81,0,0,0,224,725,244,220,157,0,0
MESCHTO01,1964,Tom,Meschery,SFW,N,79,2408,1000,0,0,655,106,0,0,0,279,917,361,370,278,0,0
MILESED01,1964,Eddie,Miles,DET,N,76,2074,1044,0,0,258,157,0,0,0,201,994,439,223,166,0,0
MORELJA01,1964,Jackie,Moreland,DET,N,54,732,272,0,0,183,69,0,0,0,151,296,103,104,66,0,0
MULLIJE01,1964,Jeff,Mullins,STL,N,44,492,215,0,0,102,44,0,0,0,60,209,87,61,41,0,0
NASHCH01,1964,Charles,Nash,SFW,N,20,190,84,0,0,48,9,0,0,0,27,88,33,20,18,0,0
NASHCH01,1964,Charles,Nash,TOT,N,45,357,137,0,0,83,19,0,0,0,57,145,47,52,43,0,0
NASHCH01,1964,Charles,Nash,LAL,N,25,167,53,0,0,35,10,0,0,0,30,57,14,32,25,0,0
NAULLWI01,1964,Willie,Naulls,BOS,N,71,1465,747,0,0,336,72,0,0,0,225,786,302,176,143,0,0
NELSODO01,1964,Don,Nelson,LAL,N,39,238,92,0,0,73,24,0,0,0,40,85,36,26,20,0,0
NEUMAPA01,1964,Paul,Neumann,PHI,N,40,1100,574,0,0,102,139,0,0,0,119,434,213,184,148,0,0
NEUMAPA01,1964,Paul,Neumann,TOT,N,76,2034,964,0,0,198,233,0,0,0,218,772,365,303,234,0,0
NEUMAPA01,1964,Paul,Neumann,SFW,N,36,934,390,0,0,96,94,0,0,0,99,338,152,119,86,0,0
NORDMRO01,1964,Robert,Nordmann,BOS,N,3,25,6,0,0,8,3,0,0,0,5,5,3,0,0,0,0
OHLDO01,1964,Don,Ohl,BAL,N,77,2821,1420,0,0,336,250,0,0,0,274,1297,568,388,284,0,0
OLSENEN01,1964,Enoch,Olsen,CIN,N,79,1372,592,0,0,333,84,0,0,0,203,512,224,195,144,0,0
PETTIBO01,1964,Bob,Pettit,STL,N,50,1754,1124,0,0,621,128,0,0,0,167,923,396,405,332,0,0
PHILLGA01,1964,Gary,Phillips,SFW,N,73,1541,516,0,0,189,148,0,0,0,184,553,198,199,120,0,0
REEDHU01,1964,Hub,Reed,DET,N,62,753,208,0,0,206,38,0,0,0,136,221,84,58,40,0,0
REEDWI01,1964,Willis,Reed,NYK,N,80,3042,1560,0,0,1175,133,0,0,0,339,1457,629,407,302,0,0
ROBEROS01,1964,Oscar,Robertson,CIN,N,75,3421,2279,0,0,674,861,0,0,0,205,1681,807,793,665,0,0
RODGEGU01,1964,Guy,Rodgers,SFW,N,79,2699,1153,0,0,323,565,0,0,0,256,1225,465,325,223,0,0
RUDOMJO01,1964,John,Rudometkin,NYK,N,1,22,6,0,0,7,0,0,0,0,5,8,3,0,0,0,0
RUDOMJO01,1964,John,Rudometkin,SFW,N,22,354,132,0,0,92,16,0,0,0,49,146,49,50,34,0,0
RUDOMJO01,1964,John,Rudometkin,TOT,N,23,376,138,0,0,99,16,0,0,0,54,154,52,50,34,0,0
RUSSEBI01,1964,Bill,Russell,BOS,N,78,3466,1102,0,0,1878,410,0,0,0,204,980,429,426,244,0,0
SANDETH01,1964,Thomas,Sanders,BOS,N,80,2459,941,0,0,661,92,0,0,0,318,871,374,259,193,0,0
SCOTTRA01,1964,Ray,Scott,DET,N,66,2167,1024,0,0,634,239,0,0,0,209,1092,402,314,220,0,0
SIEGFLA01,1964,Larry,Siegfried,BOS,N,72,996,455,0,0,134,119,0,0,0,108,417,173,140,109,0,0
SILASPA01,1964,Paul,Silas,STL,N,79,1243,363,0,0,576,48,0,0,0,161,375,140,164,83,0,0
SMITHAD01,1964,Adrian,Smith,CIN,N,80,2745,1210,0,0,220,240,0,0,0,199,1016,463,342,284,0,0
THACKTO01,1964,Tom,Thacker,CIN,N,55,470,135,0,0,127,41,0,0,0,64,168,56,47,23,0,0
THOMPJO01,1964,John,Thompson,BOS,N,64,699,230,0,0,230,16,0,0,0,141,209,84,105,62,0,0
THORNRO01,1964,Rod,Thorn,DET,N,74,1770,816,0,0,266,161,0,0,0,122,750,320,243,176,0,0
THURMNA01,1964,Nate,Thurmond,SFW,N,77,3173,1273,0,0,1395,157,0,0,0,232,1240,519,357,235,0,0
TRESVJO01,1964,John,Tresvant,STL,N,4,35,14,0,0,18,6,0,0,0,9,11,4,9,6,0,0
TWYMAJA01,1964,Jack,Twyman,CIN,N,80,2236,1156,0,0,383,137,0,0,0,239,1081,479,239,198,0,0
VAUGHCH01,1964,Charles,Vaughn,STL,N,75,1965,870,0,0,173,157,0,0,0,192,811,344,242,182,0,0
WALKECH01,1964,Chet,Walker,PHI,N,79,2187,1042,0,0,528,132,0,0,0,200,936,377,388,288,0,0
WARDGE01,1964,Gerry,Ward,BOS,N,3,30,5,0,0,5,6,0,0,0,6,18,2,1,1,0,0
WARLEBE01,1964,Ben,Warley,PHI,N,64,900,312,0,0,277,53,0,0,0,170,253,94,176,124,0,0
WESTJE01,1964,Jerry,West,LAL,N,74,3066,2292,0,0,447,364,0,0,0,221,1655,822,789,648,0,0
WILEYGE01,1964,Gene,Wiley,LAL,N,80,2002,406,0,0,690,105,0,0,0,235,376,175,111,56,0,0
WILKELE01,1964,Lenny,Wilkens,STL,N,78,2854,1284,0,0,365,431,0,0,0,283,1048,434,558,416,0,0
WILSOGE01,1964,George,Wilson,CIN,N,39,288,91,0,0,102,11,0,0,0,59,155,41,30,9,0,0
ARNETJA01,1965,Jay,Arnette,CIN,N,3,14,2,0,0,0,0,0,0,0,3,6,1,0,0,0,0
ATTLEAL01,1965,Alvin,Attles,SFW,N,79,2053,882,0,0,322,225,0,0,0,265,724,364,252,154,0,0
BARNEDI01,1965,Dick,Barnett,NYK,N,75,2589,1729,0,0,310,259,0,0,0,235,1344,631,605,467,0,0
BARNEJI01,1965,Jim,Barnes,NYK,N,7,263,110,0,0,72,9,0,0,0,33,90,40,42,30,0,0
BARNEJI01,1965,Jim,Barnes,BAL,N,66,1928,798,0,0,683,85,0,0,0,250,728,308,268,182,0,0
BARNEJI01,1965,Jim,Barnes,TOT,N,73,2191,908,0,0,755,94,0,0,0,283,818,348,310,212,0,0
BARNHJO01,1965,John,Barnhill,TOT,N,76,1617,599,0,0,203,196,0,0,0,134,606,243,184,113,0,0
BARNHJO01,1965,John,Barnhill,DET,N,45,926,337,0,0,112,113,0,0,0,76,363,139,98,59,0,0
BARNHJO01,1965,John,Barnhill,STL,N,31,691,262,0,0,91,83,0,0,0,58,243,104,86,54,0,0
BARRYRI01,1965,Rick,Barry,SFW,N,80,2990,2059,0,0,850,173,0,0,0,297,1698,745,660,569,0,0
BAYLOEL01,1965,Elgin,Baylor,LAL,N,65,1975,1079,0,0,621,224,0,0,0,157,1034,415,337,249,0,0
BEATYZE01,1965,Zelmo,Beaty,STL,N,80,3072,1656,0,0,1086,125,0,0,0,344,1301,616,559,424,0,0
BELLAWA01,1965,Walt,Bellamy,BAL,N,8,268,152,0,0,102,18,0,0,0,32,124,56,67,40,0,0
BELLAWA01,1965,Walt,Bellamy,NYK,N,72,3084,1668,0,0,1152,217,0,0,0,262,1249,639,622,390,0,0
BELLAWA01,1965,Walt,Bellamy,TOT,N,80,3352,1820,0,0,1254,235,0,0,0,294,1373,695,689,430,0,0
BIANCAL01,1965,Al,Bianchi,PHI,N,78,1312,494,0,0,134,134,0,0,0,232,560,214,98,66,0,0
BONHARO01,1965,Ron,Bonham,BOS,N,39,312,204,0,0,35,11,0,0,0,29,207,76,61,52,0,0
BOOZEBO01,1965,Bob,Boozer,LAL,N,78,1847,955,0,0,548,87,0,0,0,196,754,365,289,225,0,0
BRADDGA01,1965,Gary,Bradds,BAL,N,3,15,7,0,0,8,1,0,0,0,1,6,2,4,3,0,0
BRANSJE01,1965,Jesse,Branson,PHI,N,5,14,5,0,0,9,1,0,0,0,4,6,1,4,3,0,0
BRIDGBI01,1965,Bill,Bridges,STL,N,78,2677,1011,0,0,951,208,0,0,0,333,927,377,364,257,0,0
BRYANEM01,1965,Emmette,Bryant,NYK,N,71,1193,498,0,0,170,216,0,0,0,215,449,212,101,74,0,0
BUNTIBI02,1965,Bill,Buntin,DET,N,42,713,324,0,0,252,36,0,0,0,119,299,118,143,88,0,0
BUTCHDO01,1965,Donnie,Butcher,DET,N,15,285,108,0,0,33,30,0,0,0,40,96,45,34,18,0,0
CALDWJO01,1965,Joe,Caldwell,TOT,N,79,1857,1001,0,0,436,126,0,0,0,203,938,411,254,179,0,0
CALDWJO01,1965,Joe,Caldwell,DET,N,33,716,346,0,0,190,65,0,0,0,63,338,143,88,60,0,0
CALDWJO01,1965,Joe,Caldwell,STL,N,46,1141,655,0,0,246,61,0,0,0,140,600,268,166,119,0,0
CHAMBWI01,1965,Wilt,Chamberlain,PHI,N,79,3737,2649,0,0,1943,414,0,0,0,171,1990,1074,976,501,0,0
CHAPPLE01,1965,Len,Chappell,NYK,N,46,545,246,0,0,127,26,0,0,0,64,238,100,78,46,0,0
CLEMEJO01,1965,John,Clemens,NYK,N,70,877,376,0,0,183,67,0,0,0,113,391,161,78,54,0,0
COUNTME01,1965,Mel,Counts,BOS,N,67,1021,562,0,0,432,50,0,0,0,207,549,221,145,120,0,0
CUNNIBI01,1965,Billy,Cunningham,PHI,N,80,2134,1143,0,0,599,207,0,0,0,301,1011,431,443,281,0,0
DEBUSDA01,1965,Dave,Debusschere,DET,N,79,2696,1297,0,0,916,209,0,0,0,252,1284,524,378,249,0,0
DIERKCO01,1965,Connie,Dierking,CIN,N,57,782,318,0,0,245,43,0,0,0,113,322,134,82,50,0,0
EGANJO01,1965,Johnny,Egan,NYK,N,7,58,17,0,0,2,14,0,0,0,4,16,5,10,7,0,0
EGANJO01,1965,Johnny,Egan,BAL,N,69,1586,674,0,0,181,259,0,0,0,163,558,254,217,166,0,0
EGANJO01,1965,Johnny,Egan,TOT,N,76,1644,691,0,0,183,273,0,0,0,167,574,259,227,173,0,0
ELLISLE01,1965,Leroy,Ellis,LAL,N,80,2219,972,0,0,735,74,0,0,0,232,927,393,256,186,0,0
EMBRYWA01,1965,Wayne,Embry,CIN,N,80,1882,605,0,0,525,81,0,0,0,287,564,232,234,141,0,0
ERICKKE01,1965,Keith,Erickson,SFW,N,64,646,233,0,0,162,38,0,0,0,91,267,95,65,43,0,0
FAIRCJO01,1965,John,Fairchild,LAL,N,30,171,60,0,0,45,11,0,0,0,33,89,23,20,14,0,0
FARMEMI01,1965,Mike,Farmer,STL,N,9,79,30,0,0,18,6,0,0,0,10,30,13,5,4,0,0
FERRYBO01,1965,Bob,Ferry,BAL,N,66,1229,481,0,0,334,111,0,0,0,134,457,188,157,105,0,0
FRAZIWI01,1965,Will,Frazier,SFW,N,2,9,1,0,0,5,1,0,0,0,1,4,0,2,1,0,0
GAMBEDA01,1965,Dave,Gambee,PHI,N,72,1068,495,0,0,273,71,0,0,0,189,437,168,187,159,0,0
GOLATO01,1965,Tom,Gola,NYK,N,74,1127,326,0,0,289,191,0,0,0,207,271,122,105,82,0,0
GOODRGA01,1965,Gail,Goodrich,LAL,N,65,1008,509,0,0,130,103,0,0,0,103,503,203,149,103,0,0
GREENJO01,1965,Johnny,Green,NYK,N,7,208,101,0,0,74,11,0,0,0,21,79,43,31,15,0,0
GREENJO01,1965,Johnny,Green,TOT,N,79,1645,918,0,0,645,107,0,0,0,183,668,358,388,202,0,0
GREENJO01,1965,Johnny,Green,BAL,N,72,1437,817,0,0,571,96,0,0,0,162,589,315,357,187,0,0
GREENSI01,1965,Si,Green,BOS,N,10,92,32,0,0,11,9,0,0,0,16,31,12,16,8,0,0
GREERHA01,1965,Hal,Greer,PHI,N,80,3326,1819,0,0,473,384,0,0,0,315,1580,703,514,413,0,0
GUERIRI01,1965,Richie,Guerin,STL,N,80,2363,1190,0,0,314,388,0,0,0,256,998,414,446,362,0,0
HAGANCL01,1965,Cliff,Hagan,STL,N,74,1851,1014,0,0,234,164,0,0,0,177,942,419,206,176,0,0
HAIRSHA01,1965,Happy,Hairston,CIN,N,72,1794,1016,0,0,546,44,0,0,0,216,814,398,321,220,0,0
HAVLIJO01,1965,John,Havlicek,BOS,N,71,2175,1334,0,0,423,210,0,0,0,158,1328,530,349,274,0,0
HAWKITO01,1965,Tom,Hawkins,CIN,N,79,2126,662,0,0,575,99,0,0,0,274,604,273,209,116,0,0
HAZZAWA01,1965,Walt,Hazzard,LAL,N,80,2198,1098,0,0,219,393,0,0,0,224,1003,458,257,182,0,0
HETZEFR01,1965,Fred,Hetzel,SFW,N,56,722,383,0,0,290,27,0,0,0,121,401,160,92,63,0,0
HEYMAAR01,1965,Art,Heyman,PHI,N,6,20,10,0,0,4,4,0,0,0,4,9,3,5,4,0,0
HEYMAAR01,1965,Art,Heyman,CIN,N,11,100,40,0,0,13,7,0,0,0,19,43,15,17,10,0,0
HEYMAAR01,1965,Art,Heyman,TOT,N,17,120,50,0,0,17,11,0,0,0,23,52,18,22,14,0,0
HIGHTWA01,1965,Wayne,Hightower,BAL,N,24,460,183,0,0,131,35,0,0,0,61,186,63,78,57,0,0
HOWELBA01,1965,Bailey,Howell,BAL,N,78,2328,1364,0,0,773,155,0,0,0,306,986,481,551,402,0,0
IMHOFDA01,1965,Darrall,Imhoff,LAL,N,77,1413,379,0,0,509,113,0,0,0,234,337,151,136,77,0,0
JACKSLU01,1965,Lucious,Jackson,PHI,N,79,1966,650,0,0,676,132,0,0,0,216,614,246,214,158,0,0
JOHNSGU01,1965,Gus,Johnson,BAL,N,41,1284,677,0,0,546,114,0,0,0,136,661,273,178,131,0,0
JONESKC01,1965,K.c.,Jones,BOS,N,80,2710,689,0,0,304,503,0,0,0,243,619,240,303,209,0,0
JONESSA01,1965,Sam,Jones,BOS,N,67,2155,1577,0,0,347,216,0,0,0,170,1335,626,407,325,0,0
JONESWA01,1965,Wali,Jones,PHI,N,80,2196,720,0,0,169,273,0,0,0,250,799,296,172,128,0,0
KERRJO01,1965,Johnny,Kerr,BAL,N,71,1770,781,0,0,586,225,0,0,0,148,692,286,272,209,0,0
KINGJI01,1965,Jim,King,LAL,N,76,1499,570,0,0,204,223,0,0,0,181,545,238,115,94,0,0
KOJISDO01,1965,Don,Kojis,DET,N,60,783,440,0,0,260,42,0,0,0,94,439,182,141,76,0,0
KOMIVHO01,1965,Howard,Komives,NYK,N,80,2612,1113,0,0,281,425,0,0,0,278,1116,436,280,241,0,0
LARUSRU01,1965,Rudy,Larusso,LAL,N,76,2316,1170,0,0,660,165,0,0,0,261,897,410,445,350,0,0
LOUGHKE01,1965,Kevin,Loughery,BAL,N,74,2455,1349,0,0,227,356,0,0,0,273,1264,526,358,297,0,0
LUCASJE01,1965,Jerry,Lucas,CIN,N,79,3517,1697,0,0,1668,213,0,0,0,274,1523,690,403,317,0,0
MCGLOJO01,1965,Jon,Mcglocklin,CIN,N,72,852,368,0,0,133,88,0,0,0,77,363,153,79,62,0,0
MCLEMMC01,1965,Mccoy,Mclemore,SFW,N,80,1467,592,0,0,488,55,0,0,0,197,528,225,191,142,0,0
MCREYTH01,1965,Thales,Mcreynolds,BAL,N,5,28,3,0,0,6,1,0,0,0,0,12,1,2,1,0,0
MESCHTO01,1965,Tom,Meschery,SFW,N,80,2383,1026,0,0,716,81,0,0,0,285,895,401,293,224,0,0
MILESED01,1965,Eddie,Miles,DET,N,80,2788,1566,0,0,302,221,0,0,0,203,1418,634,402,298,0,0
MULLIJE01,1965,Jeff,Mullins,STL,N,44,587,255,0,0,69,66,0,0,0,68,296,113,36,29,0,0
NAULLWI01,1965,Willie,Naulls,BOS,N,71,1433,760,0,0,319,72,0,0,0,197,815,328,131,104,0,0
NELSODO01,1965,Don,Nelson,BOS,N,75,1765,765,0,0,403,79,0,0,0,187,618,271,326,223,0,0
NEUMAPA01,1965,Paul,Neumann,SFW,N,66,1729,951,0,0,208,184,0,0,0,174,817,343,317,265,0,0
OHLDO01,1965,Don,Ohl,BAL,N,73,2645,1502,0,0,280,290,0,0,0,208,1334,593,430,316,0,0
OLSENEN01,1965,Enoch,Olsen,SFW,N,59,602,201,0,0,192,20,0,0,0,81,193,81,88,39,0,0
OLSENEN01,1965,Enoch,Olsen,TOT,N,63,638,208,0,0,205,22,0,0,0,85,201,84,91,40,0,0
OLSENEN01,1965,Enoch,Olsen,CIN,N,4,36,7,0,0,13,2,0,0,0,4,8,3,3,1,0,0
PHILLGA01,1965,Gary,Phillips,SFW,N,67,867,266,0,0,134,113,0,0,0,97,303,106,87,54,0,0
REEDRO01,1965,Ron,Reed,DET,N,57,997,426,0,0,339,92,0,0,0,133,524,186,100,54,0,0
REEDWI01,1965,Willis,Reed,NYK,N,76,2537,1178,0,0,883,91,0,0,0,323,1009,438,399,302,0,0
ROBEROS01,1965,Oscar,Robertson,CIN,N,76,3493,2378,0,0,586,847,0,0,0,227,1723,818,881,742,0,0
RODGEGU01,1965,Guy,Rodgers,SFW,N,79,2902,1468,0,0,421,846,0,0,0,241,1571,586,407,296,0,0
RUSSEBI01,1965,Bill,Russell,BOS,N,78,3386,1005,0,0,1779,371,0,0,0,221,943,391,405,223,0,0
SANDETH01,1965,Thomas,Sanders,BOS,N,72,1896,909,0,0,508,90,0,0,0,317,816,349,276,211,0,0
SAULDWO01,1965,Woody,Sauldsberry,BOS,N,39,530,171,0,0,142,15,0,0,0,94,249,80,22,11,0,0
SCOTTRA01,1965,Ray,Scott,DET,N,79,2652,1411,0,0,755,238,0,0,0,209,1309,544,435,323,0,0
SIEGFLA01,1965,Larry,Siegfried,BOS,N,71,1675,972,0,0,196,165,0,0,0,157,825,349,311,274,0,0
SILASPA01,1965,Paul,Silas,STL,N,46,586,175,0,0,236,22,0,0,0,72,173,70,61,35,0,0
SLOANJE01,1965,Jerry,Sloan,BAL,N,59,952,338,0,0,230,110,0,0,0,176,289,120,139,98,0,0
SMITHAD01,1965,Adrian,Smith,CIN,N,80,2982,1470,0,0,287,256,0,0,0,276,1310,531,480,408,0,0
SOMERWI01,1965,Willie,Somerset,BAL,N,8,98,45,0,0,15,9,0,0,0,21,43,18,11,9,0,0
STALLDA01,1965,Dave,Stallworth,NYK,N,80,1893,1004,0,0,492,186,0,0,0,237,820,373,376,258,0,0
STRAWJO01,1965,Joe,Strawder,DET,N,79,2180,676,0,0,820,78,0,0,0,305,613,250,256,176,0,0
THACKTO01,1965,Tom,Thacker,CIN,N,50,478,183,0,0,119,61,0,0,0,85,207,84,38,15,0,0
THOMPJO01,1965,John,Thompson,BOS,N,10,72,32,0,0,30,3,0,0,0,15,30,14,6,4,0,0
THORNRO01,1965,Rod,Thorn,DET,N,27,815,376,0,0,101,64,0,0,0,67,343,143,123,90,0,0
THORNRO01,1965,Rod,Thorn,STL,N,46,924,404,0,0,109,81,0,0,0,77,385,163,113,78,0,0
THORNRO01,1965,Rod,Thorn,TOT,N,73,1739,780,0,0,210,145,0,0,0,144,728,306,236,168,0,0
THURMNA01,1965,Nate,Thurmond,SFW,N,73,2891,1188,0,0,1312,111,0,0,0,223,1119,454,428,280,0,0
TORMOGE01,1965,Gene,Tormohlen,STL,N,71,775,342,0,0,314,60,0,0,0,138,324,144,82,54,0,0
TRESVJO01,1965,John,Tresvant,DET,N,46,756,383,0,0,279,62,0,0,0,136,322,134,158,115,0,0
TRESVJO01,1965,John,Tresvant,TOT,N,61,969,484,0,0,364,72,0,0,0,179,400,171,190,142,0,0
TRESVJO01,1965,John,Tresvant,STL,N,15,213,101,0,0,85,10,0,0,0,43,78,37,32,27,0,0
TWYMAJA01,1965,Jack,Twyman,CIN,N,73,943,543,0,0,168,60,0,0,0,122,498,224,117,95,0,0
VANARDI01,1965,Dick,Vanarsdale,NYK,N,79,2289,969,0,0,376,184,0,0,0,235,838,359,351,251,0,0
VANARTO01,1965,Tom,Vanarsdale,DET,N,79,2041,833,0,0,309,205,0,0,0,251,834,312,290,209,0,0
VAUGHCH01,1965,Charles,Vaughn,TOT,N,56,1219,470,0,0,109,140,0,0,0,99,474,182,144,106,0,0
VAUGHCH01,1965,Charles,Vaughn,DET,N,37,774,280,0,0,63,104,0,0,0,60,282,110,82,60,0,0
VAUGHCH01,1965,Charles,Vaughn,STL,N,19,445,190,0,0,46,36,0,0,0,39,192,72,62,46,0,0
WALKECH01,1965,Chet,Walker,PHI,N,80,2603,1221,0,0,636,201,0,0,0,238,982,443,468,335,0,0
WARDGE01,1965,Gerry,Ward,PHI,N,66,838,173,0,0,89,80,0,0,0,163,189,67,60,39,0,0
WARLEBE01,1965,Ben,Warley,PHI,N,1,6,2,0,0,2,0,0,0,0,1,3,1,0,0,0,0
WARLEBE01,1965,Ben,Warley,BAL,N,56,767,294,0,0,215,25,0,0,0,128,281,115,97,64,0,0
WARLEBE01,1965,Ben,Warley,TOT,N,57,773,296,0,0,217,25,0,0,0,129,284,116,97,64,0,0
WARLIBO01,1965,Bob,Warlick,DET,N,10,78,24,0,0,16,10,0,0,0,8,38,11,6,2,0,0
WASHIJI01,1965,Jim,Washington,STL,N,65,1104,384,0,0,353,43,0,0,0,176,393,158,120,68,0,0
WATTSRO01,1965,Ron,Watts,BOS,N,1,3,2,0,0,1,1,0,0,0,1,2,1,0,0,0,0
WEISSBO01,1965,Bob,Weiss,PHI,N,7,30,6,0,0,7,4,0,0,0,10,9,3,0,0,0,0
WESTJE01,1965,Jerry,West,LAL,N,79,3218,2476,0,0,562,480,0,0,0,243,1731,818,977,840,0,0
WILEYGE01,1965,Gene,Wiley,LAL,N,67,1386,289,0,0,490,63,0,0,0,171,289,123,76,43,0,0
WILKELE01,1965,Lenny,Wilkens,STL,N,69,2692,1244,0,0,322,429,0,0,0,248,954,411,532,422,0,0
WILSOGE01,1965,George,Wilson,CIN,N,47,276,135,0,0,98,17,0,0,0,56,138,54,42,27,0,0
AKINHE01,1966,Henry,Akin,NYK,N,50,453,192,0,0,120,25,0,0,0,82,230,83,37,26,0,0
ATTLEAL01,1966,Alvin,Attles,SFW,N,69,1764,512,0,0,321,269,0,0,0,265,467,212,151,88,0,0
AUSTIJO01,1966,John,Austin,BAL,N,4,61,23,0,0,7,4,0,0,0,12,22,5,16,13,0,0
BARNEDI01,1966,Dick,Barnett,NYK,N,67,1969,1139,0,0,226,161,0,0,0,185,949,454,295,231,0,0
BARNEJI01,1966,Jim,Barnes,LAL,N,80,1398,562,0,0,450,47,0,0,0,266,497,217,187,128,0,0
BARNEJI02,1966,Jim,Barnett,BOS,N,48,383,198,0,0,53,41,0,0,0,61,211,78,62,42,0,0
BARNHJO01,1966,John,Barnhill,BAL,N,53,1214,440,0,0,157,136,0,0,0,80,447,187,103,66,0,0
BARRYRI01,1966,Rick,Barry,SFW,N,78,3175,2775,0,0,714,282,0,0,0,258,2240,1011,852,753,0,0
BAYLOEL01,1966,Elgin,Baylor,LAL,N,70,2706,1862,0,0,898,215,0,0,0,211,1658,711,541,440,0,0
BEATYZE01,1966,Zelmo,Beaty,STL,N,48,1661,853,0,0,515,60,0,0,0,189,694,328,260,197,0,0
BELLAWA01,1966,Walt,Bellamy,NYK,N,79,3010,1499,0,0,1064,206,0,0,0,275,1084,565,580,369,0,0
BINGDA01,1966,Dave,Bing,DET,N,80,2762,1601,0,0,359,330,0,0,0,217,1522,664,370,273,0,0
BLOCKJO01,1966,John,Block,LAL,N,22,118,64,0,0,45,5,0,0,0,20,52,20,34,24,0,0
BOOZEBO01,1966,Bob,Boozer,CHI,N,80,2451,1436,0,0,679,90,0,0,0,212,1104,538,461,360,0,0
BOWMANA01,1966,Nate,Bowman,CHI,N,9,65,22,0,0,28,2,0,0,0,18,21,8,8,6,0,0
BRIDGBI01,1966,Bill,Bridges,STL,N,79,3130,1373,0,0,1190,222,0,0,0,325,1106,503,523,367,0,0
BRYANEM01,1966,Emmette,Bryant,NYK,N,63,1593,546,0,0,273,218,0,0,0,231,577,236,114,74,0,0
CALDWJO01,1966,Joe,Caldwell,STL,N,81,2256,1116,0,0,442,166,0,0,0,230,1076,458,308,200,0,0
CHAMBJE01,1966,Jerry,Chambers,LAL,N,68,1015,516,0,0,208,44,0,0,0,143,496,224,93,68,0,0
CHAMBWI01,1966,Wilt,Chamberlain,PHI,N,81,3682,1956,0,0,1957,630,0,0,0,143,1150,785,875,386,0,0
CHAPPLE01,1966,Len,Chappell,CHI,N,19,179,94,0,0,38,12,0,0,0,31,89,40,21,14,0,0
CHAPPLE01,1966,Len,Chappell,CIN,N,54,529,223,0,0,151,21,0,0,0,73,224,92,60,39,0,0
CHAPPLE01,1966,Len,Chappell,TOT,N,73,708,317,0,0,189,33,0,0,0,104,313,132,81,53,0,0
CLARKAR01,1966,Archie,Clark,LAL,N,76,1763,798,0,0,218,205,0,0,0,193,732,331,192,136,0,0
CLEMEJO01,1966,John,Clemens,CHI,N,60,986,440,0,0,201,39,0,0,0,143,444,186,90,68,0,0
COSTELA01,1966,Larry,Costello,PHI,N,49,976,380,0,0,103,140,0,0,0,141,293,130,133,120,0,0
COUNTME01,1966,Mel,Counts,TOT,N,56,860,423,0,0,344,52,0,0,0,183,419,177,94,69,0,0
COUNTME01,1966,Mel,Counts,BAL,N,25,343,159,0,0,155,30,0,0,0,81,167,65,40,29,0,0
COUNTME01,1966,Mel,Counts,LAL,N,31,517,264,0,0,189,22,0,0,0,102,252,112,54,40,0,0
CRAWFFR01,1966,Fred,Crawford,NYK,N,19,192,112,0,0,48,12,0,0,0,39,116,44,38,24,0,0
CUNNIBI01,1966,Billy,Cunningham,PHI,N,81,2168,1495,0,0,589,205,0,0,0,260,1211,556,558,383,0,0
DEBUSDA01,1966,Dave,Debusschere,DET,N,78,2897,1423,0,0,924,216,0,0,0,297,1278,531,512,361,0,0
DEUTSDA01,1966,Dave,Deutsch,NYK,N,19,93,21,0,0,21,15,0,0,0,17,36,6,20,9,0,0
DIERKCO01,1966,Connie,Dierking,CIN,N,77,1905,716,0,0,603,158,0,0,0,251,729,291,180,134,0,0
EGANJO01,1966,Johnny,Egan,BAL,N,71,1743,719,0,0,180,275,0,0,0,190,624,267,219,185,0,0
ELLISJO01,1966,Joe,Ellis,SFW,N,41,333,153,0,0,112,27,0,0,0,45,164,67,25,19,0,0
ELLISLE01,1966,Leroy,Ellis,BAL,N,81,2938,1203,0,0,970,170,0,0,0,258,1166,496,286,211,0,0
EMBRYWA01,1966,Wayne,Embry,BOS,N,72,729,376,0,0,294,42,0,0,0,137,359,147,144,82,0,0
ERICKKE01,1966,Keith,Erickson,CHI,N,76,1454,587,0,0,338,119,0,0,0,199,641,235,159,117,0,0
FERRYBO01,1966,Bob,Ferry,BAL,N,51,991,334,0,0,258,92,0,0,0,97,315,132,110,70,0,0
FINKEHA01,1966,Hank,Finkel,LAL,N,27,141,41,0,0,64,5,0,0,0,39,47,17,12,7,0,0
GAMBEDA01,1966,Dave,Gambee,PHI,N,63,757,407,0,0,197,42,0,0,0,143,345,150,125,107,0,0
GOODRGA01,1966,Gail,Goodrich,LAL,N,77,1780,957,0,0,251,210,0,0,0,194,776,352,337,253,0,0
GREENJO01,1966,Johnny,Green,BAL,N,61,948,502,0,0,394,57,0,0,0,139,437,203,207,96,0,0
GREERHA01,1966,Hal,Greer,PHI,N,80,3086,1765,0,0,422,303,0,0,0,302,1524,699,466,367,0,0
GUERIRI01,1966,Richie,Guerin,STL,N,80,2275,1092,0,0,192,345,0,0,0,247,904,394,416,304,0,0
GUOKAMA01,1966,Matt,Guokas,PHI,N,69,808,207,0,0,83,105,0,0,0,82,203,79,81,49,0,0
HAIRSHA01,1966,Happy,Hairston,CIN,N,79,2442,1174,0,0,631,62,0,0,0,273,962,461,382,252,0,0
HARDIRE01,1966,Reggie,Harding,DET,N,74,1367,407,0,0,455,94,0,0,0,164,383,172,103,63,0,0
HAVLIJO01,1966,John,Havlicek,BOS,N,81,2602,1733,0,0,532,278,0,0,0,210,1540,684,441,365,0,0
HAWKITO01,1966,Tom,Hawkins,LAL,N,76,1798,632,0,0,434,83,0,0,0,207,572,275,173,82,0,0
HAZZAWA01,1966,Walt,Hazzard,LAL,N,79,1642,731,0,0,231,323,0,0,0,203,706,301,177,129,0,0
HETZEFR01,1966,Fred,Hetzel,SFW,N,77,2123,938,0,0,639,111,0,0,0,228,932,373,237,192,0,0
HIGHTWA01,1966,Wayne,Hightower,DET,N,29,564,248,0,0,164,28,0,0,0,80,259,92,86,64,0,0
HIGHTWA01,1966,Wayne,Hightower,BAL,N,43,746,295,0,0,241,36,0,0,0,110,308,103,124,89,0,0
HIGHTWA01,1966,Wayne,Hightower,TOT,N,72,1310,543,0,0,405,64,0,0,0,190,567,195,210,153,0,0
HOGSEBO01,1966,Bob,Hogsett,DET,N,7,22,16,0,0,3,1,0,0,0,5,16,5,6,6,0,0
HOOVETO01,1966,Tom,Hoover,STL,N,17,129,31,0,0,36,8,0,0,0,35,31,13,13,5,0,0
HOWELBA01,1966,Bailey,Howell,BOS,N,81,2503,1621,0,0,677,103,0,0,0,296,1242,636,471,349,0,0
HUDSOLO01,1966,Lou,Hudson,STL,N,80,2446,1471,0,0,435,95,0,0,0,277,1328,620,327,231,0,0
IMHOFDA01,1966,Darrall,Imhoff,LAL,N,81,2725,867,0,0,1080,222,0,0,0,281,780,370,207,127,0,0
JACKSLU01,1966,Lucious,Jackson,PHI,N,81,2377,970,0,0,724,114,0,0,0,276,882,386,261,198,0,0
JOHNSGU01,1966,Gus,Johnson,BAL,N,73,2626,1511,0,0,855,194,0,0,0,281,1377,620,383,271,0,0
JOHNSNE01,1966,Neil,Johnson,NYK,N,51,522,175,0,0,167,38,0,0,0,102,171,59,86,57,0,0
JONESKC01,1966,K.c.,Jones,BOS,N,78,2446,483,0,0,239,389,0,0,0,273,459,182,189,119,0,0
JONESSA01,1966,Sam,Jones,BOS,N,72,2325,1594,0,0,338,217,0,0,0,191,1406,638,371,318,0,0
JONESWA01,1966,Wali,Jones,PHI,N,81,2249,1069,0,0,265,303,0,0,0,246,982,423,266,223,0,0
KIMBATO01,1966,Toby,Kimball,BOS,N,38,222,97,0,0,146,13,0,0,0,42,97,35,40,27,0,0
KINGJI01,1966,Jim,King,SFW,N,67,1667,746,0,0,319,240,0,0,0,193,685,286,221,174,0,0
KOJISDO01,1966,Don,Kojis,CHI,N,78,1655,792,0,0,479,70,0,0,0,204,773,329,222,134,0,0
KOMIVHO01,1966,Howard,Komives,NYK,N,65,2282,1021,0,0,183,401,0,0,0,213,995,402,253,217,0,0
KRONTO01,1966,Tom,Kron,STL,N,32,221,67,0,0,36,46,0,0,0,35,87,27,19,13,0,0
LARUSRU01,1966,Rudy,Larusso,LAL,N,45,1292,578,0,0,351,78,0,0,0,149,509,211,224,156,0,0
LEECL01,1966,Clyde,Lee,SFW,N,74,1247,515,0,0,551,77,0,0,0,168,503,205,166,105,0,0
LEEGE01,1966,George,Lee,SFW,N,1,5,12,0,0,0,0,0,0,0,0,4,3,7,6,0,0
LEWISFR01,1966,Freddie,Lewis,CIN,N,32,334,149,0,0,44,40,0,0,0,49,153,60,41,29,0,0
LOUGHKE01,1966,Kevin,Loughery,BAL,N,76,2577,1380,0,0,349,288,0,0,0,294,1306,520,412,340,0,0
LOVEBO01,1966,Bob,Love,CIN,N,66,1074,439,0,0,257,49,0,0,0,153,403,173,147,93,0,0
LUCASJE01,1966,Jerry,Lucas,CIN,N,81,3558,1438,0,0,1547,268,0,0,0,280,1257,577,359,284,0,0
MARINJA01,1966,Jack,Marin,BAL,N,74,1323,711,0,0,313,75,0,0,0,199,632,283,187,145,0,0
MCGLOJO01,1966,Jon,Mcglocklin,CIN,N,60,1194,508,0,0,164,93,0,0,0,84,493,217,104,74,0,0
MCLEMMC01,1966,Mccoy,Mclemore,CHI,N,79,1382,726,0,0,374,62,0,0,0,189,670,258,272,210,0,0
MELCHBI01,1966,Bill,Melchionni,PHI,N,73,692,315,0,0,98,98,0,0,0,73,353,138,60,39,0,0
MESCHTO01,1966,Tom,Meschery,SFW,N,72,1846,761,0,0,549,94,0,0,0,264,706,293,244,175,0,0
MILESED01,1966,Eddie,Miles,DET,N,81,2419,1425,0,0,298,181,0,0,0,216,1363,582,338,261,0,0
MOLISWA01,1966,Wayne,Molis,NYK,N,13,75,45,0,0,22,2,0,0,0,9,51,19,13,7,0,0
MUELLER01,1966,Erwin,Mueller,CHI,N,80,2136,1015,0,0,497,131,0,0,0,223,957,422,260,171,0,0
MULLIJE01,1966,Jeff,Mullins,SFW,N,75,1835,992,0,0,388,226,0,0,0,195,919,421,214,150,0,0
MURREDO01,1966,Dorie,Murrey,DET,N,35,311,98,0,0,102,12,0,0,0,57,82,33,54,32,0,0
NELSODO01,1966,Don,Nelson,BOS,N,79,1202,595,0,0,295,65,0,0,0,143,509,227,190,141,0,0
NEUMAPA01,1966,Paul,Neumann,SFW,N,78,2421,1084,0,0,272,342,0,0,0,266,911,386,390,312,0,0
OHLDO01,1966,Don,Ohl,BAL,N,58,2024,1180,0,0,189,168,0,0,0,153,1002,452,354,276,0,0
OLSENEN01,1966,Enoch,Olsen,SFW,N,40,348,173,0,0,103,32,0,0,0,51,167,75,58,23,0,0
REEDRO01,1966,Ron,Reed,DET,N,61,1248,525,0,0,423,81,0,0,0,145,600,223,133,79,0,0
REEDWI01,1966,Willis,Reed,NYK,N,78,2824,1628,0,0,1136,126,0,0,0,293,1298,635,487,358,0,0
ROBEROS01,1966,Oscar,Robertson,CIN,N,79,3468,2412,0,0,486,845,0,0,0,226,1699,838,843,736,0,0
ROBINFL01,1966,Flynn,Robinson,CIN,N,76,1140,668,0,0,133,110,0,0,0,197,599,274,154,120,0,0
RODGEGU01,1966,Guy,Rodgers,CHI,N,81,3063,1459,0,0,346,908,0,0,0,243,1377,538,475,383,0,0
RUSSEBI01,1966,Bill,Russell,BOS,N,81,3297,1075,0,0,1700,472,0,0,0,258,870,395,467,285,0,0
RUSSECA01,1966,Cazzie,Russell,NYK,N,77,1696,867,0,0,251,187,0,0,0,174,789,344,228,179,0,0
SANDETH01,1966,Thomas,Sanders,BOS,N,81,1926,824,0,0,439,91,0,0,0,304,755,323,218,178,0,0
SCHELDA01,1966,Dave,Schellhase,CHI,N,31,212,94,0,0,29,23,0,0,0,27,111,40,22,14,0,0
SCOTTRA01,1966,Ray,Scott,DET,N,45,1477,660,0,0,404,84,0,0,0,132,681,252,206,156,0,0
SCOTTRA01,1966,Ray,Scott,TOT,N,72,2446,1172,0,0,760,160,0,0,0,215,1144,458,366,256,0,0
SCOTTRA01,1966,Ray,Scott,BAL,N,27,969,512,0,0,356,76,0,0,0,83,463,206,160,100,0,0
SIEGFLA01,1966,Larry,Siegfried,BOS,N,73,1891,1030,0,0,228,250,0,0,0,207,833,368,347,294,0,0
SILASPA01,1966,Paul,Silas,STL,N,77,1570,527,0,0,669,74,0,0,0,208,482,207,213,113,0,0
SLOANJE01,1966,Jerry,Sloan,CHI,N,80,2942,1390,0,0,726,170,0,0,0,293,1214,525,427,340,0,0
SMITHAD01,1966,Adrian,Smith,CIN,N,81,2636,1347,0,0,205,187,0,0,0,272,1147,502,380,343,0,0
SNYDEDI01,1966,Dick,Snyder,STL,N,55,676,334,0,0,91,59,0,0,0,82,333,144,61,46,0,0
STALLDA01,1966,Dave,Stallworth,NYK,N,76,1889,989,0,0,472,144,0,0,0,226,816,380,320,229,0,0
STRAWJO01,1966,Joe,Strawder,DET,N,79,2156,750,0,0,791,82,0,0,0,344,660,281,262,188,0,0
THORNRO01,1966,Rod,Thorn,STL,N,67,1166,591,0,0,160,118,0,0,0,88,524,233,172,125,0,0
THURMNA01,1966,Nate,Thurmond,SFW,N,65,2755,1214,0,0,1382,166,0,0,0,183,1068,467,445,280,0,0
TORMOGE01,1966,Gene,Tormohlen,STL,N,63,1036,394,0,0,347,73,0,0,0,177,403,172,84,50,0,0
TRESVJO01,1966,John,Tresvant,DET,N,68,1553,676,0,0,483,88,0,0,0,246,585,256,234,164,0,0
VANARDI01,1966,Dick,Vanarsdale,NYK,N,79,2892,1191,0,0,555,247,0,0,0,264,913,410,509,371,0,0
VANARTO01,1966,Tom,Vanarsdale,DET,N,79,2134,966,0,0,341,193,0,0,0,241,887,347,347,272,0,0
VAUGHCH01,1966,Charles,Vaughn,DET,N,50,680,220,0,0,67,75,0,0,0,54,226,85,74,50,0,0
WALKECH01,1966,Chet,Walker,PHI,N,81,2691,1567,0,0,660,188,0,0,0,232,1150,561,581,445,0,0
WARDGE01,1966,Gerry,Ward,CHI,N,76,1042,321,0,0,179,130,0,0,0,169,307,117,138,87,0,0
WAREJI01,1966,Jim,Ware,CIN,N,33,201,70,0,0,69,6,0,0,0,35,97,30,17,10,0,0
WARLEBE01,1966,Ben,Warley,BAL,N,62,1037,384,0,0,325,51,0,0,0,176,312,125,170,134,0,0
WARLIBO01,1966,Bob,Warlick,SFW,N,12,65,36,0,0,20,10,0,0,0,4,52,15,11,6,0,0
WASHIJI01,1966,Jim,Washington,CHI,N,77,1475,592,0,0,468,56,0,0,0,181,604,252,159,88,0,0
WATTSRO01,1966,Ron,Watts,BOS,N,27,89,38,0,0,38,1,0,0,0,16,44,11,23,16,0,0
WEISSBO01,1966,Bob,Weiss,PHI,N,6,29,12,0,0,3,10,0,0,0,8,10,5,5,2,0,0
WESLEWA01,1966,Walt,Wesley,CIN,N,64,909,314,0,0,329,19,0,0,0,161,333,131,123,52,0,0
WESTJE01,1966,Jerry,West,LAL,N,66,2670,1892,0,0,392,447,0,0,0,160,1389,645,686,602,0,0
WILKELE01,1966,Lenny,Wilkens,STL,N,78,2974,1355,0,0,412,442,0,0,0,280,1036,448,583,459,0,0
WILSOGE01,1966,George,Wilson,TOT,N,55,573,228,0,0,206,15,0,0,0,92,234,85,86,58,0,0
WILSOGE01,1966,George,Wilson,CHI,N,43,448,199,0,0,163,15,0,0,0,73,193,77,70,45,0,0
WILSOGE01,1966,George,Wilson,CIN,N,12,125,29,0,0,43,0,0,0,0,19,41,8,16,13,0,0
ACTONCH01,1967,Charles,Acton,SDR,N,23,195,77,0,0,47,11,0,0,0,35,74,29,29,19,0,0
AITCHMA01,1967,Matt,Aitch,IND,A,45,637,252,0,0,160,18,0,0,37,69,247,100,77,52,2,0
AKINHE01,1967,Henry,Akin,SEA,N,36,259,112,0,0,57,14,0,0,0,48,137,46,31,20,0,0
ALLENBI01,1967,Bill,Allen,ANA,A,38,857,300,0,0,269,23,0,0,38,121,280,120,99,58,2,2
ANDERAN01,1967,Andy,Anderson,OAK,A,77,1894,730,0,0,167,118,0,0,120,190,756,279,225,163,44,9
ANDERCL01,1967,Cliff,Anderson,LAL,N,18,94,26,0,0,11,17,0,0,0,18,29,7,28,12,0,0
ANDERDA01,1967,Danw,Anderson,NJA,A,78,2626,1149,0,0,856,92,0,0,131,329,938,463,320,223,0,0
ATTLEAL01,1967,Alvin,Attles,SFW,N,67,1992,654,0,0,276,390,0,0,0,284,540,252,216,150,0,0
AUSTIJO01,1967,John,Austin,NJA,A,41,692,317,0,0,64,58,0,0,57,110,279,108,140,101,11,0
BARNEDI01,1967,Dick,Barnett,NYK,N,81,2488,1461,0,0,238,242,0,0,0,222,1159,559,440,343,0,0
BARNEJI01,1967,Jim,Barnes,LAL,N,42,713,261,0,0,211,27,0,0,0,134,235,101,88,59,0,0
BARNEJI01,1967,Jim,Barnes,TOT,N,79,1425,575,0,0,415,55,0,0,0,262,499,221,191,133,0,0
BARNEJI01,1967,Jim,Barnes,CHI,N,37,712,314,0,0,204,28,0,0,0,128,264,120,103,74,0,0
BARNEJI02,1967,Jim,Barnett,SDR,N,47,1068,442,0,0,155,134,0,0,0,101,456,179,118,84,0,0
BARNHJO01,1967,John,Barnhill,SDR,N,75,1883,744,0,0,173,259,0,0,0,143,700,295,234,154,0,0
BAYLOEL01,1967,Elgin,Baylor,LAL,N,77,3029,2002,0,0,941,355,0,0,0,232,1709,757,621,488,0,0
BAYNEHO01,1967,Howard,Bayne,KEN,A,69,1181,338,0,0,456,71,0,0,117,199,361,130,143,77,7,1
BEARDAL01,1967,Al,Beard,NJA,A,12,118,30,0,0,46,0,0,0,12,39,23,12,11,6,0,0
BEASLCH01,1967,Charlie,Beasley,DLC,A,78,2969,1036,0,0,295,290,0,0,189,202,758,374,327,285,13,3
BEASLJO01,1967,John,Beasley,DLC,A,77,2840,1515,0,0,982,112,0,0,107,245,1264,622,322,271,2,0
BEATYZE01,1967,Zelmo,Beaty,STL,N,82,3068,1733,0,0,959,174,0,0,0,295,1310,639,573,455,0,0
BECKBY01,1967,Byron,Beck,DEN,A,71,1623,669,0,0,559,38,0,0,72,219,570,275,159,119,2,0
BECKEAR01,1967,Art,Becker,HMV,A,76,2689,1427,0,0,713,95,0,0,154,321,1204,563,362,297,12,4
BEDELBO01,1967,Bob,Bedell,ANA,A,76,1492,792,0,0,506,79,0,0,111,203,736,325,190,142,4,0
BELLAWA01,1967,Walt,Bellamy,NYK,N,82,2695,1372,0,0,961,164,0,0,0,259,944,511,529,350,0,0
BIALOWE01,1967,Wes,Bialosuknia,OAK,A,70,1224,608,0,0,89,57,0,0,62,101,570,238,132,103,73,29
BINGDA01,1967,Dave,Bing,DET,N,79,3209,2142,0,0,373,509,0,0,0,254,1893,835,668,472,0,0
BLOCKJO01,1967,John,Block,SDR,N,52,1805,1048,0,0,571,71,0,0,0,189,865,366,394,316,0,0
BONHARO01,1967,Ron,Bonham,IND,A,42,426,245,0,0,57,14,0,0,32,36,210,80,105,85,2,0
BOOZEBO01,1967,Bob,Boozer,CHI,N,77,2988,1655,0,0,756,121,0,0,0,229,1265,622,535,411,0,0
BOWENTO01,1967,Tom,Bowens,DEN,A,67,1287,410,0,0,374,41,0,0,83,159,453,177,90,55,2,1
BOWLIOR01,1967,Orbie,Bowling,KEN,A,11,90,21,0,0,29,1,0,0,6,16,28,9,12,3,0,0
BOWMANA01,1967,Nate,Bowman,NYK,N,42,272,114,0,0,113,20,0,0,0,69,134,52,15,10,0,0
BRADDGA01,1967,Gary,Bradds,OAK,A,49,1052,619,0,0,289,51,0,0,81,131,440,199,283,221,4,0
BRADLBI01,1967,Bill,Bradley,NYK,N,45,874,360,0,0,113,137,0,0,0,138,341,142,104,76,0,0
BRADLBI02,1967,Bill2,Bradley,KEN,A,58,521,218,0,0,47,54,0,0,50,40,258,82,56,51,18,3
BRANSJE01,1967,Jesse,Branson,NOB,A,78,1892,1086,0,0,541,67,0,0,115,248,877,376,473,332,9,2
BRIDGBI01,1967,Bill,Bridges,STL,N,82,3197,1279,0,0,1102,253,0,0,0,366,1009,466,484,347,0,0
BRITTTY01,1967,Tyrone,Britt,SDR,N,11,84,28,0,0,15,12,0,0,0,10,34,13,3,2,0,0
BROWNLA01,1967,Larry,Brown,NOB,A,78,2807,1045,0,0,249,506,0,0,355,220,901,330,450,366,89,19
BROWNRO01,1967,Rogera,Brown,IND,A,76,2974,1492,0,0,647,327,0,0,265,296,1286,544,517,390,54,14
BRYANEM01,1967,Emmette,Bryant,NYK,N,77,968,283,0,0,133,134,0,0,0,173,291,112,86,59,0,0
BUNCELA01,1967,Larry,Bunce,ANA,A,71,2266,856,0,0,589,75,0,0,132,189,716,300,352,256,1,0
BURNSJI01,1967,Jim,Burns,DLC,A,36,403,159,0,0,62,25,0,1,42,52,144,54,89,51,2,0
CALDWJI01,1967,Jim,Caldwell,KEN,A,72,1850,546,0,0,629,148,0,1,121,234,536,223,166,99,6,1
CALDWJO01,1967,Joe,Caldwell,STL,N,79,2641,1293,0,0,338,240,0,0,0,208,1219,564,290,165,0,0
CARRIDA01,1967,Darel,Carrier,KEN,A,77,3192,1765,0,0,352,172,0,0,228,263,1545,643,479,395,235,84
CARTEGE01,1967,George,Carter,DET,N,1,5,3,0,0,0,1,0,0,0,0,2,1,1,1,0,0
CHAMBWI01,1967,Wilt,Chamberlain,PHI,N,82,3836,1992,0,0,1952,702,0,0,0,160,1377,819,932,354,0,0
CHAPPLE01,1967,Len,Chappell,CIN,N,10,65,38,0,0,15,5,0,0,0,6,30,15,10,8,0,0
CHAPPLE01,1967,Len,Chappell,DET,N,57,999,570,0,0,346,48,0,0,0,113,428,220,184,130,0,0
CHAPPLE01,1967,Len,Chappell,TOT,N,67,1064,608,0,0,361,53,0,0,0,119,458,235,194,138,0,0
CHUBIST01,1967,Steve,Chubin,ANA,A,77,2441,1398,0,0,433,364,0,0,310,292,1057,439,639,518,10,2
CLARKAR01,1967,Archie,Clark,LAL,N,81,3039,1612,0,0,342,353,0,0,0,235,1309,628,481,356,0,0
CLARKDI01,1967,Dick,Clark,MNM,A,26,414,140,0,0,52,33,0,0,33,49,150,46,79,48,10,0
CLEMEJO01,1967,John,Clemens,CHI,N,78,1631,725,0,0,375,98,0,0,0,223,670,301,170,123,0,0
COMEAJO01,1967,John,Comeaux,NOB,A,23,189,77,0,0,28,11,0,0,15,27,63,27,32,23,0,0
CONGDJE01,1967,Jeff,Congdon,DEN,A,64,1020,362,0,0,106,133,0,0,119,84,404,150,64,49,54,13
CONLELA01,1967,Larry,Conley,KEN,A,1,18,2,0,0,0,0,0,0,3,0,4,1,0,0,0,0
COSTELA01,1967,Larry,Costello,PHI,N,28,492,201,0,0,51,68,0,0,0,62,148,67,81,67,0,0
COUNTME01,1967,Mel,Counts,LAL,N,82,1739,958,0,0,732,139,0,0,0,309,808,384,254,190,0,0
CRAWFFR01,1967,Fred,Crawford,NYK,N,31,426,167,0,0,83,46,0,0,0,67,177,65,59,37,0,0
CRAWFFR01,1967,Fred,Crawford,TOT,N,69,1182,559,0,0,195,141,0,0,0,171,507,224,179,111,0,0
CRAWFFR01,1967,Fred,Crawford,LAL,N,38,756,392,0,0,112,95,0,0,0,104,330,159,120,74,0,0
CROWBI01,1967,Bill,Crow,ANA,A,1,16,3,0,0,2,0,0,0,1,0,8,1,4,1,0,0
CUNNIBI01,1967,Billy,Cunningham,PHI,N,74,2076,1400,0,0,562,187,0,0,0,260,1178,516,509,368,0,0
DABICMI01,1967,Mike,Dabich,OAK,A,10,49,20,0,0,13,2,0,0,5,12,12,8,9,4,0,0
DAMPILO01,1967,Lou,Dampier,KEN,A,72,2961,1487,0,0,333,256,0,0,163,143,1473,620,254,209,142,38
DANIEME01,1967,Mel,Daniels,MNM,A,78,2938,1729,0,0,1213,109,0,0,232,268,1640,669,678,390,5,1
DARDEOL01,1967,Oliver,Darden,IND,A,77,2045,922,0,0,527,69,0,0,140,277,831,371,270,180,1,0
DAVISJI01,1967,Jim,Davis,STL,N,50,394,147,0,0,123,13,0,0,0,85,139,61,64,25,0,0
DAVISWA02,1967,Warren,Davis,ANA,A,54,1816,916,0,0,566,75,0,0,128,193,758,343,353,229,7,1
DAWSOJA01,1967,James,Dawson,IND,A,21,288,118,0,0,21,32,0,0,16,16,133,46,43,25,7,1
DEBUSDA01,1967,Dave,Debusschere,DET,N,80,3125,1435,0,0,1081,181,0,0,0,304,1295,573,435,289,0,0
DICKSJO01,1967,John,Dickson,NOB,A,21,100,36,0,0,33,3,0,0,10,11,39,14,13,8,0,0
DIERKCO01,1967,Connie,Dierking,CIN,N,81,2637,1325,0,0,766,191,0,0,0,315,1164,544,310,237,0,0
DILLCR01,1967,Craig,Dill,PTP,A,65,1354,445,0,0,378,31,0,0,64,164,488,187,106,71,3,0
DINNEHA01,1967,Harry,Dinnel,ANA,A,11,87,19,0,0,23,5,0,0,8,14,19,6,8,7,0,0
DINWIBI01,1967,Bill,Dinwiddie,CIN,N,67,871,344,0,0,237,31,0,0,0,122,358,141,102,62,0,0
DISCHTE01,1967,Terry,Dischinger,DET,N,78,1936,1025,0,0,483,114,0,0,0,247,797,394,311,237,0,0
DOVELL01,1967,Lloyd,Dove,DET,N,28,162,56,0,0,52,11,0,0,0,27,75,22,26,12,0,0
EDMONBO01,1967,Bobby,Edmonds,IND,A,72,1338,577,0,0,374,29,0,0,123,183,488,213,229,150,6,1
EGANJO01,1967,Johnny,Egan,BAL,N,67,930,468,0,0,112,134,0,0,0,127,415,163,183,142,0,0
ELLISJO01,1967,Joe,Ellis,SFW,N,51,624,254,0,0,195,37,0,0,0,83,302,111,50,32,0,0
ELLISLE01,1967,Leroy,Ellis,BAL,N,78,2719,967,0,0,862,158,0,0,0,256,800,380,286,207,0,0
EMBRYWA01,1967,Wayne,Embry,BOS,N,78,1088,495,0,0,321,52,0,0,0,174,483,193,185,109,0,0
ERICKKE01,1967,Keith,Erickson,CHI,N,78,2257,948,0,0,423,267,0,0,0,276,940,377,257,194,0,0
FAIRCJO01,1967,John,Fairchild,ANA,A,62,1311,678,0,0,332,63,0,0,103,155,620,271,200,135,4,1
FERRYBO01,1967,Bob,Ferry,BAL,N,59,841,329,0,0,186,61,0,0,0,92,311,128,117,73,0,0
FILIPRO01,1967,Ron,Filipek,PHI,N,19,73,43,0,0,25,7,0,0,0,12,47,18,14,7,0,0
FINKEHA01,1967,Hank,Finkel,SDR,N,53,1116,615,0,0,375,72,0,0,0,175,492,242,191,131,0,0
FOXJI01,1967,Jim,Fox,DET,N,24,380,98,0,0,135,17,0,0,0,51,82,34,52,30,0,0
FOXJI01,1967,Jim,Fox,CIN,N,31,244,100,0,0,95,12,0,0,0,34,79,32,56,36,0,0
FOXJI01,1967,Jim,Fox,TOT,N,55,624,198,0,0,230,29,0,0,0,85,161,66,108,66,0,0
FRANZRO01,1967,Ron,Franz,OAK,A,74,2080,930,0,0,469,129,0,0,173,249,903,354,285,197,97,25
FRAZIWA01,1967,Walt,Frazier,NYK,N,74,1588,666,0,0,313,305,0,0,0,199,568,256,235,154,0,0
FRAZIWI02,1967,Wilbert,Frazier,HMV,A,76,2125,945,0,0,666,104,0,0,146,219,870,358,376,228,2,1
FREEMDO01,1967,Donnie,Freeman,MNM,A,69,2431,1124,0,0,326,190,0,0,187,185,1013,414,414,296,6,0
GAINEDA01,1967,David,Gaines,KEN,A,3,36,10,0,0,10,0,0,0,0,4,16,4,2,1,1,1
GAMBEDA01,1967,Dave,Gambee,SDR,N,80,1755,1071,0,0,464,93,0,0,0,253,853,375,379,321,0,0
GARDNCH01,1967,Chuck,Gardner,DEN,A,42,487,197,0,0,136,13,0,0,52,74,175,71,79,55,4,0
GARNEBI02,1967,Bill,Garner,ANA,A,53,514,81,0,0,119,24,0,0,47,102,103,28,50,25,1,0
GOODRGA01,1967,Gail,Goodrich,LAL,N,79,2057,1092,0,0,199,205,0,0,0,228,812,395,392,302,0,0
GOVANGE01,1967,Gerald,Govan,NOB,A,78,1587,392,0,0,596,95,0,0,100,156,390,156,131,79,1,1
GRAHACA01,1967,Cal,Graham,PTP,A,8,52,13,0,0,10,0,0,0,1,12,14,4,8,5,0,0
GRAHAMA01,1967,Mal,Graham,BOS,N,78,786,290,0,0,94,61,0,0,0,123,272,117,88,56,0,0
GRAYGA01,1967,Gary,Gray,CIN,N,44,276,105,0,0,23,26,0,0,0,48,134,49,10,7,0,0
GREENJO01,1967,Johnny,Green,PHI,N,35,367,177,0,0,122,21,0,0,0,51,150,69,83,39,0,0
GREENJO01,1967,Johnny,Green,TOT,N,77,1440,759,0,0,545,80,0,0,0,163,676,310,295,139,0,0
GREENJO01,1967,Johnny,Green,SDR,N,42,1073,582,0,0,423,59,0,0,0,112,526,241,212,100,0,0
GREERHA01,1967,Hal,Greer,PHI,N,82,3263,1976,0,0,444,372,0,0,0,289,1626,777,549,422,0,0
GUOKAMA01,1967,Matt,Guokas,PHI,N,82,1612,498,0,0,185,191,0,0,0,172,393,190,152,118,0,0
HADNOJI01,1967,Jim,Hadnot,OAK,A,77,3004,1344,0,0,936,135,0,0,169,279,1045,488,551,368,2,0
HAGANCL01,1967,Cliff,Hagan,DLC,A,56,1737,1019,0,0,334,276,0,0,216,202,759,371,351,277,3,0
HAIRSHA01,1967,Happy,Hairston,CIN,N,48,1625,837,0,0,355,58,0,0,0,127,630,317,296,203,0,0
HAIRSHA01,1967,Happy,Hairston,DET,N,26,892,490,0,0,262,37,0,0,0,72,357,164,226,162,0,0
HAIRSHA01,1967,Happy,Hairston,TOT,N,74,2517,1327,0,0,617,95,0,0,0,199,987,481,522,365,0,0
HALEHA01,1967,Hal,Hale,HMV,A,72,1706,361,0,0,206,144,0,0,91,143,408,133,89,60,112,35
HAMILDE01,1967,Dennis,Hamilton,LAL,N,44,378,121,0,0,72,30,0,0,0,46,108,54,13,13,0,0
HAMMOJU01,1967,Julian,Hammond,DEN,A,74,1364,591,0,0,327,62,0,0,98,112,458,224,209,143,0,0
HAMOOJO01,1967,Joe,Hamood,HMV,A,76,1839,750,0,0,217,227,0,0,126,200,819,274,252,186,78,16
HARDIRE01,1967,Reggie,Harding,IND,A,39,1145,401,0,0,428,71,0,35,77,59,385,166,123,69,1,0
HARDYDA01,1967,Darrell,Hardy,HMV,A,17,172,89,0,0,56,8,0,0,12,23,74,32,35,25,1,0
HARGEIR01,1967,Ira,Harge,PTP,A,82,2699,824,0,0,1038,99,0,0,182,294,781,311,298,202,0,0
HARKNJE01,1967,Jerry,Harkness,IND,A,71,1241,497,0,0,193,129,0,0,77,109,394,172,223,152,5,1
HASKICL01,1967,Clem,Haskins,CHI,N,76,1477,679,0,0,227,165,0,0,0,175,650,273,202,133,0,0
HAVLIJO01,1967,John,Havlicek,BOS,N,82,2921,1700,0,0,546,384,0,0,0,237,1551,666,453,368,0,0
HAWKICO01,1967,Connie,Hawkins,PTP,A,70,3146,1875,0,0,945,320,0,0,200,248,1223,635,789,603,9,2
HAWKITO01,1967,Tom,Hawkins,LAL,N,78,2463,903,0,0,458,117,0,0,0,289,779,389,229,125,0,0
HAZZAWA01,1967,Walt,Hazzard,SEA,N,79,2666,1894,0,0,332,493,0,0,0,246,1662,733,553,428,0,0
HETZEFR01,1967,Fred,Hetzel,SFW,N,77,2394,1461,0,0,546,131,0,0,0,262,1287,533,474,395,0,0
HEYMAAR01,1967,Art,Heyman,PTP,A,73,2555,1349,0,0,496,276,0,0,239,188,1058,457,547,400,134,35
HIGHTWA01,1967,Wayne,Hightower,DEN,A,74,2459,1282,0,0,536,143,0,0,165,237,1126,431,543,420,6,0
HOGSEBO01,1967,Bob,Hogsett,PTP,A,13,119,21,0,0,23,1,0,0,4,11,20,7,17,7,0,0
HOLMADE01,1967,Denny,Holman,DLC,A,46,554,176,0,0,78,73,0,0,40,85,153,55,103,62,9,4
HOOSECA01,1967,Carroll,Hooser,DLC,A,56,720,316,0,0,216,29,0,0,49,139,297,128,83,59,1,1
HOOVETO01,1967,Tom,Hoover,DEN,A,70,1588,454,0,0,491,64,0,0,139,268,357,161,206,128,10,4
HORNRO01,1967,Ron,Horn,DEN,A,1,6,2,0,0,1,0,0,0,1,0,2,0,2,2,0,0
HOWELBA01,1967,Bailey,Howell,BOS,N,82,2801,1621,0,0,805,133,0,0,0,285,1336,643,461,335,0,0
HUDSOLO01,1967,Lou,Hudson,STL,N,46,966,574,0,0,193,65,0,0,0,113,500,227,164,120,0,0
HUNTELE01,1967,Les,Hunter,MNM,A,75,2552,1318,0,0,738,116,0,0,204,297,1207,513,468,290,17,2
IMHOFDA01,1967,Darrall,Imhoff,LAL,N,82,2271,763,0,0,893,206,0,0,0,264,613,293,286,177,0,0
INNIGER01,1967,Erv,Inniger,MNM,A,75,1993,794,0,0,325,115,0,0,94,201,790,345,137,99,35,5
JACKSAL01,1967,Al,Jackson,CIN,N,2,17,0,0,0,0,1,0,0,0,6,3,0,0,0,0,0
JACKSLU01,1967,Lucious,Jackson,PHI,N,82,2570,968,0,0,872,139,0,0,0,287,927,401,231,166,0,0
JACKSPH01,1967,Phil,Jackson,NYK,N,75,1093,463,0,0,338,55,0,0,0,212,455,182,168,99,0,0
JACKSTO01,1967,Tony,Jackson,NJA,A,74,2638,1439,0,0,500,140,0,0,144,184,1171,449,543,450,302,91
JARVIJI01,1967,Jim,Jarvis,PTP,A,63,818,329,0,0,106,72,0,0,48,103,343,132,64,53,48,12
JOHNSGU01,1967,Gus,Johnson,BAL,N,60,2271,1144,0,0,782,159,0,0,0,223,1033,482,270,180,0,0
JOHNSNE01,1967,Neil,Johnson,NYK,N,43,286,111,0,0,75,33,0,0,0,63,106,44,48,23,0,0
JOHNSST03,1967,Stew,Johnson,NJA,A,72,1475,604,0,0,415,49,0,0,89,147,743,255,113,69,79,25
JONESJI01,1967,Jimmy,Jones,NOB,A,78,3255,1464,0,0,443,179,0,0,241,243,1181,551,508,360,9,2
JONESJO01,1967,Johnny,Jones,BOS,N,51,475,214,0,0,114,26,0,0,0,60,253,86,68,42,0,0
JONESLA01,1967,Larry,Jones,DEN,A,76,3085,1742,0,0,599,270,0,0,232,268,1409,602,683,530,42,8
JONESNI01,1967,Nick,Jones,SDR,N,42,603,227,0,0,67,89,0,0,0,84,232,86,69,55,0,0
JONESSA01,1967,Sam,Jones,BOS,N,73,2408,1553,0,0,357,216,0,0,0,181,1348,621,376,311,0,0
JONESST01,1967,Steve,Jones,OAK,A,76,1950,765,0,0,343,111,0,0,135,239,665,278,233,186,54,23
JONESWA01,1967,Wali,Jones,PHI,N,77,2058,985,0,0,219,245,0,0,0,225,1040,413,202,159,0,0
KELLEGA01,1967,Gary,Keller,MNM,A,69,1211,507,0,0,383,39,0,0,87,168,483,184,214,139,2,0
KELLYAR01,1967,Arvesta,Kelly,PTP,A,16,146,63,0,0,33,13,0,0,10,34,76,26,13,8,13,3
KERWITO01,1967,Tom,Kerwin,PTP,A,13,68,14,0,0,20,1,0,0,2,5,22,7,2,0,0,0
KIMBATO01,1967,Toby,Kimball,SDR,N,81,2519,889,0,0,947,147,0,0,0,273,894,354,306,181,0,0
KINGJI01,1967,Jim,King,SFW,N,54,1743,897,0,0,243,226,0,0,0,172,800,340,268,217,0,0
KOJISDO01,1967,Don,Kojis,SDR,N,69,2548,1360,0,0,710,176,0,0,0,259,1189,530,413,300,0,0
KOMIVHO01,1967,Howard,Komives,NYK,N,78,1660,598,0,0,168,246,0,0,0,170,631,233,161,132,0,0
KOZLIRO01,1967,Ron,Kozlicki,IND,A,37,354,109,0,0,69,14,0,0,19,31,121,41,34,21,29,6
KRAMEST01,1967,Steve,Kramer,ANA,A,50,1140,566,0,0,173,85,0,0,96,149,497,218,165,129,5,1
KRONTO01,1967,Tom,Kron,SEA,N,76,1794,738,0,0,355,281,0,0,0,231,699,277,233,184,0,0
KUNZETE01,1967,Terry,Kunze,MNM,A,46,662,230,0,0,75,47,0,0,58,77,245,83,102,59,11,5
LARUSRU01,1967,Rudy,Larusso,SFW,N,79,2819,1726,0,0,741,182,0,0,0,337,1389,602,661,522,0,0
LATTIDA01,1967,Dave,Lattin,SFW,N,44,257,97,0,0,104,14,0,0,0,94,102,37,33,23,0,0
LEECL01,1967,Clyde,Lee,SFW,N,82,2699,975,0,0,1141,135,0,0,0,331,894,373,335,229,0,0
LEEDA01,1967,Dave,Lee,OAK,A,54,753,372,0,0,184,20,0,0,42,83,276,125,140,120,6,2
LEEDI01,1967,Dick,Lee,ANA,A,2,2,0,0,0,1,0,0,0,0,0,0,0,0,0,0,0
LEEGE01,1967,George,Lee,SFW,N,10,106,33,0,0,27,4,0,0,0,16,35,8,24,17,0,0
LEHMAGE02,1967,George,Lehmann,STL,N,55,497,153,0,0,44,93,0,0,0,54,172,59,43,35,0,0
LENTZLA01,1967,Larry,Lentz,HMV,A,78,2504,833,0,0,648,89,0,0,97,175,845,343,221,147,3,0
LEWISBO01,1967,Bobby,Lewis,SFW,N,41,342,179,0,0,56,41,0,0,0,40,151,59,79,61,0,0
LEWISFR01,1967,Freddie,Lewis,IND,A,76,2921,1565,0,0,440,183,0,0,209,217,1287,542,583,465,74,16
LIEBOBA01,1967,Barry,Liebowitz,OAK,A,82,2168,894,0,0,170,301,0,0,224,208,873,320,308,248,39,6
LIGONGO01,1967,Goose,Ligon,KEN,A,78,2801,1262,0,0,929,143,0,0,188,307,942,428,595,405,4,1
LLOYDBO01,1967,Bob,Lloyd,NJA,A,58,995,467,0,0,108,93,0,0,74,114,349,147,199,170,8,3
LOCHMRI01,1967,Riney,Lochmann,DLC,A,63,808,266,0,0,166,44,0,0,40,113,285,108,79,49,4,1
LONGPA01,1967,Paul,Long,DET,N,16,93,57,0,0,15,12,0,0,0,13,51,23,15,11,0,0
LOTTPL01,1967,Plummer,Lott,SEA,N,44,478,111,0,0,93,36,0,0,0,65,148,46,31,19,0,0
LOUGHKE01,1967,Kevin,Loughery,BAL,N,77,2297,1221,0,0,247,256,0,0,0,301,1127,458,392,305,0,0
LOVEBO01,1967,Bob,Love,CIN,N,72,1068,464,0,0,209,55,0,0,0,141,455,193,114,78,0,0
LUCASJE01,1967,Jerry,Lucas,CIN,N,82,3619,1760,0,0,1560,251,0,0,0,243,1361,707,445,346,0,0
LYNAMRB01,1967,Rb,Lynam,DEN,A,7,39,17,0,0,5,0,0,0,5,10,17,5,8,7,1,0
MAHAFRA01,1967,Randy,Mahaffey,KEN,A,75,2325,1027,0,0,684,129,0,0,224,278,875,373,411,281,2,0
MANNIED01,1967,Ed,Manning,BAL,N,71,951,284,0,0,375,32,0,0,0,153,259,112,99,60,0,0
MANNIGU01,1967,Guy,Manning,HMV,A,59,1107,529,0,0,311,37,0,0,53,151,502,206,199,115,6,2
MARINJA01,1967,Jack,Marin,BAL,N,82,2037,1108,0,0,473,110,0,0,0,246,932,429,314,250,0,0
MATHIJO01,1967,John,Mathis,NJA,A,51,656,173,0,0,194,28,0,0,42,102,186,69,55,35,2,0
MCGLOJO01,1967,Jon,Mcglocklin,SDR,N,65,1876,788,0,0,199,178,0,0,0,117,757,316,180,156,0,0
MCGRIEL01,1967,Elton,Mcgriff,DLC,A,20,369,131,0,0,114,2,0,0,21,65,89,49,62,33,0,0
MCHARMA01,1967,Maurice,Mchartley,DLC,A,58,2175,888,0,0,273,230,0,0,241,216,825,330,324,225,17,3
MCINTBO01,1967,Bob,Mcintyre,NJA,A,21,451,174,0,0,101,11,0,0,27,27,187,70,58,34,1,0
MCKENST01,1967,Stan,Mckenzie,BAL,N,50,653,204,0,0,121,24,0,0,0,98,182,73,88,58,0,0
MCLEMMC01,1967,Mccoy,Mclemore,CHI,N,76,2100,963,0,0,430,130,0,0,0,219,940,374,276,215,0,0
MELCHBI01,1967,Bill,Melchionni,PHI,N,71,758,325,0,0,104,105,0,0,0,75,336,146,47,33,0,0
MENYADE01,1967,Dewitt,Menyard,HMV,A,71,1756,643,0,0,551,84,0,0,99,218,692,256,197,131,0,0
MESCHTO01,1967,Tom,Meschery,SEA,N,82,2857,1190,0,0,840,193,0,0,0,323,1008,473,345,244,0,0
MEYERBI01,1967,Bill,Meyer,PTP,A,7,45,22,0,0,5,1,0,0,2,7,22,10,2,2,0,0
MILESED01,1967,Eddie,Miles,DET,N,76,2303,1404,0,0,264,215,0,0,0,200,1180,561,369,282,0,0
MILLEJA01,1967,Jay,Miller,STL,N,8,52,20,0,0,7,1,0,0,0,11,31,8,7,4,0,0
MITCHLE01,1967,Leland,Mitchell,NOB,A,78,1091,321,0,0,182,73,0,0,108,159,350,122,85,56,76,21
MOEDO01,1967,Doug,Moe,NOB,A,78,3113,1884,0,0,795,202,0,0,199,282,1610,665,693,551,22,3
MOLISWA01,1967,Wayne,Molis,HMV,A,46,535,235,0,0,170,39,0,0,26,49,225,96,61,41,3,2
MONROEA01,1967,Earl,Monroe,BAL,N,82,3012,1991,0,0,465,349,0,0,0,282,1637,742,649,507,0,0
MOORELA01,1967,Larry,Moore,ANA,A,12,78,27,0,0,16,1,0,0,7,17,33,8,13,11,5,0
MOORERI01,1967,Richie,Moore,DEN,A,18,211,69,0,0,19,8,0,0,24,16,71,24,28,21,2,0
MORELJA01,1967,Jack,Moreland,NOB,A,76,2332,1112,0,0,619,138,0,0,124,289,1051,459,263,192,4,2
MORRIJO01,1967,John,Morrison,DEN,A,9,76,27,0,0,9,7,0,0,9,15,34,10,9,6,6,1
MUELLER01,1967,Erwin,Mueller,CHI,N,35,815,228,0,0,167,76,0,0,0,78,235,91,82,46,0,0
MUELLER01,1967,Erwin,Mueller,TOT,N,74,1788,553,0,0,389,154,0,0,0,164,489,223,185,107,0,0
MUELLER01,1967,Erwin,Mueller,LAL,N,39,973,325,0,0,222,78,0,0,0,86,254,132,103,61,0,0
MULLIJE01,1967,Jeff,Mullins,SFW,N,79,2805,1493,0,0,447,351,0,0,0,271,1391,610,344,273,0,0
MURREDO01,1967,Dorie,Murrey,SEA,N,81,1494,590,0,0,600,68,0,0,0,273,484,211,244,168,0,0
MURREWI01,1967,Willie,Murrell,DEN,A,71,2495,1165,0,0,637,64,0,0,116,200,1069,498,236,166,11,3
NASHCH01,1967,Cotton,Nash,KEN,A,39,786,333,0,0,190,46,0,0,49,63,305,106,162,121,1,0
NELSODO01,1967,Don,Nelson,BOS,N,82,1498,819,0,0,431,103,0,0,0,178,632,312,268,195,0,0
NETOLBO01,1967,Bob,Netolicky,IND,A,71,2385,1156,0,0,819,69,0,0,143,162,928,468,369,220,1,0
NOWELME01,1967,Mel,Nowell,NJA,A,76,1555,731,0,0,193,155,0,0,142,188,679,273,213,176,32,9
OHLDO01,1967,Don,Ohl,BAL,N,39,1096,578,0,0,113,84,0,0,0,91,536,232,148,114,0,0
OHLDO01,1967,Don,Ohl,STL,N,31,823,405,0,0,62,73,0,0,0,93,355,161,106,83,0,0
OHLDO01,1967,Don,Ohl,TOT,N,70,1919,983,0,0,175,157,0,0,0,184,891,393,254,197,0,0
OLSENEN01,1967,Enoch,Olsen,SEA,N,73,897,277,0,0,204,75,0,0,0,136,285,130,62,17,0,0
PALMEER01,1967,Errol,Palmer,MNM,A,63,1191,500,0,0,471,91,0,0,78,169,453,165,253,170,0,0
PARKSRI01,1967,Rich,Parks,PTP,A,40,374,131,0,0,116,14,0,0,19,68,133,59,21,12,3,1
PATTEGE01,1967,George,Patterson,DET,N,59,559,120,0,0,159,51,0,0,0,85,133,44,38,32,0,0
PEEKRI01,1967,Richard,Peek,DLC,A,51,759,237,0,0,197,22,0,0,49,94,209,101,65,35,0,0
PEEPLGE01,1967,George,Peeples,IND,A,65,1203,391,0,0,378,29,0,0,71,136,339,138,188,115,3,0
PERRYRO01,1967,Ron,Perry,MNM,A,67,2125,858,0,0,223,139,0,0,169,151,878,339,179,118,178,62
PETERME01,1967,Mel,Peterson,OAK,A,77,1589,731,0,0,451,104,0,0,114,161,756,323,93,76,34,9
PETTWJE01,1967,Jerry,Pettway,HMV,A,76,1572,713,0,0,274,103,0,0,82,132,838,289,183,119,57,16
PORTEWI01,1967,Willie,Porter,OAK,A,56,1294,649,0,0,449,59,0,0,155,190,546,225,294,199,0,0
POSTLJO01,1967,John,Postley,PTP,A,1,6,2,0,0,6,1,0,0,1,1,3,1,0,0,0,0
POWELCI01,1967,Cincy,Powell,DLC,A,77,2524,1410,0,0,694,106,0,0,190,254,1089,533,496,343,4,1
PRADDMA01,1967,Marlbert,Pradd,NOB,A,29,125,74,0,0,26,3,0,0,18,22,60,27,27,20,0,0
RASCOBO01,1967,Bobby,Rascoe,KEN,A,77,1606,680,0,0,284,102,0,0,86,158,563,245,249,190,5,0
RAYLJI01,1967,Jim,Rayl,IND,A,74,2193,886,0,0,238,210,0,0,193,197,819,317,243,195,175,57
REEDWI01,1967,Willis,Reed,NYK,N,81,2879,1685,0,0,1073,159,0,0,0,343,1346,659,509,367,0,0
REIDJI01,1967,Jim,Reid,PHI,N,6,52,21,0,0,11,3,0,0,0,6,20,10,5,1,0,0
RHINEKE01,1967,Kendall,Rhine,KEN,A,52,552,127,0,0,235,31,0,0,36,120,158,50,56,27,1,0
RIEDYBO01,1967,Bob,Riedy,HMV,A,23,331,131,0,0,68,5,0,0,21,27,129,45,67,41,0,0
RILEYPA01,1967,Pat,Riley,SDR,N,80,1263,628,0,0,177,138,0,0,0,205,660,250,202,128,0,0
ROBBIAU01,1967,Austin,Robbins,NOB,A,73,2159,1143,0,0,894,73,0,0,115,157,918,448,308,245,6,2
ROBERJO01,1967,Joe,Roberts,KEN,A,37,564,137,0,0,139,14,0,0,30,64,146,54,50,28,3,1
ROBEROS01,1967,Oscar,Robertson,CIN,N,65,2765,1896,0,0,391,633,0,0,0,199,1321,660,660,576,0,0
ROBINFL01,1967,Flynn,Robinson,CIN,N,2,16,9,0,0,4,5,0,0,0,4,10,3,7,3,0,0
ROBINFL01,1967,Flynn,Robinson,CHI,N,73,2030,1167,0,0,268,214,0,0,0,180,1000,441,344,285,0,0
ROBINFL01,1967,Flynn,Robinson,TOT,N,75,2046,1176,0,0,272,219,0,0,0,184,1010,444,351,288,0,0
RODGEGU01,1967,Guy,Rodgers,TOT,N,79,1546,403,0,0,150,380,0,0,0,167,426,148,133,107,0,0
RODGEGU01,1967,Guy,Rodgers,CHI,N,4,129,41,0,0,14,28,0,0,0,11,54,16,11,9,0,0
RODGEGU01,1967,Guy,Rodgers,CIN,N,75,1417,362,0,0,136,352,0,0,0,156,372,132,122,98,0,0
RULEBO01,1967,Bob,Rule,SEA,N,82,2424,1484,0,0,776,99,0,0,0,316,1162,568,529,348,0,0
RUSSEBI01,1967,Bill,Russell,BOS,N,78,2953,977,0,0,1451,357,0,0,0,242,858,365,460,247,0,0
RUSSECA01,1967,Cazzie,Russell,NYK,N,82,2296,1384,0,0,374,195,0,0,0,223,1192,551,349,282,0,0
RUSSERU01,1967,Rubin,Russell,DLC,A,26,269,141,0,0,52,7,0,0,32,40,158,56,41,25,22,4
SALVAAL01,1967,Al,Salvadori,OAK,A,17,186,54,0,0,46,4,0,0,12,28,58,21,16,11,1,1
SANDETH01,1967,Thomas,Sanders,BOS,N,78,1981,792,0,0,454,100,0,0,0,300,691,296,255,200,0,0
SCHELDA01,1967,Dave,Schellhase,CHI,N,42,301,114,0,0,47,37,0,0,0,43,138,47,38,20,0,0
SCHURRO01,1967,Roger,Schurig,HMV,A,21,252,100,0,0,29,18,0,0,23,38,94,35,36,27,8,3
SCOTTRA01,1967,Ray,Scott,BAL,N,81,2924,1328,0,0,1111,167,0,0,0,252,1189,490,447,348,0,0
SCRANPA01,1967,Paul,Scranton,ANA,A,5,41,9,0,0,16,1,0,0,1,5,9,4,4,1,0,0
SELVALE01,1967,Les,Selvage,ANA,A,78,2432,1095,0,0,217,247,0,0,195,239,1044,371,278,206,461,147
SIEGFLA01,1967,Larry,Siegfried,BOS,N,62,1937,758,0,0,215,289,0,0,0,194,629,261,272,236,0,0
SILASPA01,1967,Paul,Silas,STL,N,82,2652,1097,0,0,958,162,0,0,0,243,871,399,424,299,0,0
SIMMOGR01,1967,Grant,Simmons,DEN,A,78,2264,793,0,0,240,182,0,0,153,236,688,292,295,208,22,1
SIMONWA01,1967,Walt,Simon,NJA,A,78,2518,1036,0,0,524,212,0,0,173,272,955,433,266,169,15,1
SIMSBO01,1967,Bob,Sims,ANA,A,2,19,8,0,0,1,2,0,0,0,6,7,2,6,4,0,0
SLOANJE01,1967,Jerry,Sloan,CHI,N,77,2454,1027,0,0,591,229,0,0,0,291,959,369,386,289,0,0
SMITHAD01,1967,Adrian,Smith,CIN,N,82,2783,1280,0,0,185,272,0,0,0,259,1035,480,386,320,0,0
SMITHSA01,1967,Sammy,Smith,MNM,A,77,2175,755,0,0,586,81,0,0,94,171,750,284,280,185,6,2
SNYDEDI01,1967,Dick,Snyder,STL,N,75,1622,643,0,0,194,164,0,0,0,215,613,257,167,129,0,0
SOMERWI01,1967,Willie,Somerset,HMV,A,61,2334,1326,0,0,305,225,0,0,164,211,1042,467,460,359,107,33
SPITZCR01,1967,Craig,Spitzer,CHI,N,10,44,18,0,0,24,0,0,0,0,4,21,8,3,2,0,0
SPRAGBR01,1967,Bruce,Spraggins,NJA,A,70,1590,852,0,0,329,66,0,0,81,173,686,306,336,238,5,2
STOLLRA01,1967,Randy,Stoll,ANA,A,25,403,142,0,0,91,12,0,0,28,42,138,66,25,10,0,0
STRAWJO01,1967,Joe,Strawder,DET,N,73,2029,551,0,0,685,85,0,0,0,312,456,206,215,139,0,0
STROURE01,1967,Red,Stroud,NOB,A,7,33,20,0,0,2,1,0,0,9,7,11,5,10,9,1,1
SUTORGE01,1967,George,Sutor,KEN,A,1,5,0,0,0,1,0,0,0,0,2,0,0,0,0,0,0
TARTLA01,1967,Lavern,Tart,OAK,A,73,2853,1718,0,0,394,249,0,0,277,212,1500,633,566,451,15,1
THACKTO01,1967,Tom,Thacker,BOS,N,65,782,271,0,0,161,69,0,0,0,165,272,114,84,43,0,0
THOMAWI01,1967,Willis,Thomas,ANA,A,62,1067,555,0,0,114,55,0,0,94,107,550,243,93,69,3,0
THORESK01,1967,Skip,Thoren,MNM,A,63,1203,514,0,0,436,59,0,0,77,124,475,206,164,102,1,0
THORNRO01,1967,Rod,Thorn,SEA,N,66,1668,1006,0,0,265,230,0,0,0,117,835,377,342,252,0,0
THURMNA01,1967,Nate,Thurmond,SFW,N,51,2222,1046,0,0,1121,215,0,0,0,137,929,382,438,282,0,0
TORMOGE01,1967,Gene,Tormohlen,STL,N,77,714,229,0,0,226,68,0,0,0,94,262,98,56,33,0,0
TRESVJO01,1967,John,Tresvant,CIN,N,30,802,309,0,0,169,46,0,0,0,105,270,121,106,67,0,0
TRESVJO01,1967,John,Tresvant,TOT,N,85,2473,1042,0,0,709,160,0,0,0,344,867,396,384,250,0,0
TRESVJO01,1967,John,Tresvant,DET,N,55,1671,733,0,0,540,114,0,0,0,239,597,275,278,183,0,0
TUCKEAL01,1967,Al,Tucker,SEA,N,81,2368,1060,0,0,605,111,0,0,0,262,989,437,263,186,0,0
TURNEBI01,1967,Bill,Turner,SFW,N,42,482,172,0,0,155,16,0,0,0,74,157,68,60,36,0,0
TURNEGA01,1967,Gary,Turner,HMV,A,2,21,6,0,0,3,0,0,0,2,2,2,2,3,2,0,0
TURNEHE02,1967,Herschel,Turner,ANA,A,41,500,131,0,0,74,45,0,0,45,72,159,51,47,23,26,6
VACENST01,1967,Steve,Vacendak,PTP,A,9,73,36,0,0,15,8,0,0,9,14,35,13,15,10,0,0
VANARDI01,1967,Dick,Vanarsdale,NYK,N,78,2348,859,0,0,424,230,0,0,0,225,725,316,339,227,0,0
VANARTO01,1967,Tom,Vanarsdale,CIN,N,27,682,281,0,0,93,76,0,0,0,83,238,97,116,87,0,0
VANARTO01,1967,Tom,Vanarsdale,TOT,N,77,1514,610,0,0,225,155,0,0,0,202,545,211,252,188,0,0
VANARTO01,1967,Tom,Vanarsdale,DET,N,50,832,329,0,0,132,79,0,0,0,119,307,114,136,101,0,0
VAUGHCH01,1967,Chico,Vaughn,PTP,A,74,2858,1469,0,0,298,142,0,0,171,203,1350,512,416,308,410,137
VERGABO01,1967,Bob,Verga,DLC,A,31,1285,735,0,0,138,74,0,0,95,93,633,280,218,162,50,13
WALKECH01,1967,Chet,Walker,PHI,N,82,2623,1465,0,0,607,157,0,0,0,252,1172,539,533,387,0,0
WALKEJI01,1967,Jimmy,Walker,DET,N,81,1585,712,0,0,135,226,0,0,0,204,733,289,175,134,0,0
WAREJI01,1967,Jim,Ware,SDR,N,30,228,73,0,0,77,7,0,0,0,28,97,25,34,23,0,0
WARLEBE01,1967,Ben,Warley,ANA,A,71,2297,1235,0,0,608,96,0,0,161,276,985,435,389,313,166,52
WARLIBO01,1967,Bob,Warlick,SFW,N,69,1320,611,0,0,264,159,0,0,0,164,610,257,171,97,0,0
WASHIJI01,1967,Jim,Washington,CHI,N,82,2525,1023,0,0,825,113,0,0,0,233,915,418,274,187,0,0
WASHITR01,1967,Trooper,Washington,PTP,A,63,1844,732,0,0,672,102,0,0,110,189,596,312,186,106,2,2
WEISSBO01,1967,Bob,Weiss,SEA,N,82,1614,803,0,0,150,342,0,0,0,137,686,295,254,213,0,0
WEITZRI01,1967,Rick,Weitzman,BOS,N,25,75,33,0,0,10,8,0,0,0,8,46,12,13,9,0,0
WESLEWA01,1967,Walt,Wesley,CIN,N,66,918,452,0,0,281,34,0,0,0,168,404,188,152,76,0,0
WESTBDE01,1967,Dexter,Westbrook,NJA,A,12,127,48,0,0,23,5,0,0,13,30,39,19,14,10,0,0
WESTJE01,1967,Jerry,West,LAL,N,51,1919,1343,0,0,294,310,0,0,0,152,926,476,482,391,0,0
WESTRO01,1967,Roland,West,BAL,N,4,14,4,0,0,5,0,0,0,0,3,5,2,0,0,0,0
WETZEJO01,1967,John,Wetzel,LAL,N,38,434,139,0,0,84,51,0,0,0,55,119,52,46,35,0,0
WHITNHA01,1967,Hank,Whitney,NJA,A,37,1159,591,0,0,477,56,0,0,54,158,552,217,220,157,0,0
WIDBYRO01,1967,Ron,Widby,NOB,A,20,137,58,0,0,45,4,0,0,7,18,70,27,7,4,3,0
WILBUKE01,1967,Ken,Wilburn,CHI,N,3,26,11,0,0,10,2,0,0,0,4,9,5,4,1,0,0
WILEYGE01,1967,Gene,Wiley,OAK,A,9,85,18,0,0,20,2,0,0,2,10,20,7,8,4,0,0
WILKELE01,1967,Lenny,Wilkens,STL,N,82,3169,1638,0,0,438,679,0,0,0,255,1246,546,711,546,0,0
WILLIAR01,1967,Arthur,Williams,SDR,N,79,1739,643,0,0,286,391,0,0,0,204,718,265,165,113,0,0
WILLICH01,1967,Charlie,Williams,PTP,A,78,3042,1625,0,0,377,173,0,0,270,295,1573,642,429,290,178,51
WILSOBO02,1967,Bob,Wilson,DLC,A,69,1562,616,0,0,450,55,0,0,127,209,581,226,265,163,2,1
WILSOGE01,1967,George,Wilson,SEA,N,77,1236,467,0,0,470,56,0,0,0,218,498,179,155,109,0,0
WOODSTO01,1967,Tommy,Woods,KEN,A,18,184,42,0,0,55,4,0,0,9,25,43,14,16,14,1,0
WORKMTO01,1967,Tom,Workman,BAL,N,1,10,1,0,0,1,0,0,0,0,3,2,0,1,1,0,0
WORKMTO01,1967,Tom,Workman,STL,N,19,85,55,0,0,24,3,0,0,0,14,38,19,22,17,0,0
WORKMTO01,1967,Tom,Workman,TOT,N,20,95,56,0,0,25,3,0,0,0,17,40,19,23,18,0,0
WRIGHLE01,1967,Leroy,Wright,PTP,A,17,331,57,0,0,108,14,0,0,20,49,60,24,22,9,0,0
WRIGHLO01,1967,Lonnie,Wright,DEN,A,38,896,373,0,0,96,68,0,0,43,96,346,146,121,79,9,2
ADELMRI01,1968,Rick,Adelman,SDR,N,77,1448,485,0,0,216,238,0,0,0,158,449,177,204,131,0,0
AKINHE01,1968,Henry,Akin,KEN,A,2,25,4,0,0,4,1,0,0,4,0,4,1,3,2,2,0
ALLENBO01,1968,Bob,Allen,SFW,N,27,232,48,0,0,56,10,0,0,0,27,43,14,36,20,0,0
ANDERAN01,1968,Andy,Anderson,MFL,A,36,742,344,0,0,105,45,0,0,53,76,272,123,123,98,6,0
ANDERCL01,1968,Cliff,Anderson,LAL,N,35,289,135,0,0,44,31,0,0,0,58,108,44,82,47,0,0
ANDERDA01,1968,Danw,Anderson,MNP,A,62,1399,558,0,0,460,66,0,0,81,174,483,220,149,118,0,0
ATTLEAL01,1968,Alvin,Attles,SFW,N,51,1516,419,0,0,181,306,0,0,0,183,359,162,149,95,0,0
BARNEDI01,1968,Dick,Barnett,NYK,N,82,2953,1442,0,0,251,291,0,0,0,239,1220,565,403,312,0,0
BARNEHA01,1968,Harry,Barnes,SDR,N,22,126,43,0,0,26,5,0,0,0,25,64,18,13,7,0,0
BARNEJI01,1968,Jim,Barnes,BOS,N,49,595,249,0,0,194,27,0,0,0,107,202,92,92,65,0,0
BARNEJI01,1968,Jim,Barnes,CHI,N,10,111,56,0,0,30,1,0,0,0,15,59,23,19,10,0,0
BARNEJI01,1968,Jim,Barnes,TOT,N,59,706,305,0,0,224,28,0,0,0,122,261,115,111,75,0,0
BARNEJI02,1968,Jim,Barnett,SDR,N,80,2346,1163,0,0,362,339,0,0,0,240,1093,465,310,233,0,0
BARNHJO01,1968,John,Barnhill,BAL,N,30,504,191,0,0,53,71,0,0,0,63,175,76,65,39,0,0
BARRYRI01,1968,Rick,Barry,OAK,A,35,1361,1190,0,0,329,136,0,0,141,124,767,392,454,403,10,3
BAYLOEL01,1968,Elgin,Baylor,LAL,N,76,3064,1881,0,0,805,408,0,0,0,204,1632,730,567,421,0,0
BEASLCH01,1968,Charlie,Beasley,DLC,A,75,1719,602,0,0,158,208,0,0,129,158,506,220,192,161,15,1
BEASLJO01,1968,John,Beasley,DLC,A,78,3050,1505,0,0,830,110,0,0,136,259,1200,585,402,332,10,3
BEATYZE01,1968,Zelmo,Beaty,ATL,N,72,2578,1546,0,0,798,131,0,0,0,272,1251,588,506,370,0,0
BECKBY01,1968,Byron,Beck,DEN,A,71,2289,1030,0,0,779,77,0,0,92,248,843,423,238,182,3,2
BECKEAR01,1968,Art,Becker,HMV,A,78,2429,1046,0,0,597,103,0,0,156,304,888,423,240,200,3,0
BEDELBO01,1968,Bob,Bedell,DLC,A,42,479,232,0,0,116,30,0,0,35,76,221,92,84,48,2,0
BELLAWA01,1968,Walt,Bellamy,NYK,N,35,1136,533,0,0,385,77,0,0,0,123,402,204,202,125,0,0
BELLAWA01,1968,Walt,Bellamy,TOT,N,88,3159,1527,0,0,1101,176,0,0,0,320,1103,563,618,401,0,0
BELLAWA01,1968,Walt,Bellamy,DET,N,53,2023,994,0,0,716,99,0,0,0,197,701,359,416,276,0,0
BENNEWI02,1968,Willis,Bennett,DLC,A,59,993,440,0,0,147,84,0,0,145,165,385,147,216,140,25,6
BIEDEED01,1968,Ed,Biedenbach,PHO,N,7,18,4,0,0,2,3,0,0,0,1,6,0,6,4,0,0
BINGDA01,1968,Dave,Bing,DET,N,77,3039,1800,0,0,382,546,0,0,0,256,1594,678,623,444,0,0
BLOCKJO01,1968,John,Block,SDR,N,78,2489,1195,0,0,703,141,0,0,0,249,1061,448,400,299,0,0
BOERWTO01,1968,Tom,Boerwinkle,CHI,N,80,2365,781,0,0,889,178,0,0,0,317,831,318,222,145,0,0
BOONERO01,1968,Ron,Boone,DLC,A,78,2682,1478,0,0,394,279,0,0,355,303,1197,520,537,436,15,2
BOOZEBO01,1968,Bob,Boozer,CHI,N,79,2872,1716,0,0,614,156,0,0,0,218,1375,661,489,394,0,0
BOWENTO01,1968,Tom,Bowens,NYN,A,76,1550,455,0,0,455,52,0,0,111,236,453,186,128,83,3,0
BOWMANA01,1968,Nate,Bowman,NYK,N,67,607,193,0,0,220,53,0,0,0,142,226,82,61,29,0,0
BRADDGA01,1968,Gary,Bradds,OAK,A,75,2249,1399,0,0,577,88,0,0,175,244,1041,517,444,364,7,1
BRADLBI01,1968,Bill,Bradley,NYK,N,82,2413,1020,0,0,350,302,0,0,0,295,948,407,253,206,0,0
BRIDGBI01,1968,Bill,Bridges,ATL,N,80,2930,941,0,0,1132,298,0,0,0,290,775,351,353,239,0,0
BROWNLA01,1968,Larry,Brown,OAK,A,77,2381,925,0,0,235,544,0,0,331,230,706,308,379,301,35,8
BROWNRO01,1968,Rogera,Brown,IND,A,75,2658,1573,0,0,510,345,0,0,215,281,1169,563,563,442,16,5
BRUNKBR01,1968,Brian,Brunkhorst,LAS,A,3,56,25,0,0,13,3,0,0,5,8,11,6,17,13,0,0
BRYANEM01,1968,Emmette,Bryant,BOS,N,80,1388,459,0,0,192,176,0,0,0,264,488,197,100,65,0,0
BUNCELA01,1968,Larry,Bunce,DLC,A,58,804,286,0,0,232,19,0,0,60,128,203,86,165,114,0,0
BUTLEMI02,1968,Mike,Butler,NOB,A,77,1315,576,0,0,115,171,0,0,113,130,528,207,133,112,162,50
CALDWJI01,1968,Jim,Caldwell,KEN,A,65,1235,422,0,0,423,130,0,0,97,211,381,167,129,87,9,1
CALDWJO01,1968,Joe,Caldwell,ATL,N,81,2720,1281,0,0,303,320,0,0,0,231,1106,561,296,159,0,0
CARDFR01,1968,Frank,Card,MNP,A,76,1596,591,0,0,419,81,0,0,110,155,537,222,244,146,5,1
CARLODO01,1968,Don,Carlos,HMV,A,56,1527,628,0,0,279,159,0,0,140,231,505,207,283,214,3,0
CARRIDA01,1968,Darel,Carrier,KEN,A,73,2858,1690,0,0,283,214,0,0,213,227,1376,559,545,447,330,125
CARTYJA01,1968,Jay,Carty,LAL,N,28,192,76,0,0,58,11,0,0,0,31,89,34,11,8,0,0
CHAMBWI01,1968,Wilt,Chamberlain,LAL,N,81,3669,1664,0,0,1712,366,0,0,0,142,1099,641,857,382,0,0
CHANEDO01,1968,Don,Chaney,BOS,N,20,209,80,0,0,46,19,0,0,0,32,113,36,20,8,0,0
CHAPMWA01,1968,Wayne,Chapman,KEN,A,48,458,194,0,0,74,38,0,0,39,95,202,68,72,54,13,4
CHAPPLE01,1968,Len,Chappell,MIL,N,80,2207,1168,0,0,637,95,0,0,0,247,1011,459,339,250,0,0
CHUBIST01,1968,Steve,Chubin,NYN,A,77,2097,1077,0,0,291,354,0,0,286,287,875,344,472,386,27,3
CLARKAR01,1968,Archie,Clark,PHI,N,82,2144,1107,0,0,265,296,0,0,0,188,928,444,314,219,0,0
CLARKDI01,1968,Dick,Clark,HMV,A,32,723,218,0,0,88,68,0,0,73,99,222,64,124,89,8,1
CLAWSJO01,1968,John,Clawson,OAK,A,70,1067,331,0,0,195,51,0,0,73,187,309,147,54,37,0,0
CLEMEJO01,1968,John,Clemens,CHI,N,75,1444,552,0,0,318,125,0,0,0,163,628,235,125,82,0,0
COMBSGL01,1968,Glen,Combs,DLC,A,72,2241,1112,0,0,195,165,0,0,158,218,868,364,394,300,233,84
CONGDJE01,1968,Jeff,Congdon,DEN,A,59,979,288,0,0,93,135,0,0,97,104,277,107,85,69,31,5
COUNTME01,1968,Mel,Counts,LAL,N,77,1866,958,0,0,600,109,0,0,0,223,867,390,221,178,0,0
CRAWFFR01,1968,Fred,Crawford,LAL,N,81,1690,505,0,0,215,154,0,0,0,224,454,211,154,83,0,0
CRITCRU01,1968,Russ,Critchfield,OAK,A,47,439,161,0,0,29,54,0,0,33,41,147,53,84,55,3,0
CUNNIBI01,1968,Billy,Cunningham,PHI,N,82,3345,2034,0,0,1050,287,0,0,0,329,1736,739,754,556,0,0
CUNNIDI01,1968,Dick,Cunningham,MIL,N,77,1236,351,0,0,438,58,0,0,0,166,332,141,106,69,0,0
DAMPILO01,1968,Lou,Dampier,KEN,A,78,3326,1933,0,0,299,456,0,0,251,156,1696,713,380,308,552,199
DANIEME01,1968,Mel,Daniels,IND,A,76,2934,1824,0,0,1256,116,0,0,272,276,1496,712,662,400,4,0
DARDEOL01,1968,Oliver,Darden,KEN,A,77,1947,815,0,0,594,104,0,0,138,274,714,318,240,178,5,1
DAVISJI01,1968,Jim,Davis,ATL,N,78,1367,684,0,0,529,97,0,0,0,239,568,265,231,154,0,0
DAVISLE01,1968,Lee,Davis,NOB,A,65,570,222,0,0,202,18,0,0,31,87,227,88,90,45,4,1
DAVISWA02,1968,Warren,Davis,LAS,A,78,2406,994,0,0,777,129,0,0,183,269,711,356,433,282,2,0
DEBUSDA01,1968,Dave,Debusschere,DET,N,29,1092,472,0,0,353,63,0,0,0,111,423,189,130,94,0,0
DEBUSDA01,1968,Dave,Debusschere,NYK,N,47,1851,769,0,0,535,128,0,0,0,179,717,317,198,135,0,0
DEBUSDA01,1968,Dave,Debusschere,TOT,N,76,2943,1241,0,0,888,191,0,0,0,290,1140,506,328,229,0,0
DEEDO01,1968,Don,Dee,IND,A,58,989,332,0,0,292,33,0,0,72,179,387,138,75,56,1,0
DIERKCO01,1968,Connie,Dierking,CIN,N,82,2540,1335,0,0,739,222,0,0,0,305,1232,546,319,243,0,0
DINWIBI01,1968,Bill,Dinwiddie,CIN,N,69,1028,293,0,0,242,55,0,0,0,146,352,124,87,45,0,0
DISCHTE01,1968,Terry,Dischinger,DET,N,75,1456,658,0,0,323,93,0,0,0,230,513,264,178,130,0,0
DOVELL01,1968,Lloyd,Dove,DET,N,29,236,118,0,0,62,12,0,0,0,49,100,47,36,24,0,0
DUMASRI02,1968,Rich,Dumas,HMV,A,1,5,2,0,0,1,0,0,0,1,1,5,1,0,0,0,0
EAKINJI01,1968,Jim,Eakins,OAK,A,78,1671,1011,0,0,563,53,0,0,141,234,646,351,430,309,1,0
EGANJO01,1968,Johnny,Egan,LAL,N,82,1805,696,0,0,147,215,0,0,0,206,597,246,240,204,0,0
ELLISJO01,1968,Joe,Ellis,SFW,N,74,1731,889,0,0,481,130,0,0,0,258,939,371,201,147,0,0
ELLISLE01,1968,Leroy,Ellis,BAL,N,80,1603,575,0,0,510,73,0,0,0,168,527,229,155,117,0,0
EMBRYWA01,1968,Wayne,Embry,MIL,N,78,2355,1023,0,0,672,149,0,0,0,302,894,382,390,259,0,0
ERICKKE01,1968,Keith,Erickson,LAL,N,77,1974,648,0,0,308,194,0,0,0,222,629,264,175,120,0,0
FAIRCJO01,1968,John,Fairchild,IND,A,63,717,325,0,0,132,37,0,0,74,98,294,113,127,89,29,10
FERRYBO01,1968,Bob,Ferry,BAL,N,7,36,13,0,0,9,4,0,0,0,3,14,5,6,3,0,0
FINKEHA01,1968,Hank,Finkel,SDR,N,35,332,129,0,0,107,21,0,0,0,53,111,49,41,31,0,0
FOSTEFR01,1968,Fred,Foster,CIN,N,56,497,191,0,0,61,36,0,0,0,49,193,74,66,43,0,0
FOXJI01,1968,Jim,Fox,DET,N,25,375,124,0,0,139,23,0,0,0,56,96,45,53,34,0,0
FOXJI01,1968,Jim,Fox,PHO,N,51,1979,703,0,0,679,143,0,0,0,210,581,273,214,157,0,0
FOXJI01,1968,Jim,Fox,TOT,N,76,2354,827,0,0,818,166,0,0,0,266,677,318,267,191,0,0
FRANZRO01,1968,Ron,Franz,NOB,A,73,2195,1059,0,0,518,189,0,0,174,233,850,381,388,286,31,11
FRAZIWA01,1968,Walt,Frazier,NYK,N,80,2949,1403,0,0,499,635,0,0,0,245,1052,531,457,341,0,0
FRAZIWI02,1968,Wilbert,Frazier,NYN,A,75,1370,554,0,0,416,66,0,0,75,200,512,217,194,120,0,0
FREEMDO01,1968,Donnie,Freeman,MFL,A,78,2874,1724,0,0,285,501,0,0,230,229,1346,651,534,420,23,2
FRINKPA01,1968,Pat,Frink,CIN,N,48,363,123,0,0,41,55,0,0,0,54,147,50,29,23,0,0
GAINEBI01,1968,Bill,Gaines,HMV,A,1,5,2,0,0,1,0,0,0,1,0,2,1,0,0,0,0
GAMBEDA01,1968,Dave,Gambee,DET,N,25,302,169,0,0,78,15,0,0,0,60,142,60,62,49,0,0
GAMBEDA01,1968,Dave,Gambee,TOT,N,59,926,579,0,0,257,47,0,0,0,159,465,210,195,159,0,0
GAMBEDA01,1968,Dave,Gambee,MIL,N,34,624,410,0,0,179,32,0,0,0,99,323,150,133,110,0,0
GOODRGA01,1968,Gail,Goodrich,PHO,N,81,3236,1931,0,0,437,518,0,0,0,253,1746,718,663,495,0,0
GOVANGE01,1968,Gerald,Govan,NOB,A,77,1902,557,0,0,701,150,0,0,162,238,537,211,208,134,4,1
GRAHAMA01,1968,Mal,Graham,BOS,N,22,103,37,0,0,24,14,0,0,0,27,55,13,14,11,0,0
GREENJO01,1968,Johnny,Green,PHI,N,74,795,349,0,0,330,47,0,0,0,110,282,146,125,57,0,0
GREERHA01,1968,Hal,Greer,PHI,N,82,3311,1896,0,0,435,414,0,0,0,294,1595,732,543,432,0,0
GREGOGA01,1968,Gary,Gregor,PHO,N,80,2182,885,0,0,711,96,0,0,0,249,963,400,131,85,0,0
GREYDE01,1968,Dennis,Grey,LAS,A,58,1317,525,0,0,320,52,0,0,129,196,439,184,292,157,1,0
GUERIRI01,1968,Richie,Guerin,ATL,N,27,472,151,0,0,59,99,0,0,0,66,111,47,74,57,0,0
GUOKAMA01,1968,Matt,Guokas,PHI,N,72,838,238,0,0,94,104,0,0,0,121,216,92,81,54,0,0
HAGANCL01,1968,Cliff,Hagan,DLC,A,35,579,387,0,0,102,122,0,0,74,73,259,132,144,123,1,0
HAIRSAL01,1968,Al,Hairston,SEA,N,39,274,84,0,0,36,38,0,0,0,35,114,38,14,8,0,0
HAIRSHA01,1968,Happy,Hairston,DET,N,81,2889,1464,0,0,959,109,0,0,0,255,1131,530,553,404,0,0
HALIMSH01,1968,Shaler,Halimon,PHI,N,50,350,186,0,0,86,18,0,0,0,34,196,88,32,10,0,0
HAMILDE01,1968,Dennis,Hamilton,ATL,N,25,141,76,0,0,29,8,0,0,0,19,67,37,5,2,0,0
HAMMOJU01,1968,Julian,Hammond,DEN,A,78,2335,823,0,0,600,124,0,0,152,213,601,329,253,165,0,0
HARGEIR01,1968,Ira,Harge,OAK,A,78,2095,661,0,0,816,96,0,0,222,245,578,269,200,123,0,0
HARKNJE01,1968,Jerry,Harkness,IND,A,10,272,92,0,0,34,21,0,0,20,27,67,31,47,30,0,0
HARLISK01,1968,Skip,Harlicka,ATL,N,26,218,106,0,0,16,37,0,0,0,29,90,41,31,24,0,0
HARRIAR01,1968,Art,Harris,SEA,N,80,2556,993,0,0,301,258,0,0,0,326,1054,416,251,161,0,0
HASKICL01,1968,Clem,Haskins,CHI,N,79,2874,1356,0,0,359,306,0,0,0,230,1275,537,361,282,0,0
HAVLIJO01,1968,John,Havlicek,BOS,N,82,3174,1771,0,0,570,441,0,0,0,247,1709,692,496,387,0,0
HAWKICO01,1968,Connie,Hawkins,MNP,A,47,1852,1420,0,0,534,184,0,0,155,166,971,496,554,425,22,3
HAWKITO01,1968,Tom,Hawkins,LAL,N,74,1507,522,0,0,266,81,0,0,0,168,461,230,151,62,0,0
HAYESEL01,1968,Elvin,Hayes,SDR,N,82,3695,2327,0,0,1406,113,0,0,0,266,2082,930,746,467,0,0
HAZZAWA01,1968,Walt,Hazzard,ATL,N,80,2420,898,0,0,266,474,0,0,0,264,869,345,294,208,0,0
HETZEFR01,1968,Fred,Hetzel,CIN,N,31,685,368,0,0,140,29,0,0,0,94,287,140,105,88,0,0
HETZEFR01,1968,Fred,Hetzel,MIL,N,53,1591,843,0,0,473,83,0,0,0,193,760,316,252,211,0,0
HETZEFR01,1968,Fred,Hetzel,TOT,N,84,2276,1211,0,0,613,112,0,0,0,287,1047,456,357,299,0,0
HEWITBI01,1968,Bill,Hewitt,LAL,N,75,1455,539,0,0,332,76,0,0,0,139,528,239,106,61,0,0
HEYMAAR01,1968,Art,Heyman,MNP,A,71,2362,1022,0,0,494,217,0,0,163,195,832,350,409,285,118,37
HIGHTWA01,1968,Wayne,Hightower,DEN,A,67,2318,933,0,0,641,203,0,0,176,241,762,311,426,311,2,0
HOOPEBO01,1968,Bob,Hooper,IND,A,54,955,271,0,0,109,142,0,0,52,91,271,112,59,43,32,4
HOOVETO01,1968,Tom,Hoover,NYN,A,53,1419,507,0,0,472,117,0,0,172,223,408,191,189,125,2,0
HOSKEWI01,1968,Wilmer,Hosket,NYK,N,50,351,130,0,0,94,19,0,0,0,77,123,53,42,24,0,0
HOWELBA01,1968,Bailey,Howell,BOS,N,78,2527,1537,0,0,685,137,0,0,0,285,1257,612,426,313,0,0
HUDSOLO01,1968,Lou,Hudson,ATL,N,81,2869,1770,0,0,533,216,0,0,0,248,1455,716,435,338,0,0
HUNTELE01,1968,Les,Hunter,MFL,A,77,2537,1287,0,0,743,127,0,0,220,311,1073,476,448,335,5,0
IMHOFDA01,1968,Darrall,Imhoff,PHI,N,82,2360,752,0,0,792,218,0,0,0,310,593,279,325,194,0,0
INNIGER01,1968,Erv,Inniger,MFL,A,34,484,170,0,0,60,41,0,0,30,59,182,73,25,21,13,3
IVERSWI01,1968,Willie,Iverson,MFL,A,28,531,136,0,0,46,80,0,0,55,47,146,50,60,36,2,0
IVORYEL01,1968,Elvin,Ivory,LAS,A,20,188,88,0,0,66,9,0,0,47,38,87,38,17,11,4,1
JABALWA01,1968,Warren,Jabali,OAK,A,71,2545,1530,0,0,688,252,0,0,307,263,1276,573,545,373,44,11
JACKSLU01,1968,Lucious,Jackson,PHI,N,25,840,359,0,0,286,54,0,0,0,102,332,145,97,69,0,0
JACKSME01,1968,Merv,Jackson,LAS,A,71,2314,1114,0,0,299,237,0,0,191,262,1000,423,302,249,62,19
JACKSPH01,1968,Phil,Jackson,NYK,N,47,924,332,0,0,246,43,0,0,0,168,294,126,119,80,0,0
JACKSTO01,1968,Tony,Jackson,HMV,A,64,1453,751,0,0,241,139,0,0,153,147,588,210,337,299,145,32
JARVIJI01,1968,Jim,Jarvis,LAS,A,62,911,399,0,0,129,80,0,0,71,137,402,147,109,86,47,19
JOHNSED01,1968,Ed,Johnson,LAS,A,58,1662,682,0,0,539,58,0,0,127,281,548,263,303,156,1,0
JOHNSGU01,1968,Gus,Johnson,BAL,N,49,1671,878,0,0,568,97,0,0,0,176,782,359,223,160,0,0
JOHNSNE01,1968,Neil,Johnson,PHO,N,80,1319,464,0,0,396,134,0,0,0,214,368,177,177,110,0,0
JOHNSRI01,1968,Rich,Johnson,BOS,N,31,163,69,0,0,52,7,0,0,0,40,76,29,23,11,0,0
JOHNSST03,1968,Stew,Johnson,HMV,A,78,2484,1495,0,0,604,142,0,0,172,178,1444,616,253,199,183,64
JONESJI01,1968,Jimmy,Jones,NOB,A,77,3188,2050,0,0,441,437,0,0,198,225,1429,764,647,521,7,1
JONESJO01,1968,Johnny,Jones,KEN,A,29,449,203,0,0,117,34,0,0,39,53,213,81,71,41,3,0
JONESLA01,1968,Larry,Jones,DEN,A,75,3042,2133,0,0,493,258,0,0,218,273,1631,759,760,591,100,24
JONESNI01,1968,Nick,Jones,DLC,A,7,81,20,0,0,8,6,0,0,6,14,28,9,6,2,2,0
JONESSA01,1968,Sam,Jones,BOS,N,70,1820,1140,0,0,265,182,0,0,0,121,1103,496,189,148,0,0
JONESST01,1968,Steve,Jones,NOB,A,78,3024,1552,0,0,393,226,0,0,192,280,1372,576,437,348,151,52
JONESWA01,1968,Wali,Jones,PHI,N,81,2340,1071,0,0,251,292,0,0,0,280,1005,432,256,207,0,0
JOYNEHA01,1968,Harry,Joyner,IND,A,2,5,0,0,0,1,0,0,0,0,1,0,0,0,0,0,0
KAUFFBO01,1968,Bob,Kauffman,SEA,N,82,1660,641,0,0,484,83,0,0,0,252,496,219,289,203,0,0
KELLEGA01,1968,Gary,Keller,MFL,A,53,503,228,0,0,167,8,0,0,41,102,192,78,120,72,3,0
KELLYAR01,1968,Arvesta,Kelly,MNP,A,68,1066,398,0,0,157,61,0,0,89,141,425,155,103,63,105,25
KENNEJO01,1968,Joe,Kennedy,SEA,N,72,1241,446,0,0,241,60,0,0,0,158,441,174,124,98,0,0
KIMBATO01,1968,Toby,Kimball,SDR,N,76,1680,595,0,0,669,90,0,0,0,216,537,239,250,117,0,0
KINGJI01,1968,Jim,King,SFW,N,46,1010,352,0,0,120,123,0,0,0,99,394,137,108,78,0,0
KNOWLRO01,1968,Rod,Knowles,PHO,N,9,43,9,0,0,9,0,1,0,0,10,14,4,3,1,0,0
KOJISDO01,1968,Don,Kojis,SDR,N,81,3130,1820,0,0,776,214,0,0,0,303,1582,687,596,446,0,0
KOMIVHO01,1968,Howard,Komives,NYK,N,32,836,287,0,0,95,137,0,0,0,96,309,107,86,73,0,0
KOMIVHO01,1968,Howard,Komives,DET,N,53,1726,682,0,0,204,266,0,0,0,178,665,272,178,138,0,0
KOMIVHO01,1968,Howard,Komives,TOT,N,85,2562,969,0,0,299,403,0,0,0,274,974,379,264,211,0,0
KONDLTO01,1968,Tom,Kondla,HMV,A,42,353,138,0,0,125,13,0,0,23,56,145,58,46,22,1,0
KOSKITO01,1968,Tony,Koski,NYN,A,5,30,6,0,0,7,4,0,0,2,9,7,2,2,2,0,0
KRAMEST01,1968,Steve,Kramer,HMV,A,23,701,321,0,0,85,112,0,0,69,96,281,113,117,95,1,0
KRISSJI01,1968,Jim,Kissane,MNP,A,2,15,6,0,0,3,0,0,0,1,3,6,2,2,2,0,0
KRONTO01,1968,Tom,Kron,SEA,N,76,1124,388,0,0,212,191,0,0,0,179,372,146,137,96,0,0
LACEFRE01,1968,Reggie,Lacefield,KEN,A,8,48,24,0,0,11,0,0,0,3,9,22,11,4,2,1,0
LACYED01,1968,Edgar,Lacy,LAS,A,46,609,234,0,0,180,30,0,0,63,92,219,98,67,38,2,0
LANTZST01,1968,Stu,Lantz,SDR,N,73,1378,569,0,0,236,99,0,0,0,178,482,220,167,129,0,0
LARUSRU01,1968,Rudy,Larusso,SFW,N,75,2782,1550,0,0,624,159,0,0,0,268,1349,553,559,444,0,0
LATTIDA01,1968,Dave,Lattin,PHO,N,68,987,409,0,0,323,48,0,0,0,163,366,150,172,109,0,0
LEAKSEM01,1968,Manny,Leaks,KEN,A,78,2089,758,0,0,763,92,0,0,97,253,756,299,229,160,1,0
LEECL01,1968,Clyde,Lee,SFW,N,65,2237,696,0,0,897,82,0,0,0,225,674,268,256,160,0,0
LEEDA01,1968,Dave,Lee,NOB,A,4,16,2,0,0,3,0,0,0,2,0,9,1,0,0,0,0
LEHMAGE02,1968,George,Lehmann,ATL,N,11,138,60,0,0,9,27,0,0,0,18,67,26,12,8,0,0
LEHMAGE02,1968,George,Lehman,LAS,A,32,937,604,0,0,73,159,0,0,122,96,511,212,164,132,137,48
LENTZLA01,1968,Larry,Lentz,HMV,A,70,1129,346,0,0,271,31,0,0,52,103,334,135,117,76,1,0
LEWISBO01,1968,Bobby,Lewis,SFW,N,62,756,309,0,0,114,76,0,0,0,117,290,113,113,83,0,0
LEWISFR01,1968,Freddie,Lewis,IND,A,78,3055,1585,0,0,374,346,0,0,224,289,1300,572,510,419,83,22
LEWISMI01,1968,Mike,Lewis,MNP,A,76,1617,647,0,0,632,107,0,0,138,246,568,247,235,153,4,0
LIGONGO01,1968,Goose,Ligon,KEN,A,75,2815,1120,0,0,819,172,0,0,193,312,879,391,510,337,5,1
LLOYDBO01,1968,Bob,Lloyd,NYN,A,67,1358,660,0,0,112,136,0,0,95,176,541,215,246,218,31,12
LOCHMRI01,1968,Riney,Lochmann,DLC,A,60,950,291,0,0,204,59,0,0,50,138,279,115,97,60,4,1
LOGANHE01,1968,Henry,Logan,OAK,A,76,1751,947,0,0,287,185,0,0,188,226,694,339,382,268,4,1
LONGPA01,1968,Paul,Long,KEN,A,9,82,35,0,0,9,12,0,0,15,21,40,9,21,17,0,0
LOTTPL01,1968,Plummer,Lott,SEA,N,23,160,36,0,0,30,7,0,0,0,9,66,17,5,2,0,0
LOUGHKE01,1968,Kevin,Loughery,BAL,N,80,3135,1806,0,0,266,384,0,0,0,299,1636,717,463,372,0,0
LOVEBO01,1968,Bob,Love,MIL,N,14,227,107,0,0,64,3,0,0,0,22,106,39,38,29,0,0
LOVEBO01,1968,Bob,Love,CHI,N,35,315,180,0,0,86,14,0,0,0,37,166,69,58,42,0,0
LOVEBO01,1968,Bob,Love,TOT,N,49,542,287,0,0,150,17,0,0,0,59,272,108,96,71,0,0
LUCASJE01,1968,Jerry,Lucas,CIN,N,74,3075,1357,0,0,1360,306,0,0,0,206,1007,555,327,247,0,0
MAHAFRA01,1968,Randy,Mahaffey,NYN,A,79,2353,934,0,0,571,99,0,0,243,261,828,351,329,232,2,0
MANNIED01,1968,Ed,Manning,BAL,N,63,727,293,0,0,246,21,0,0,0,120,288,129,54,35,0,0
MANNIGU01,1968,Guy,Manning,HMV,A,14,167,75,0,0,42,2,0,0,12,20,95,27,37,21,2,0
MARINJA01,1968,Jack,Marin,BAL,N,82,2710,1302,0,0,608,231,0,0,0,275,1109,505,352,292,0,0
MAYDO01,1968,Don,May,NYK,N,48,560,204,0,0,114,35,0,0,0,64,223,81,58,42,0,0
MCGILBI01,1968,Bill,Mcgill,DEN,A,78,1760,1002,0,0,460,102,0,0,149,289,745,411,264,180,0,0
MCGLOJO01,1968,Jon,Mcglocklin,MIL,N,80,2888,1570,0,0,343,312,0,0,0,186,1358,662,292,246,0,0
MCGRIEL01,1968,Elton,Mcgriff,DLC,A,36,495,207,0,0,144,8,0,0,32,85,171,75,90,57,1,0
MCHARMA01,1968,Maurice,Mchartley,MFL,A,76,2148,1049,0,0,211,269,0,0,269,251,962,390,331,263,27,6
MCKENST01,1968,Stan,Mckenzie,PHO,N,80,1569,747,0,0,251,123,0,0,0,191,618,264,287,219,0,0
MCLEMMC01,1968,Mccoy,Mclemore,TOT,N,81,1620,733,0,0,404,94,0,0,0,186,722,282,214,169,0,0
MCLEMMC01,1968,Mccoy,Mclemore,PHO,N,31,710,367,0,0,168,50,0,0,0,73,366,141,110,85,0,0
MCLEMMC01,1968,Mccoy,Mclemore,DET,N,50,910,366,0,0,236,44,0,0,0,113,356,141,104,84,0,0
MESCHTO01,1968,Tom,Meschery,SEA,N,82,2673,1144,0,0,822,194,0,0,0,304,1019,462,299,220,0,0
MILESED01,1968,Eddie,Miles,DET,N,80,2252,1064,0,0,283,180,0,0,0,201,983,441,273,182,0,0
MILLEJA01,1968,Jay,Miller,IND,A,55,769,430,0,0,115,29,0,4,71,103,366,149,183,132,0,0
MILLELA01,1968,Larry,Miller,LAS,A,78,2871,1328,0,0,599,177,0,0,182,193,1162,473,475,340,139,42
MOEDO01,1968,Doug,Moe,OAK,A,75,2528,1423,0,0,614,151,0,0,181,266,1227,529,444,360,14,5
MONROEA01,1968,Earl,Monroe,BAL,N,80,3075,2065,0,0,280,392,0,0,0,261,1837,809,582,447,0,0
MOOREGE01,1968,Gene,Moore,KEN,A,76,2026,1038,0,0,817,90,0,0,160,311,920,417,290,204,2,0
MOOREOT01,1968,Otto,Moore,DET,N,74,1605,570,0,0,524,68,0,0,0,182,544,241,168,88,0,0
MORELJA01,1968,Jack,Moreland,NOB,A,78,2714,1159,0,0,633,207,0,0,171,310,1109,468,313,221,8,2
MUELLER01,1968,Erwin,Mueller,SEA,N,26,483,181,0,0,104,62,0,0,0,45,160,69,72,43,0,0
MUELLER01,1968,Erwin,Mueller,CHI,N,52,872,196,0,0,193,124,0,0,0,98,224,75,90,46,0,0
MUELLER01,1968,Erwin,Mueller,TOT,N,78,1355,377,0,0,297,186,0,0,0,143,384,144,162,89,0,0
MULLIJE01,1968,Jeff,Mullins,SFW,N,78,2916,1775,0,0,460,339,0,0,0,251,1517,697,452,381,0,0
MURREDO01,1968,Dorie,Murrey,SEA,N,38,465,212,0,0,149,21,0,0,0,81,194,75,97,62,0,0
MURREWI01,1968,Willie,Murrell,MFL,A,75,2493,1147,0,0,566,103,0,0,159,239,1019,476,269,191,18,4
NELSODO01,1968,Don,Nelson,BOS,N,82,1773,949,0,0,458,92,0,0,0,198,771,374,259,201,0,0
NETOLBO01,1968,Bob,Netolicky,IND,A,78,2721,1472,0,0,798,87,0,0,178,231,1145,583,491,306,5,0
NEWMADA01,1968,Dave,Newmark,CHI,N,81,1159,456,0,0,347,58,0,0,0,205,475,185,139,86,0,0
NIEMARI01,1968,Rich,Niemann,TOT,N,34,272,107,0,0,100,16,0,0,0,61,106,44,25,19,0,0
NIEMARI01,1968,Rich,Niemann,DET,N,16,123,48,0,0,41,9,0,0,0,30,47,20,10,8,0,0
NIEMARI01,1968,Rich,Niemann,MIL,N,18,149,59,0,0,59,7,0,0,0,31,59,24,15,11,0,0
OHLDO01,1968,Don,Ohl,ATL,N,76,1995,917,0,0,170,221,0,0,0,232,901,385,208,147,0,0
OLSENEN01,1968,Enoch,Olsen,DET,N,17,113,34,0,0,25,11,0,0,0,14,42,15,18,4,0,0
OLSENEN01,1968,Enoch,Olsen,BOS,N,7,43,14,0,0,14,4,0,0,0,6,19,7,6,0,0,0
OLSENEN01,1968,Enoch,Olsen,TOT,N,24,156,48,0,0,39,15,0,0,0,20,61,22,24,4,0,0
ORMSBA01,1968,Barry,Orms,BAL,N,64,916,181,0,0,158,49,0,0,0,155,246,76,60,29,0,0
PARKSCH02,1968,Charley,Parks,DEN,A,2,5,0,0,0,0,0,0,0,0,1,1,0,0,0,0,0
PAULKCH01,1968,Charlie,Paulk,MIL,N,17,217,51,0,0,78,3,0,0,0,26,84,19,23,13,0,0
PEEPLGE01,1968,George,Peeples,IND,A,64,1111,345,0,0,358,33,0,0,73,137,278,122,142,101,0,0
PERRYRO01,1968,Ron,Perry,IND,A,74,2385,1083,0,0,241,244,0,0,201,255,1060,402,292,212,192,67
PETERLO01,1968,Loy,Petersen,CHI,N,38,299,107,0,0,41,25,0,0,0,39,109,44,27,19,0,0
PETERME01,1968,Mel,Peterson,OAK,A,51,709,276,0,0,170,55,0,0,43,61,263,132,15,12,2,0
PETTWJE01,1968,Jerry,Pettway,HMV,A,11,264,79,0,0,29,17,0,0,16,19,123,37,7,5,5,0
PIATKWA01,1968,Walt,Piatkowski,DEN,A,77,1819,942,0,0,363,46,0,0,100,226,956,399,151,117,82,27
PORTEWI01,1968,Willie,Porter,MNP,A,13,148,73,0,0,55,6,0,0,11,23,52,28,31,17,0,0
POWELCI01,1968,Cincy,Powell,DLC,A,75,2573,1454,0,0,671,173,0,0,212,275,1179,555,470,342,7,2
PRADDMA01,1968,Marlbert,Pradd,NOB,A,50,323,258,0,0,50,23,0,0,34,60,186,81,119,93,13,3
QUICKBO01,1968,Bob,Quick,BAL,N,28,154,87,0,0,25,12,0,0,0,14,73,30,44,27,0,0
RASCOBO01,1968,Bobby,Rascoe,KEN,A,78,1247,534,0,0,150,105,0,0,93,131,477,201,167,129,15,3
RAYLJI01,1968,Jim,Rayl,IND,A,27,567,239,0,0,67,63,0,0,50,80,202,72,68,61,92,34
RAYMOCR01,1968,Craig,Raymond,PHI,N,27,177,55,0,0,68,8,0,0,0,46,64,22,17,11,0,0
REEDWI01,1968,Willis,Reed,NYK,N,82,3108,1733,0,0,1191,190,0,0,0,314,1351,704,435,325,0,0
RHINEKE01,1968,Kendall,Rhine,HMV,A,73,2116,659,0,0,804,150,0,0,119,321,629,255,265,149,1,0
RILEYPA01,1968,Pat,Riley,SDR,N,56,1027,494,0,0,112,136,0,0,0,146,498,202,134,90,0,0
RIORDMI01,1968,Mike,Riordan,NYK,N,54,397,126,0,0,57,46,0,0,0,93,144,49,42,28,0,0
ROBBIAU01,1968,Austin,Robbins,NOB,A,76,2736,1210,0,0,1024,142,0,0,121,200,1035,456,361,291,29,7
ROBEROS01,1968,Oscar,Robertson,CIN,N,79,3461,1955,0,0,502,772,0,0,0,231,1351,656,767,643,0,0
ROBINFL01,1968,Flynn,Robinson,CHI,N,18,550,343,0,0,69,57,0,0,0,52,293,124,114,95,0,0
ROBINFL01,1968,Flynn,Robinson,TOT,N,83,2616,1662,0,0,306,377,0,0,0,261,1442,625,491,412,0,0
ROBINFL01,1968,Flynn,Robinson,MIL,N,65,2066,1319,0,0,237,320,0,0,0,209,1149,501,377,317,0,0
RODGEGU01,1968,Guy,Rodgers,MIL,N,81,2157,834,0,0,226,561,0,0,0,207,862,325,232,184,0,0
ROGERWI01,1968,Willie,Rogers,DEN,A,40,294,85,0,0,47,16,0,0,30,51,80,27,52,31,3,0
RULEBO01,1968,Bob,Rule,SEA,N,82,3104,1965,0,0,941,141,0,0,0,322,1655,776,606,413,0,0
RUSSEBI01,1968,Bill,Russell,BOS,N,77,3291,762,0,0,1484,374,0,0,0,231,645,279,388,204,0,0
RUSSECA01,1968,Cazzie,Russell,NYK,N,50,1645,915,0,0,209,115,0,0,0,140,804,362,240,191,0,0
SANDETH01,1968,Thomas,Sanders,BOS,N,82,2184,915,0,0,574,110,0,0,0,293,847,364,255,187,0,0
SAULTGL01,1968,Glynn,Saulters,NOB,A,22,120,59,0,0,19,11,0,0,11,25,70,22,22,15,1,0
SCHLUDA01,1968,Dale,Schlueter,SFW,N,31,559,181,0,0,216,30,0,0,0,81,157,68,82,45,0,0
SCOTTRA01,1968,Ray,Scott,BAL,N,82,2168,967,0,0,722,133,0,0,0,212,929,386,257,195,0,0
SIDLEDO01,1968,Don,Sidle,MFL,A,77,1984,931,0,0,551,73,0,0,142,212,656,305,450,321,4,0
SIEGFLA01,1968,Larry,Siegfried,BOS,N,79,2560,1120,0,0,282,370,0,0,0,222,1031,392,389,336,0,0
SILASPA01,1968,Paul,Silas,ATL,N,79,1853,686,0,0,745,140,0,0,0,166,575,241,333,204,0,0
SIMMOGR01,1968,Grant,Simmons,DEN,A,17,252,65,0,0,26,15,0,0,17,42,59,22,29,20,2,1
SIMONWA01,1968,Walt,Simon,NYN,A,68,2750,1436,0,0,554,234,0,0,183,289,1296,570,417,290,27,6
SIMSDO01,1968,Doug,Sims,CIN,N,4,12,4,0,0,4,0,0,0,0,4,5,2,0,0,0,0
SLOANJE01,1968,Jerry,Sloan,CHI,N,78,2939,1309,0,0,619,276,0,0,0,313,1170,488,447,333,0,0
SMITHAD01,1968,Adrian,Smith,CIN,N,73,1336,703,0,0,105,127,0,0,0,166,562,243,269,217,0,0
SMITHDO01,1968,Don,Smith,MIL,N,29,837,320,0,0,378,33,0,0,0,98,347,126,106,68,0,0
SMITHDO01,1968,Don,Smith,CIN,N,20,108,38,0,0,31,4,0,0,0,17,43,18,7,2,0,0
SMITHDO01,1968,Don,Smith,TOT,N,49,945,358,0,0,409,37,0,0,0,115,390,144,113,70,0,0
SMITHGR01,1968,Greg,Smith,MIL,N,79,2207,643,0,0,804,137,0,0,0,264,613,276,155,91,0,0
SMITHJO02,1968,John,Smith,DLC,A,77,2172,608,0,0,809,58,0,0,117,328,623,246,214,116,0,0
SMITHSA01,1968,Sammy,Smith,KEN,A,62,1421,461,0,0,390,64,0,0,70,143,437,173,172,114,10,1
SNYDEDI01,1968,Dick,Snyder,PHO,N,81,2108,983,0,0,328,211,0,0,0,213,846,399,255,185,0,0
SOMERWI01,1968,Willie,Somerset,HMV,A,74,3118,1758,0,0,332,280,0,0,215,261,1510,619,583,484,139,36
SPARKDA01,1968,Dan,Sparks,MFL,A,64,1138,419,0,0,287,43,0,0,70,171,396,153,165,113,0,0
STONEGE01,1968,George,Stone,LAS,A,74,2199,1163,0,0,504,57,0,0,124,254,964,437,337,261,74,28
SUTORGE01,1968,George,Sutor,MNP,A,64,886,349,0,0,348,27,0,0,60,170,397,139,114,71,0,0
SWAGEKE01,1968,Keith,Swagerty,HMV,A,77,2447,980,0,0,822,92,0,0,112,238,883,362,421,256,5,0
TARTLA01,1968,Lavern,Tart,NYN,A,61,1403,741,0,0,195,143,0,0,149,141,649,274,255,193,3,0
THACKTO01,1968,Tom,Thacker,IND,A,18,346,98,0,0,67,52,0,0,26,51,117,40,31,18,2,0
THOMPJA01,1968,Jack,Thompson,IND,A,2,4,2,0,0,1,2,0,0,2,0,3,1,0,0,1,0
THORESK01,1968,Skip,Thoren,MFL,A,78,2645,1305,0,0,1046,195,0,0,180,324,1100,532,392,241,2,0
THORNDA01,1968,Dallas,Thornton,MFL,A,45,756,297,0,0,119,63,0,0,80,92,249,108,125,79,9,2
THORNRO01,1968,Rod,Thorn,SEA,N,29,567,333,0,0,83,80,0,0,0,58,283,131,97,71,0,0
THURMNA01,1968,Nate,Thurmond,SFW,N,71,3208,1524,0,0,1402,253,0,0,0,171,1394,571,621,382,0,0
TRAPPJO01,1968,John,Trapp,SDR,N,25,142,77,0,0,49,5,0,0,0,38,80,29,29,19,0,0
TRESVJO01,1968,John,Tresvant,SEA,N,26,801,354,0,0,267,63,0,0,0,107,289,141,107,72,0,0
TRESVJO01,1968,John,Tresvant,CIN,N,51,1681,608,0,0,419,103,0,0,0,193,531,239,223,130,0,0
TRESVJO01,1968,John,Tresvant,TOT,N,77,2482,962,0,0,686,166,0,0,0,300,820,380,330,202,0,0
TUCKEAL01,1968,Al,Tucker,TOT,N,84,1885,880,0,0,439,74,0,0,0,186,809,361,244,158,0,0
TUCKEAL01,1968,Al,Tucker,CIN,N,28,626,301,0,0,122,19,0,0,0,75,265,126,73,49,0,0
TUCKEAL01,1968,Al,Tucker,SEA,N,56,1259,579,0,0,317,55,0,0,0,111,544,235,171,109,0,0
TURNEBI01,1968,Bill,Turner,SFW,N,79,1486,619,0,0,380,67,0,0,0,231,535,222,230,175,0,0
UNSELWE01,1968,Wes,Unseld,BAL,N,82,2970,1131,0,0,1491,213,0,0,0,276,897,427,458,277,0,0
VACENST01,1968,Steve,Vacendak,MNP,A,60,1589,745,0,0,210,166,0,0,139,158,716,288,215,167,8,2
VANARDI01,1968,Dick,Vanarsdale,PHO,N,80,3388,1678,0,0,548,388,0,0,0,245,1386,612,644,454,0,0
VANARTO01,1968,Tom,Vanarsdale,CIN,N,77,3059,1492,0,0,356,208,0,0,0,300,1233,547,533,398,0,0
VAUGHCH01,1968,Chico,Vaughn,MNP,A,69,2301,1228,0,0,165,107,0,0,150,178,1170,415,329,253,523,145
VERGABO01,1968,Bob,Verga,HMV,A,63,1804,1187,0,0,233,188,0,0,195,200,1006,416,454,336,68,19
WAGNEPH01,1968,Phil,Wagner,IND,A,12,180,36,0,0,23,14,0,0,18,28,41,11,17,13,4,1
WALKECH01,1968,Chet,Walker,PHI,N,82,2753,1477,0,0,640,144,0,0,0,244,1145,554,459,369,0,0
WALKEJI01,1968,Jimmy,Walker,DET,N,69,1639,806,0,0,157,221,0,0,0,172,670,312,229,182,0,0
WALLEDW01,1968,Dwight,Waller,ATL,N,11,29,7,0,0,10,1,0,0,0,8,9,2,7,3,0,0
WAREJI01,1968,Jim,Ware,DLC,A,1,15,7,0,0,7,1,0,0,1,4,4,3,2,1,0,0
WARLEBE01,1968,Ben,Warley,LAS,A,35,876,491,0,0,194,26,0,0,53,127,423,172,155,116,121,31
WARLIBO01,1968,Bob,Warlick,MIL,N,3,22,6,0,0,1,1,0,0,0,3,8,1,5,4,0,0
WARLIBO01,1968,Bob,Warlick,PHO,N,63,975,507,0,0,151,131,0,0,0,119,501,212,137,83,0,0
WARLIBO01,1968,Bob,Warlick,TOT,N,66,997,513,0,0,152,132,0,0,0,122,509,213,142,87,0,0
WARREBO01,1968,Bobby,Warren,LAS,A,76,2045,898,0,0,349,155,0,0,175,252,645,285,385,297,89,31
WASHIJI01,1968,Jim,Washington,CHI,N,80,2705,1121,0,0,847,104,0,0,0,226,1023,440,356,241,0,0
WASHITR01,1968,Trooper,Washington,MNP,A,69,2625,1032,0,0,868,178,0,0,190,239,839,421,316,190,6,0
WEISSBO01,1968,Bob,Weiss,CHI,N,62,1236,407,0,0,135,172,0,0,0,150,385,153,126,101,0,0
WEISSBO01,1968,Bob,Weiss,MIL,N,15,242,99,0,0,27,27,0,0,0,24,114,36,34,27,0,0
WEISSBO01,1968,Bob,Weiss,TOT,N,77,1478,506,0,0,162,199,0,0,0,174,499,189,160,128,0,0
WESLEWA01,1968,Walt,Wesley,CIN,N,82,1334,624,0,0,403,47,0,0,0,191,534,245,207,134,0,0
WESTJE01,1968,Jerry,West,LAL,N,61,2394,1580,0,0,262,423,0,0,0,156,1156,545,597,490,0,0
WHITNHA01,1968,Hank,Whitney,NYN,A,49,892,351,0,0,254,56,0,0,72,144,329,131,130,89,1,0
WILBUKE01,1968,Ken,Wilburn,DEN,A,51,479,197,0,0,202,27,0,1,47,68,206,79,75,39,0,0
WILKELE01,1968,Lenny,Wilkens,SEA,N,82,3463,1835,0,0,511,674,0,0,0,294,1462,644,710,547,0,0
WILLIAR01,1968,Arthur,Williams,SDR,N,79,1987,559,0,0,364,524,0,0,0,238,592,227,149,105,0,0
WILLICH01,1968,Charlie,Williams,MNP,A,66,2282,1237,0,0,246,163,0,0,204,222,1298,484,286,203,212,66
WILLICL01,1968,Cliff,Williams,DET,N,3,18,4,0,0,3,2,0,0,0,7,9,2,0,0,0,0
WILLIRO01,1968,Ron,Williams,SFW,N,75,1472,585,0,0,178,247,0,0,0,176,567,238,142,109,0,0
WILLISA01,1968,Sam,Williams,MIL,N,55,628,228,0,0,109,61,0,0,0,106,228,78,134,72,0,0
WILSOGE01,1968,George,Wilson,PHI,N,38,552,222,0,0,216,32,0,0,0,87,182,81,84,60,0,0
WILSOGE01,1968,George,Wilson,TOT,N,79,1846,697,0,0,721,108,0,0,0,232,663,272,235,153,0,0
WILSOGE01,1968,George,Wilson,PHO,N,41,1294,475,0,0,505,76,0,0,0,145,481,191,151,93,0,0
WILSOJA01,1968,Jasper,Wilson,NOB,A,66,756,343,0,0,173,43,0,0,63,127,339,128,127,82,12,5
WORKMTO01,1968,Tom,Workman,BAL,N,21,86,53,0,0,27,2,0,0,0,16,54,22,15,9,0,0
WORSLWI01,1968,Willie,Worsley,NYN,A,24,460,145,0,0,35,39,0,0,32,48,123,36,84,63,30,10
WRIGHLE01,1968,Leroy,Wright,MNP,A,10,95,8,0,0,30,1,0,0,2,15,13,4,5,0,0,0
WRIGHLO01,1968,Lonnie,Wright,DEN,A,69,2538,1130,0,0,290,175,0,0,160,250,1089,453,276,205,86,19
ABDULKA01,1969,Kareem,Abdul-jabbar,MIL,N,82,3534,2361,0,0,1190,337,0,0,0,283,1810,938,743,485,0,0
ADELMRI01,1969,Rick,Adelman,SDR,N,35,717,260,0,0,81,113,0,0,0,90,247,96,91,68,0,0
ALLENLU01,1969,Lucius,Allen,SEA,N,81,1817,794,0,0,211,342,0,0,0,201,692,306,249,182,0,0
ANDERAN01,1969,Andy,Anderson,LAS,A,81,2150,1007,0,0,255,164,0,0,NULL,196,930,401,268,204,13,1
ANDERCL01,1969,Cliff,Anderson,DEN,A,3,22,6,0,0,4,4,0,0,NULL,3,4,2,6,2,0,0
ANDERWA01,1969,Wally,Anderzunas,CIN,N,44,370,159,0,0,82,9,0,0,0,47,166,65,46,29,0,0
ARNZEBO01,1969,Bob,Arnzen,NYN,A,13,98,40,0,0,22,5,0,0,NULL,11,48,19,6,2,1,0
ARTHUJO01,1969,John,Arthurs,MIL,N,11,86,35,0,0,14,17,0,0,0,15,35,12,15,11,0,0
ATTLEAL01,1969,Alvin,Attles,SFW,N,45,676,231,0,0,74,142,0,0,0,103,202,78,113,75,0,0
BARNEDI01,1969,Dick,Barnett,NYK,N,82,2772,1220,0,0,221,298,0,0,0,220,1039,494,325,232,0,0
BARNEJI01,1969,Jim,Barnes,BOS,N,77,1049,451,0,0,350,52,0,0,0,229,434,178,128,95,0,0
BARNEJI02,1969,Jim,Barnett,SDR,N,80,2105,1189,0,0,305,287,0,0,0,222,998,450,366,289,0,0
BARNHJO01,1969,John,Barnhill,IND,A,77,2374,879,0,0,173,312,0,0,NULL,196,824,325,238,158,272,71
BARREMI01,1969,Mike,Barrett,WAC,A,84,2262,1252,0,0,296,259,0,0,NULL,243,1126,479,305,232,180,62
BARRYRI01,1969,Rick,Barry,WAC,A,52,1849,1442,0,0,363,178,0,0,NULL,174,1036,517,463,400,39,8
BAUMJO01,1969,Johnny,Baum,CHI,N,3,13,6,0,0,4,0,0,0,0,1,11,3,0,0,0,0
BAYLOEL01,1969,Elgin,Baylor,LAL,N,54,2213,1298,0,0,559,292,0,0,0,132,1051,511,357,276,0,0
BEARDBU01,1969,Butch,Beard,ATL,N,72,941,501,0,0,140,121,0,0,0,124,392,183,163,135,0,0
BEASLCH01,1969,Charlie,Beasley,DLC,A,80,2150,834,0,0,205,280,0,0,NULL,222,667,292,262,231,72,19
BEASLJO01,1969,John,Beasley,DLC,A,84,3066,1539,0,0,1006,132,0,0,NULL,278,1254,626,347,284,8,3
BECKBY01,1969,Byron,Beck,DEN,A,79,2454,1017,0,0,764,112,0,0,NULL,293,841,440,174,137,2,0
BECKEAR01,1969,Art,Becker,IND,A,82,1504,729,0,0,379,45,0,0,NULL,249,593,309,137,111,1,0
BEDELBO01,1969,Bob,Bedell,DLC,A,80,1536,779,0,0,454,126,0,0,NULL,192,677,285,246,207,10,2
BELLAWA01,1969,Walt,Bellamy,TOT,N,79,2028,917,0,0,707,143,0,0,0,260,671,351,373,215,0,0
BELLAWA01,1969,Walt,Bellamy,ATL,N,23,855,357,0,0,310,88,0,0,0,97,287,141,124,75,0,0
BELLAWA01,1969,Walt,Bellamy,DET,N,56,1173,560,0,0,397,55,0,0,0,163,384,210,249,140,0,0
BERGHLA01,1969,Larry,Bergh,PTC,A,20,255,121,0,0,85,18,0,0,NULL,52,120,49,33,23,1,0
BINGDA01,1969,Dave,Bing,DET,N,70,2334,1604,0,0,299,418,0,0,0,196,1295,575,580,454,0,0
BLOCKJO01,1969,John,Block,SDR,N,82,2152,1193,0,0,609,137,0,0,0,275,1025,453,367,287,0,0
BOERWTO01,1969,Tom,Boerwinkle,CHI,N,81,2335,846,0,0,1016,229,0,0,0,255,775,348,226,150,0,0
BOOKEBU01,1969,Butch,Booker,MFL,A,12,221,70,0,0,91,6,0,0,NULL,23,61,30,18,10,1,0
BOONERO01,1969,Ron,Boone,DLC,A,84,2340,1163,0,0,366,272,0,0,NULL,265,980,423,382,300,55,17
BOOZEBO01,1969,Bob,Boozer,SEA,N,82,2549,1249,0,0,717,110,0,0,0,237,1005,493,320,263,0,0
BOWENTO01,1969,Tom,Bowens,NOB,A,68,753,267,0,0,178,41,0,0,NULL,147,251,110,62,47,0,0
BOWMANA01,1969,Nate,Bowman,NYK,N,81,744,237,0,0,257,46,0,0,0,189,235,98,79,41,0,0
BRADDGA01,1969,Gary,Bradds,WAC,A,60,1239,801,0,0,336,54,0,0,NULL,181,608,292,262,217,5,0
BRADLBI01,1969,Bill,Bradley,NYK,N,67,2098,971,0,0,239,268,0,0,0,219,897,413,176,145,0,0
BRIDGBI01,1969,Bill,Bridges,ATL,N,82,3269,1217,0,0,1181,345,0,0,0,292,932,443,451,331,0,0
BRISKJO01,1969,John,Brisker,PTC,A,77,2173,1617,0,0,441,133,0,0,NULL,236,1361,627,398,329,116,34
BROWNLA01,1969,Larry,Brown,WAC,A,82,2766,1124,0,0,246,580,0,0,NULL,257,854,376,439,362,39,10
BROWNRO01,1969,Rogera,Brown,IND,A,84,3495,1935,0,0,620,392,0,0,NULL,308,1444,719,562,457,120,40
BRYANEM01,1969,Emmette,Bryant,BOS,N,71,1617,555,0,0,269,231,0,0,0,201,520,210,181,135,0,0
BUNTIBI01,1969,Bill,Bunting,CAR,A,57,701,271,0,0,169,34,0,0,NULL,106,248,96,106,79,0,0
BUTLEMI02,1969,Mike,Butler,NOB,A,83,1728,818,0,0,119,134,0,0,NULL,193,800,298,161,135,300,87
BYRDWA01,1969,Walt,Byrd,MFL,A,22,109,33,0,0,25,6,0,0,NULL,22,43,14,17,5,1,0
CALDWJO01,1969,Joe,Caldwell,ATL,N,82,2857,1727,0,0,407,287,0,0,0,255,1329,674,551,379,0,0
CALVIMA01,1969,Mack,Calvin,LAS,A,84,2955,1414,0,0,294,478,0,0,NULL,289,1047,441,642,529,25,3
CANNOLA01,1969,Larry,Cannon,MFL,A,57,1503,672,0,0,141,158,0,0,NULL,133,660,253,232,158,30,8
CARDFR01,1969,Frank,Card,WAC,A,74,1820,881,0,0,480,92,0,0,NULL,216,666,351,286,178,5,1
CARRIDA01,1969,Darel,Carrier,KEN,A,77,2805,1775,0,0,249,212,0,0,NULL,268,1458,608,509,454,280,105
CARTEFR01,1969,Fred,Carter,BAL,N,76,1219,394,0,0,192,121,0,0,0,137,439,157,116,80,0,0
CARTEGE01,1969,George,Carter,WAC,A,67,1848,968,0,0,425,94,0,0,NULL,203,871,397,216,167,13,7
CHAMBJE01,1969,Jerry,Chambers,PHO,N,79,1139,657,0,0,219,54,0,0,0,162,658,283,125,91,0,0
CHAMBWI01,1969,Wilt,Chamberlain,LAL,N,12,505,328,0,0,221,49,0,0,0,31,227,129,157,70,0,0
CHANEDO01,1969,Don,Chaney,BOS,N,63,839,312,0,0,152,72,0,0,0,118,320,115,109,82,0,0
CHAPMWA01,1969,Wayne,Chapman,KEN,A,82,1519,664,0,0,252,139,0,0,NULL,250,654,261,204,134,37,8
CHAPPLE01,1969,Len,Chappell,MIL,N,75,1134,621,0,0,276,56,0,0,0,127,523,243,211,135,0,0
CHRISBO01,1969,Bob,Christian,NYN,A,2,11,2,0,0,3,0,0,0,NULL,3,3,1,0,0,0,0
CHUBIST01,1969,Steve,Chubin,IND,A,72,1058,429,0,0,137,117,0,0,NULL,174,352,127,199,170,14,5
CLARKAR01,1969,Archie,Clark,PHI,N,76,2772,1499,0,0,301,380,0,0,0,201,1198,594,396,311,0,0
CLEMEJO01,1969,John,Clemens,SEA,N,78,1487,651,0,0,316,116,0,0,0,188,595,270,140,111,0,0
COMBSGL01,1969,Glen,Combs,DLC,A,84,3260,1868,0,0,289,342,0,0,NULL,265,1474,640,548,458,370,130
CONGDJE01,1969,Jeff,Congdon,DEN,A,83,2461,812,0,0,233,446,0,0,NULL,205,775,299,192,151,178,63
COUNTME01,1969,Mel,Counts,LAL,N,81,2193,1024,0,0,683,160,0,0,0,304,1017,434,201,156,0,0
COUSYBO01,1969,Bob,Cousy,CIN,N,7,34,5,0,0,5,10,0,0,0,11,3,1,3,3,0,0
CRAWFFR01,1969,Fred,Crawford,MIL,N,77,1331,587,0,0,184,225,0,0,0,181,506,243,148,101,0,0
CUETOAL01,1969,Al,Cueto,MFL,A,78,1265,471,0,0,452,58,0,0,NULL,257,449,182,144,102,16,5
CUNNIBI01,1969,Billy,Cunningham,PHI,N,81,3194,2114,0,0,1101,352,0,0,0,331,1710,802,700,510,0,0
CUNNIDI01,1969,Dick,Cunningham,MIL,N,60,416,126,0,0,160,28,0,0,0,70,141,52,33,22,0,0
DAMPILO01,1969,Lou,Dampier,KEN,A,82,3353,2131,0,0,310,447,0,0,NULL,235,1864,743,538,447,548,198
DANDRBO01,1969,Bob,Dandridge,MIL,N,81,2461,1067,0,0,625,292,0,0,0,279,895,434,264,199,0,0
DANIEME01,1969,Mel,Daniels,IND,A,83,3039,1556,0,0,1462,131,0,0,NULL,309,1295,613,489,330,2,0
DARDEOL01,1969,Oliver,Darden,KEN,A,69,819,310,0,0,260,46,0,0,NULL,142,327,126,87,57,5,1
DAVISJI01,1969,Jim,Davis,ATL,N,82,2623,1116,0,0,796,238,0,0,0,335,943,438,318,240,0,0
DAVISLE01,1969,Lee,Davis,NOB,A,16,128,40,0,0,40,2,0,0,NULL,31,36,16,15,8,0,0
DAVISMI01,1969,Mike,Davis,BAL,N,56,1330,669,0,0,128,111,0,0,0,174,586,260,192,149,0,0
DAVISWA02,1969,Warren,Davis,LAS,A,80,2647,1161,0,0,907,244,0,0,NULL,300,861,428,418,304,3,1
DEBUSDA01,1969,Dave,Debusschere,NYK,N,79,2627,1152,0,0,790,194,0,0,0,244,1082,488,256,176,0,0
DIERKCO01,1969,Connie,Dierking,CIN,N,76,2448,1272,0,0,624,169,0,0,0,275,1243,521,306,230,0,0
DISCHTE01,1969,Terry,Dischinger,DET,N,75,1754,858,0,0,369,106,0,0,0,213,650,342,241,174,0,0
DOVESO01,1969,Sonny,Dove,NYN,A,80,2284,1154,0,0,543,107,0,0,NULL,295,987,456,379,240,13,2
EAKINJI01,1969,Jim,Eakins,WAC,A,82,1214,528,0,0,412,71,0,0,NULL,184,364,181,224,166,0,0
EDMONBO01,1969,Bobby,Edmonds,IND,A,3,12,3,0,0,4,0,0,0,NULL,1,5,1,3,1,0,0
EGANJO01,1969,Johnny,Egan,LAL,N,72,1627,529,0,0,104,216,0,0,0,171,491,215,121,99,0,0
ELLISJO01,1969,Joe,Ellis,SFW,N,76,2380,1202,0,0,594,139,0,0,0,281,1223,501,270,200,0,0
ELLISLE01,1969,Leroy,Ellis,BAL,N,72,1163,474,0,0,376,47,0,0,0,129,414,194,116,86,0,0
ERICKKE01,1969,Keith,Erickson,LAL,N,68,1755,607,0,0,304,209,0,0,0,175,563,258,122,91,0,0
EVANSBI01,1969,Billy,Evans,NYN,A,53,602,102,0,0,39,100,0,0,NULL,89,87,32,70,38,2,0
FAIRCJO01,1969,John,Fairchild,KEN,A,10,78,22,0,0,17,4,0,0,NULL,18,23,7,10,5,5,3
FINKEHA01,1969,Hank,Finkel,BOS,N,80,1866,776,0,0,613,103,0,0,0,292,683,310,233,156,0,0
FOSTEFR01,1969,Fred,Foster,CIN,N,73,2077,1098,0,0,310,107,0,0,0,209,1026,461,243,176,0,0
FOWLECA01,1969,Cal,Fowler,CAR,A,78,1234,343,0,0,170,126,0,0,NULL,156,288,131,119,74,17,7
FOXJI01,1969,Jim,Fox,PHO,N,81,2041,1044,0,0,570,93,0,0,0,261,788,413,283,218,0,0
FRANZRO01,1969,Ron,Franz,NOB,A,55,1305,632,0,0,287,91,0,0,NULL,139,547,231,259,163,25,7
FRAZIWA01,1969,Walt,Frazier,NYK,N,77,3040,1609,0,0,465,629,0,0,0,203,1158,600,547,409,0,0
FREEMDO01,1969,Donnie,Freeman,MFL,A,79,3164,2163,0,0,400,291,0,0,NULL,253,1684,766,762,626,19,5
GAMBEDA01,1969,Dave,Gambee,SFW,N,73,951,526,0,0,244,55,0,0,0,172,464,185,186,156,0,0
GARREEL01,1969,Eldo,Garrett,LAL,N,73,2318,846,0,0,235,180,0,0,0,236,816,354,162,138,0,0
GILLEJA01,1969,Jack,Gillespie,NYN,A,2,27,2,0,0,7,0,0,0,NULL,3,5,0,2,2,0,0
GILLIHE01,1969,Herm,Gilliam,CIN,N,57,1161,426,0,0,215,178,0,0,0,163,441,179,91,68,0,0
GOODRGA01,1969,Gail,Goodrich,PHO,N,81,3234,1624,0,0,340,605,0,0,0,251,1251,568,604,488,0,0
GOVANGE01,1969,Gerald,Govan,NOB,A,84,3701,1053,0,0,1217,385,0,0,NULL,273,1044,422,285,208,11,1
GREACBO01,1969,Bob,Greacen,MIL,N,41,292,106,0,0,59,27,0,0,0,49,109,44,28,18,0,0
GREENJO01,1969,Johnny,Green,CIN,N,78,2278,1216,0,0,841,112,0,0,0,268,860,481,429,254,0,0
GREENLA01,1969,Lamar,Green,PHO,N,58,700,243,0,0,276,17,0,0,0,115,234,101,70,41,0,0
GREENLU01,1969,Luther,Green,NYN,A,59,739,283,0,0,263,27,0,0,NULL,117,303,114,97,55,3,0
GREERHA01,1969,Hal,Greer,PHI,N,80,3024,1762,0,0,376,405,0,0,0,300,1551,705,432,352,0,0
GREGOGA01,1969,Gary,Gregor,ATL,N,81,1603,660,0,0,397,63,0,0,0,159,661,286,113,88,0,0
GREYDE01,1969,Dennis,Grey,NYN,A,4,74,18,0,0,25,0,0,0,NULL,15,24,6,12,6,0,0
GRUBADI01,1969,Dick,Grubar,IND,A,2,8,4,0,0,0,1,0,0,NULL,1,3,2,0,0,0,0
GUERIRI01,1969,Richie,Guerin,ATL,N,8,64,7,0,0,2,12,0,0,0,9,11,3,1,1,0,0
GUOKAMA01,1969,Matt,Guokas,PHI,N,80,1558,484,0,0,216,222,0,0,0,201,416,189,149,106,0,0
HAGANCL01,1969,Cliff,Hagan,DLC,A,3,27,17,0,0,3,6,0,0,NULL,2,13,8,2,1,1,0
HAGANTO01,1969,Tom,Hagan,DLC,A,24,226,103,0,0,30,29,0,0,NULL,42,81,37,29,22,17,7
HAIRSAL01,1969,Al,Hairston,SEA,N,3,20,7,0,0,5,6,0,0,0,3,8,3,1,1,0,0
HAIRSHA01,1969,Happy,Hairston,DET,N,15,282,159,0,0,88,11,0,0,0,36,103,57,63,45,0,0
HAIRSHA01,1969,Happy,Hairston,LAL,N,55,2145,1133,0,0,687,110,0,0,0,194,870,426,350,281,0,0
HAIRSHA01,1969,Happy,Hairston,TOT,N,70,2427,1292,0,0,775,121,0,0,0,230,973,483,413,326,0,0
HALIMSH01,1969,Shaler,Halimon,CHI,N,38,517,241,0,0,68,69,0,0,0,58,244,96,73,49,0,0
HAMILDE01,1969,Dennis,Hamilton,PTC,A,72,1331,456,0,0,340,73,0,0,NULL,144,375,190,100,76,1,0
HAMMOJU01,1969,Julian,Hammond,DEN,A,69,1847,827,0,0,471,109,0,0,NULL,183,660,329,243,169,1,0
HARGEIR01,1969,Ira,Harge,WAC,A,84,2991,1026,0,0,1177,200,0,0,NULL,328,886,415,289,196,0,0
HARRIAR01,1969,Art,Harris,TOT,N,81,1553,656,0,0,161,231,0,0,0,220,723,285,134,86,0,0
HARRIAR01,1969,Art,Harris,SEA,N,5,178,60,0,0,19,20,0,0,0,11,73,28,9,4,0,0
HARRIAR01,1969,Art,Harris,PHO,N,76,1375,596,0,0,142,211,0,0,0,209,650,257,125,82,0,0
HASKICL01,1969,Clem,Haskins,CHI,N,82,3214,1668,0,0,378,624,0,0,0,237,1486,668,424,332,0,0
HAVLIJO01,1969,John,Havlicek,BOS,N,81,3369,1960,0,0,635,550,0,0,0,211,1585,736,578,488,0,0
HAWKICO01,1969,Connie,Hawkins,PHO,N,81,3312,1995,0,0,846,391,0,0,0,287,1447,709,741,577,0,0
HAYESEL01,1969,Elvin,Hayes,SDR,N,82,3665,2256,0,0,1386,162,0,0,0,270,2020,914,622,428,0,0
HAYWOSP01,1969,Spencer,Haywood,DEN,A,84,3808,2519,0,0,1637,190,0,0,NULL,221,1998,986,705,547,11,0
HAZZAWA01,1969,Walt,Hazzard,ATL,N,82,2757,1253,0,0,329,561,0,0,0,264,1056,493,330,267,0,0
HEANEBR01,1969,Brian,Heaney,BAL,N,14,70,28,0,0,4,6,0,0,0,17,24,13,4,2,0,0
HETZEFR01,1969,Fred,Hetzel,PHI,N,63,757,383,0,0,207,44,0,0,0,110,323,156,85,71,0,0
HEWITBI01,1969,Bill,Hewitt,LAL,N,20,478,66,0,0,141,28,0,0,0,39,88,25,31,16,0,0
HEWITBI01,1969,Bill,Hewitt,DET,N,45,801,208,0,0,213,36,0,0,0,91,210,85,63,38,0,0
HEWITBI01,1969,Bill,Hewitt,TOT,N,65,1279,274,0,0,354,64,0,0,0,130,298,110,94,54,0,0
HEYMAAR01,1969,Art,Heyman,MFL,A,19,304,140,0,0,57,20,0,0,NULL,32,106,47,65,46,4,0
HIGHTWA01,1969,Wayne,Hightower,LAS,A,27,961,489,0,0,255,71,0,0,NULL,101,403,180,170,129,2,0
HILLSI01,1969,Simmie,Hill,MFL,A,53,1499,725,0,0,401,47,0,0,NULL,201,709,297,167,126,30,5
HOSKEWI01,1969,Wilmer,Hosket,NYK,N,36,235,118,0,0,63,17,0,0,0,36,91,46,33,26,0,0
HOWELBA01,1969,Bailey,Howell,BOS,N,82,2078,1033,0,0,550,120,0,0,0,261,931,399,308,235,0,0
HUDSOLO01,1969,Lou,Hudson,ATL,N,80,3091,2031,0,0,373,276,0,0,0,225,1564,830,450,371,0,0
HUNTELE01,1969,Les,Hunter,NYN,A,79,2859,1295,0,0,673,215,0,0,NULL,335,1122,486,432,317,41,6
IMHOFDA01,1969,Darrall,Imhoff,PHI,N,79,2474,1075,0,0,754,211,0,0,0,294,796,430,331,215,0,0
JABALWA01,1969,Warren,Jabali,WAC,A,40,1510,913,0,0,416,173,0,0,NULL,143,768,342,293,210,62,19
JACKSLU01,1969,Lucious,Jackson,PHI,N,37,583,202,0,0,198,50,0,0,0,80,181,71,81,60,0,0
JACKSME01,1969,Merv,Jackson,LAS,A,52,1118,446,0,0,138,114,0,0,NULL,145,475,169,114,92,44,16
JETERHA01,1969,Hal,Jeter,WAC,A,5,19,2,0,0,1,0,0,0,NULL,8,4,1,0,0,0,0
JOHNSED01,1969,Ed,Johnson,NYN,A,74,2486,1037,0,0,879,88,0,0,NULL,305,848,405,404,226,2,1
JOHNSGU01,1969,Gus,Johnson,BAL,N,78,2919,1353,0,0,1086,264,0,0,0,269,1282,578,272,197,0,0
JOHNSNE01,1969,Neil,Johnson,PHO,N,28,136,48,0,0,47,12,0,0,0,38,60,20,12,8,0,0
JOHNSRI01,1969,Rich,Johnson,BOS,N,65,898,380,0,0,208,32,0,0,0,155,361,167,70,46,0,0
JOHNSST03,1969,Stew,Johnson,PTC,A,81,2347,1240,0,0,547,120,0,0,NULL,210,1337,544,176,137,55,15
JONESJI01,1969,Jimmy,Jones,NOB,A,70,2513,1448,0,0,315,340,0,0,NULL,238,1072,533,469,380,9,2
JONESLA01,1969,Larry,Jones,DEN,A,75,3027,1870,0,0,391,426,0,0,NULL,228,1441,625,732,579,165,41
JONESRI01,1969,Rich,Jones,DLC,A,2,50,28,0,0,23,1,0,0,NULL,11,20,9,11,10,0,0
JONESST01,1969,Steve,Jones,NOB,A,84,3116,1805,0,0,388,195,0,0,NULL,290,1558,689,495,412,66,15
JONESWA01,1969,Wali,Jones,PHI,N,78,1740,922,0,0,173,276,0,0,0,210,851,366,226,190,0,0
JONESWI01,1969,Wil,Jones,MFL,A,74,1697,606,0,0,565,48,0,0,NULL,207,616,243,162,118,11,2
KAUFFBO01,1969,Bob,Kauffman,CHI,N,64,775,276,0,0,211,76,0,0,0,117,221,94,123,88,0,0
KELLEBI01,1969,Billy,Keller,IND,A,82,1482,710,0,0,174,235,0,0,NULL,153,634,252,193,164,154,42
KELLYAR01,1969,Arvesta,Kelly,PTC,A,70,2391,957,0,0,267,226,0,0,NULL,195,778,384,257,168,74,21
KENNEJO01,1969,Joe,Kennedy,SEA,N,14,82,8,0,0,20,7,0,0,0,7,34,3,2,2,0,0
KEYEJU01,1969,Julius,Keye,DEN,A,77,1641,606,0,0,530,47,0,0,NULL,209,618,245,193,116,7,0
KIMBATO01,1969,Toby,Kimball,SDR,N,77,1622,543,0,0,621,95,0,0,0,187,508,218,185,107,0,0
KINGJI01,1969,Jim,King,SFW,N,3,105,49,0,0,16,10,0,0,0,8,46,19,14,11,0,0
KINGJI01,1969,Jim,King,CIN,N,31,286,90,0,0,46,42,0,0,0,39,83,34,27,22,0,0
KINGJI01,1969,Jim,King,TOT,N,34,391,139,0,0,62,52,0,0,0,47,129,53,41,33,0,0
KIRKLWI01,1969,Wilbur,Kirkland,PTC,A,2,27,6,0,0,11,1,0,0,NULL,5,7,3,0,0,0,0
KOJISDO01,1969,Don,Kojis,SDR,N,56,1578,857,0,0,388,78,0,0,0,135,756,338,241,181,0,0
KOMIVHO01,1969,Howard,Komives,DET,N,82,2418,916,0,0,193,312,0,0,0,247,878,363,234,190,0,0
KRAMEBA01,1969,Barry,Kramer,NYN,A,7,56,27,0,0,13,3,0,0,NULL,10,31,10,8,7,1,0
KRAMEST01,1969,Steve,Kramer,CAR,A,51,447,161,0,0,52,39,0,0,NULL,70,107,49,86,63,2,0
KRONTO01,1969,Tom,Kron,KEN,A,40,493,158,0,0,69,87,0,0,NULL,80,147,55,46,41,19,7
KUBERST01,1969,Steve,Kuberski,BOS,N,51,797,324,0,0,257,29,0,0,0,87,335,130,92,64,0,0
LANTZST01,1969,Stu,Lantz,SDR,N,82,2471,1188,0,0,255,287,0,0,0,238,1027,455,361,278,0,0
LEAKSEM01,1969,Manny,Leaks,DLC,A,84,3086,1577,0,0,1047,100,0,0,NULL,283,1287,636,428,305,2,0
LEECL01,1969,Clyde,Lee,SFW,N,82,2641,902,0,0,929,80,0,0,0,263,822,362,300,178,0,0
LEHMAGE02,1969,George,Lehman,NYN,A,81,1994,908,0,0,121,256,0,0,NULL,189,847,318,211,180,286,92
LEWISBO01,1969,Bobby,Lewis,SFW,N,73,1353,526,0,0,157,194,0,0,0,170,557,213,152,100,0,0
LEWISFR01,1969,Freddie,Lewis,IND,A,81,2877,1326,0,0,277,289,0,0,NULL,294,1065,448,485,383,177,47
LEWISMI01,1969,Mike,Lewis,PTC,A,78,2698,1267,0,0,1054,268,0,0,NULL,306,1006,499,356,269,0,0
LIGONGO01,1969,Goose,Ligon,KEN,A,84,3130,1301,0,0,1094,190,0,0,NULL,360,1000,507,445,287,2,0
LITTLGE01,1969,Gene,Littles,CAR,A,82,2832,1025,0,0,415,282,0,0,NULL,255,817,414,254,197,3,0
LITTLSA01,1969,Sam,Little,KEN,A,3,11,5,0,0,1,2,0,0,NULL,4,4,2,1,1,1,0
LOCHMRI01,1969,Riney,Lochmann,DLC,A,47,447,174,0,0,96,40,0,0,NULL,61,166,73,45,25,8,3
LOGANHE01,1969,Henry,Logan,WAC,A,32,659,311,0,0,89,59,0,0,NULL,93,269,110,127,91,3,0
LONGPA01,1969,Paul,Long,DET,N,25,130,83,0,0,11,17,0,0,0,22,62,28,38,27,0,0
LOUGHKE01,1969,Kevin,Loughery,BAL,N,55,2037,1207,0,0,168,292,0,0,0,183,1082,477,298,253,0,0
LOVEBO01,1969,Bob,Love,CHI,N,82,3123,1722,0,0,712,148,0,0,0,260,1373,640,525,442,0,0
LUCASJE01,1969,Jerry,Lucas,CIN,N,4,118,41,0,0,45,9,0,0,0,5,35,18,7,5,0,0
LUCASJE01,1969,Jerry,Lucas,SFW,N,63,2302,969,0,0,906,166,0,0,0,159,764,387,248,195,0,0
LUCASJE01,1969,Jerry,Lucas,TOT,N,67,2420,1010,0,0,951,175,0,0,0,164,799,405,255,200,0,0
LYNNLO01,1969,Lonnie,Lynn,PTC,A,52,779,260,0,0,258,43,0,0,NULL,120,275,112,74,36,3,0
LYNNMI01,1969,Mike,Lynn,LAL,N,44,403,119,0,0,64,30,0,0,0,87,133,44,48,31,0,0
MAHAFRA01,1969,Randy,Mahaffey,CAR,A,84,2558,928,0,0,681,164,0,0,NULL,275,821,367,283,194,4,0
MANNIED01,1969,Ed,Manning,BAL,N,29,161,69,0,0,35,2,0,0,0,33,66,32,8,5,0,0
MANNIED01,1969,Ed,Manning,TOT,N,67,777,280,0,0,232,36,0,0,0,122,321,119,56,42,0,0
MANNIED01,1969,Ed,Manning,CHI,N,38,616,211,0,0,197,34,0,0,0,89,255,87,48,37,0,0
MARINJA01,1969,Jack,Marin,BAL,N,82,2947,1618,0,0,537,217,0,0,0,248,1363,666,339,286,0,0
MAYDO01,1969,Don,May,NYK,N,37,238,96,0,0,52,17,0,0,0,42,101,39,19,18,0,0
MCCARWI01,1969,Willie,Mccarter,LAL,N,40,861,307,0,0,83,93,0,0,0,71,349,132,60,43,0,0
MCGILBI01,1969,Bill,Mcgill,LAS,A,59,830,479,0,0,215,60,0,0,NULL,140,369,201,108,77,0,0
MCGLOJO01,1969,Jon,Mcglocklin,MIL,N,82,2966,1447,0,0,252,303,0,0,0,164,1206,639,198,169,0,0
MCHARMA01,1969,Maurice,Mchartley,DLC,A,55,992,414,0,0,115,142,0,0,NULL,158,388,155,130,98,36,6
MCINTBO01,1969,Bob,Mcintyre,NYN,A,7,94,25,0,0,20,5,0,0,NULL,8,32,12,1,0,3,1
MCKEEJE01,1969,Jerry,Mckee,IND,A,1,3,0,0,0,0,0,0,0,NULL,0,1,0,0,0,0,0
MCKENST01,1969,Stan,Mckenzie,PHO,N,58,525,220,0,0,93,52,0,0,0,67,206,81,73,58,0,0
MCLEMMC01,1969,Mccoy,Mclemore,DET,N,73,1421,585,0,0,336,83,0,0,0,159,500,233,145,119,0,0
MELCHBI01,1969,Bill,Melchionni,NYN,A,80,3157,1218,0,0,230,457,0,0,NULL,282,1030,479,311,255,28,5
MESCHTO01,1969,Tom,Meschery,SEA,N,80,2294,984,0,0,666,157,0,0,0,317,818,394,248,196,0,0
MILESED01,1969,Eddie,Miles,BAL,N,3,52,17,0,0,4,4,0,0,0,8,10,7,5,3,0,0
MILESED01,1969,Eddie,Miles,DET,N,44,1243,592,0,0,173,82,0,0,0,99,531,231,170,130,0,0
MILESED01,1969,Eddie,Miles,TOT,N,47,1295,609,0,0,177,86,0,0,0,107,541,238,175,133,0,0
MILLEJA01,1969,Jay,Miller,IND,A,52,415,191,0,0,80,16,0,0,NULL,72,167,75,57,41,1,0
MILLELA01,1969,Larry,Miller,CAR,A,80,2037,872,0,0,414,147,0,0,NULL,173,758,317,331,223,74,15
MIXST01,1969,Steve,Mix,DET,N,18,276,119,0,0,64,15,0,0,0,31,100,48,39,23,0,0
MOEDO01,1969,Doug,Moe,CAR,A,80,2671,1382,0,0,437,425,0,0,NULL,282,1254,535,399,304,34,8
MONROEA01,1969,Earl,Monroe,BAL,N,82,3051,1922,0,0,257,402,0,0,0,258,1557,695,641,532,0,0
MOOREGE01,1969,Gene,Moore,KEN,A,83,2613,1471,0,0,1002,188,0,0,NULL,382,1390,630,311,209,4,2
MOOREOT01,1969,Otto,Moore,DET,N,81,2523,960,0,0,900,104,0,0,0,232,805,383,305,194,0,0
MORELJA01,1969,Jack,Moreland,NOB,A,80,2321,775,0,0,386,160,0,0,NULL,250,765,317,176,139,8,2
MUELLER01,1969,Erwin,Mueller,SEA,N,4,69,30,0,0,14,6,0,0,0,6,32,13,9,4,0,0
MUELLER01,1969,Erwin,Mueller,TOT,N,78,2353,789,0,0,483,205,0,0,0,192,646,300,263,189,0,0
MUELLER01,1969,Erwin,Mueller,DET,N,74,2284,759,0,0,469,199,0,0,0,186,614,287,254,185,0,0
MULLIJE01,1969,Jeff,Mullins,SFW,N,74,2861,1632,0,0,382,360,0,0,0,240,1426,656,378,320,0,0
MURREDO01,1969,Dorie,Murrey,SEA,N,81,1079,442,0,0,357,76,0,0,0,191,343,153,186,136,0,0
MURREWI01,1969,Willie,Murrell,MFL,A,82,1759,676,0,0,452,66,0,0,NULL,201,596,276,154,117,17,7
NELSODO01,1969,Don,Nelson,BOS,N,82,2224,1259,0,0,601,148,0,0,0,238,920,461,435,337,0,0
NETOLBO01,1969,Bob,Netolicky,IND,A,82,3222,1691,0,0,876,123,0,0,NULL,206,1393,673,502,343,7,2
NEWMADA01,1969,Dave,Newmark,ATL,N,64,612,313,0,0,174,42,0,0,0,128,296,127,77,59,0,0
NIEMARI01,1969,Rich,Niemann,CAR,A,69,1484,717,0,0,569,89,0,10,NULL,219,606,287,194,143,0,0
OGDENCA01,1969,Carlos,Ogden,PHI,N,47,357,191,0,0,86,31,0,0,0,62,172,82,39,27,0,0
OHLDO01,1969,Don,Ohl,ATL,N,66,984,410,0,0,71,98,0,0,0,113,372,176,72,58,0,0
OLSENEN01,1969,Enoch,Olsen,KEN,A,84,1375,343,0,0,374,249,0,0,NULL,234,330,158,73,26,4,1
OMALGR01,1969,Grady,O'malley,ATL,N,24,113,50,0,0,26,10,0,0,0,12,60,21,19,8,0,0
ORMSBA01,1969,Barry,Orms,PTC,A,77,2091,701,0,0,347,182,0,0,NULL,215,695,272,276,152,26,5
PEEPLGE01,1969,George,Peeples,CAR,A,83,2220,767,0,0,685,123,0,0,NULL,232,682,279,315,209,7,0
PERRYRO01,1969,Ron,Perry,NOB,A,46,522,287,0,0,53,37,0,0,NULL,78,272,104,97,69,35,10
PETERLO01,1969,Loy,Petersen,CHI,N,31,231,92,0,0,26,23,0,0,0,22,90,33,39,26,0,0
PETERME01,1969,Mel,Peterson,LAS,A,4,53,23,0,0,13,1,0,0,NULL,4,35,10,3,3,4,0
PIATKWA01,1969,Walt,Piatkowski,DEN,A,74,1302,517,0,0,252,41,0,0,NULL,180,535,215,99,76,50,11
PORTMBO01,1969,Bob,Portman,SFW,N,60,813,420,0,0,224,28,0,0,0,77,398,177,85,66,0,0
POWELCI01,1969,Cincy,Powell,DLC,A,76,2624,1528,0,0,682,192,0,0,NULL,250,1200,562,519,402,12,2
QUICKBO01,1969,Bob,Quick,DET,N,19,297,135,0,0,63,11,0,0,0,41,111,49,53,37,0,0
QUICKBO01,1969,Bob,Quick,TOT,N,34,364,175,0,0,75,14,0,0,0,50,139,63,71,49,0,0
QUICKBO01,1969,Bob,Quick,BAL,N,15,67,40,0,0,12,3,0,0,0,9,28,14,18,12,0,0
RACKLLU01,1969,Luke,Rackley,CIN,N,66,1256,504,0,0,378,56,0,0,0,204,423,190,195,124,0,0
RASCOBO01,1969,Bobby,Rascoe,KEN,A,4,34,14,0,0,4,1,0,0,NULL,3,21,4,7,6,1,0
RAYMOCR01,1969,Craig,Raymond,LAS,A,80,2356,962,0,0,796,154,0,0,NULL,274,812,386,304,190,1,0
REEDWI01,1969,Willis,Reed,NYK,N,81,3089,1755,0,0,1126,161,0,0,0,287,1385,702,464,351,0,0
REYNOGE01,1969,George,Reynolds,DET,N,10,44,21,0,0,14,12,0,0,0,10,19,8,7,5,0,0
RILEYPA01,1969,Pat,Riley,SDR,N,36,474,190,0,0,57,85,0,0,0,68,180,75,55,40,0,0
RIORDMI01,1969,Mike,Riordan,NYK,N,81,1677,624,0,0,194,201,0,0,0,192,549,255,165,114,0,0
ROBBIAU01,1969,Austin,Robbins,NOB,A,82,3266,1342,0,0,1332,182,0,0,NULL,251,1091,525,366,285,23,7
ROBEROS01,1969,Oscar,Robertson,CIN,N,69,2865,1748,0,0,422,558,0,0,0,175,1267,647,561,454,0,0
ROBERRI01,1969,Rick,Roberson,LAL,N,74,2005,644,0,0,672,92,0,0,0,256,586,262,212,120,0,0
ROBINFL01,1969,Flynn,Robinson,MIL,N,81,2762,1765,0,0,263,449,0,0,0,254,1391,663,489,439,0,0
RODGEGU01,1969,Guy,Rodgers,MIL,N,64,749,203,0,0,74,213,0,0,0,73,191,68,90,67,0,0
ROOKJE01,1969,Jerry,Rook,NOB,A,28,155,85,0,0,31,10,0,0,NULL,21,82,37,13,11,2,0
RULEBO01,1969,Bob,Rule,SEA,N,80,2959,1965,0,0,825,144,0,0,0,278,1705,789,542,387,0,0
RUSSECA01,1969,Cazzie,Russell,NYK,N,78,1563,894,0,0,236,135,0,0,0,137,773,385,160,124,0,0
SANDETH01,1969,Thomas,Sanders,BOS,N,57,1616,653,0,0,314,92,0,0,0,199,555,246,183,161,0,0
SCHLUDA01,1969,Dale,Schlueter,SFW,N,63,685,224,0,0,231,25,0,0,0,108,167,82,97,60,0,0
SCHOLDA01,1969,Dave,Scholz,PHI,N,1,1,2,0,0,0,0,0,0,0,0,1,1,0,0,0,0
SCOTTRA01,1969,Ray,Scott,BAL,N,73,1393,653,0,0,457,114,0,0,0,147,605,257,173,139,0,0
SCOTTWI01,1969,Willie,Scott,DLC,A,8,51,13,0,0,4,2,0,0,NULL,16,15,6,6,1,0,0
SELVALE01,1969,Les,Selvage,LAS,A,4,17,8,0,0,2,5,0,0,NULL,2,14,4,0,0,4,0
SHACKLY01,1969,Lyn,Shackelford,MFL,A,22,183,58,0,0,27,11,0,0,NULL,34,72,22,13,10,13,4
SIDLEDO01,1969,Don,Sidle,MFL,A,84,3493,1748,0,0,1082,129,0,0,NULL,272,1320,639,634,469,6,1
SIEGFLA01,1969,Larry,Siegfried,BOS,N,78,2081,984,0,0,212,299,0,0,0,187,902,382,257,220,0,0
SILASPA01,1969,Paul,Silas,PHO,N,78,2836,996,0,0,916,214,0,0,0,266,804,373,412,250,0,0
SIMONWA01,1969,Walt,Simon,NYN,A,81,2696,1162,0,0,474,294,0,0,NULL,296,1030,454,338,253,20,1
SLOANJE01,1969,Jerry,Sloan,CHI,N,53,1822,827,0,0,372,165,0,0,0,179,737,310,318,207,0,0
SMITHAD01,1969,Adrian,Smith,TOT,N,77,1087,458,0,0,82,132,0,0,0,122,416,153,170,152,0,0
SMITHAD01,1969,Adrian,Smith,CIN,N,32,453,172,0,0,33,45,0,0,0,56,148,60,60,52,0,0
SMITHAD01,1969,Adrian,Smith,SFW,N,45,634,286,0,0,49,87,0,0,0,66,268,93,110,100,0,0
SMITHBI01,1969,Bingo,Smith,SDR,N,75,1198,550,0,0,328,75,0,0,0,119,567,242,96,66,0,0
SMITHDO01,1969,Don,Smith,MIL,N,80,1637,593,0,0,603,62,0,0,0,167,546,237,185,119,0,0
SMITHGR01,1969,Greg,Smith,MIL,N,82,2368,803,0,0,712,156,0,0,0,304,664,339,174,125,0,0
SMITHJO02,1969,John,Smith,DLC,A,70,1190,266,0,0,404,58,0,0,NULL,185,284,105,94,56,2,0
SMITHSA01,1969,Sammy,Smith,KEN,A,81,2405,778,0,0,719,109,0,0,NULL,202,724,307,249,163,4,1
SNYDEDI01,1969,Dick,Snyder,SEA,N,76,2290,1030,0,0,308,333,0,0,0,257,818,434,200,162,0,0
SNYDEDI01,1969,Dick,Snyder,TOT,N,82,2437,1081,0,0,323,342,0,0,0,277,863,456,208,169,0,0
SNYDEDI01,1969,Dick,Snyder,PHO,N,6,147,51,0,0,15,9,0,0,0,20,45,22,8,7,0,0
SPARKDA01,1969,Dan,Sparks,MFL,A,3,52,19,0,0,16,2,0,0,NULL,7,18,7,6,5,0,0
STAGGER01,1969,Erv,Staggs,MFL,A,53,1058,453,0,0,122,76,0,0,NULL,155,474,189,114,73,7,2
STALLDA01,1969,Dave,Stallworth,NYK,N,82,1375,639,0,0,323,139,0,0,0,194,557,239,225,161,0,0
STONEGE01,1969,George,Stone,LAS,A,83,2639,1328,0,0,551,145,0,0,NULL,280,1194,512,306,239,206,65
SUTORGE01,1969,George,Sutor,CAR,A,14,147,31,0,0,55,3,0,0,NULL,31,46,12,17,7,1,0
SWAGEKE01,1969,Keith,Swagerty,KEN,A,3,30,7,0,0,6,3,0,0,NULL,4,9,2,3,3,1,0
SWIFTSK01,1969,Skeeter,Swift,NOB,A,66,1089,607,0,0,100,77,0,0,NULL,208,546,215,168,139,125,38
TARTLA01,1969,Lavern,Tart,NYN,A,80,3210,1935,0,0,546,264,0,0,NULL,268,1528,756,526,412,35,11
TAYLOFA01,1969,Fatty,Taylor,WAC,A,83,1994,665,0,0,377,201,0,0,NULL,285,520,243,264,178,6,1
TAYLORO01,1969,Ron,Taylor,NYN,A,75,910,369,0,0,293,64,0,0,NULL,218,327,156,102,57,0,0
THACKTO01,1969,Tom,Thacker,IND,A,70,1016,188,0,0,211,185,0,0,NULL,177,212,70,69,38,39,10
THEARFL01,1969,Floyd,Theard,DEN,A,25,406,96,0,0,51,44,0,0,NULL,49,113,39,28,18,1,0
THIGPJU01,1969,Justus,Thigpen,PTC,A,3,58,11,0,0,8,4,0,0,NULL,14,19,5,3,1,0,0
THOMPGE01,1969,George,Thompson,PTC,A,54,1017,701,0,0,94,73,0,0,NULL,109,587,259,260,176,32,7
THORESK01,1969,Skip,Thoren,MFL,A,29,1020,420,0,0,393,75,0,0,NULL,112,364,164,155,92,2,0
THORNDA01,1969,Dallas,Thornton,MFL,A,5,114,44,0,0,22,11,0,0,NULL,14,35,15,17,14,2,0
THORNRO01,1969,Rod,Thorn,SEA,N,19,105,55,0,0,16,17,0,0,0,8,45,20,24,15,0,0
THURMNA01,1969,Nate,Thurmond,SFW,N,43,1919,943,0,0,762,150,0,0,0,110,824,341,346,261,0,0
TINSLGE01,1969,George,Tinsley,KEN,A,82,1446,513,0,0,325,76,0,0,NULL,192,407,175,218,162,8,1
TORMOGE01,1969,Gene,Tormohlen,ATL,N,2,11,4,0,0,4,1,0,0,0,3,4,2,0,0,0,0
TRAPPJO01,1969,John,Trapp,SDR,N,70,1025,442,0,0,309,49,0,0,0,200,434,185,104,72,0,0
TRESVJO01,1969,John,Tresvant,LAL,N,20,221,117,0,0,63,17,0,0,0,40,88,47,35,23,0,0
TRESVJO01,1969,John,Tresvant,TOT,N,69,1499,734,0,0,425,112,0,0,0,204,595,264,284,206,0,0
TRESVJO01,1969,John,Tresvant,SEA,N,49,1278,617,0,0,362,95,0,0,0,164,507,217,249,183,0,0
TUCKEAL01,1969,Al,Tucker,BAL,N,28,262,131,0,0,53,7,0,0,0,34,96,49,42,33,0,0
TUCKEAL01,1969,Al,Tucker,CHI,N,33,557,231,0,0,113,31,0,0,0,52,189,97,45,37,0,0
TUCKEAL01,1969,Al,Tucker,TOT,N,61,819,362,0,0,166,38,0,0,0,86,285,146,87,70,0,0
TURNEBI01,1969,Bill,Turner,TOT,N,72,1170,517,0,0,304,43,0,0,0,194,468,197,167,123,0,0
TURNEBI01,1969,Bill,Turner,CIN,N,69,1095,494,0,0,290,42,0,0,0,187,451,188,157,118,0,0
TURNEBI01,1969,Bill,Turner,SFW,N,3,75,23,0,0,14,1,0,0,0,7,17,9,10,5,0,0
UNSELWE01,1969,Wes,Unseld,BAL,N,82,3234,1325,0,0,1370,291,0,0,0,250,1015,526,428,273,0,0
VACENST01,1969,Steve,Vacendak,MFL,A,14,173,43,0,0,13,20,0,0,NULL,22,59,15,22,13,2,0
VANARDI01,1969,Dick,Vanarsdale,PHO,N,77,2966,1643,0,0,264,338,0,0,0,282,1166,592,575,459,0,0
VANARTO01,1969,Tom,Vanarsdale,CIN,N,71,2544,1621,0,0,463,155,0,0,0,247,1376,620,492,381,0,0
VANLINO01,1969,Norm,Vanlier,CIN,N,81,2895,770,0,0,409,500,0,0,0,329,749,302,224,166,0,0
VAUGHCH01,1969,Chico,Vaughn,PTC,A,21,401,204,0,0,28,22,0,0,NULL,53,180,66,70,48,82,24
VERGABO01,1969,Bob,Verga,CAR,A,82,3411,2258,0,0,430,290,0,0,NULL,268,1984,867,565,458,215,66
WALKECH01,1969,Chet,Walker,CHI,N,78,2726,1675,0,0,604,192,0,0,0,203,1249,596,568,483,0,0
WALKEJI01,1969,Jimmy,Walker,DET,N,81,2869,1687,0,0,242,248,0,0,0,203,1394,666,440,355,0,0
WALKNE01,1969,Neal,Walk,PHO,N,82,1394,669,0,0,455,80,0,0,0,225,547,257,242,155,0,0
WALLEDW01,1969,Dwight,Waller,DEN,A,7,87,29,0,0,38,4,0,0,NULL,12,24,10,19,9,1,0
WARLEBE01,1969,Ben,Warley,DEN,A,42,475,193,0,0,110,30,0,0,NULL,98,170,60,76,58,58,15
WARLIBO01,1969,Bob,Warlick,LAS,A,29,711,289,0,0,114,76,0,0,NULL,70,309,112,96,65,1,0
WARREBO01,1969,Bobby,Warren,LAS,A,72,1672,733,0,0,277,141,0,0,NULL,190,647,266,238,176,107,25
WARREJO01,1969,Johnny,Warren,NYK,N,44,272,112,0,0,40,30,0,0,0,53,108,44,35,24,0,0
WASHIBO01,1969,Bobby,Washington,KEN,A,2,5,0,0,0,0,0,0,0,NULL,0,1,0,0,0,0,0
WASHIJI01,1969,Jim,Washington,PHI,N,79,2459,1006,0,0,734,104,0,0,0,262,842,401,273,204,0,0
WASHITR01,1969,Trooper,Washington,PTC,A,81,2353,799,0,0,822,196,0,0,NULL,285,582,320,240,155,8,4
WEISSBO01,1969,Bob,Weiss,CHI,N,82,2544,943,0,0,227,474,0,0,0,206,855,365,253,213,0,0
WESLEWA01,1969,Walt,Wesley,CHI,N,72,1407,685,0,0,455,68,0,0,0,184,648,270,219,145,0,0
WESTJE01,1969,Jerry,West,LAL,N,74,3106,2309,0,0,338,554,0,0,0,160,1673,831,785,647,0,0
WHITEHU01,1969,Hubie,White,MFL,A,54,824,361,0,0,155,56,0,0,NULL,147,363,146,84,62,43,7
WHITEJO01,1969,Jojo,White,BOS,N,60,1328,729,0,0,169,145,0,0,0,132,684,309,135,111,0,0
WHITNHA01,1969,Hank,Whitney,CAR,A,59,981,397,0,0,371,56,0,0,NULL,200,403,170,88,57,0,0
WILKELE01,1969,Lenny,Wilkens,SEA,N,75,2802,1334,0,0,378,683,0,0,0,212,1066,448,556,438,0,0
WILLIAR01,1969,Arthur,Williams,SDR,N,80,1545,466,0,0,292,503,0,0,0,168,464,189,118,88,0,0
WILLIBE01,1969,Bernie,Williams,SDR,N,72,1228,598,0,0,155,165,0,0,0,124,641,251,122,96,0,0
WILLICH01,1969,Charlie,Williams,PTC,A,26,925,506,0,0,78,94,0,0,NULL,80,537,193,135,104,75,16
WILLIGE01,1969,Gene,Williams,KEN,A,1,8,0,0,0,0,0,0,0,NULL,2,1,0,0,0,0,0
WILLIRO01,1969,Ron,Williams,SFW,N,80,2435,1181,0,0,190,424,0,0,0,287,1046,452,337,277,0,0
WILLISA01,1969,Sam,Williams,MIL,N,11,44,27,0,0,7,3,0,0,0,5,24,11,11,5,0,0
WILSOGE01,1969,George,Wilson,PHI,N,67,836,358,0,0,317,52,0,0,0,145,304,118,172,122,0,0
WILSOJA01,1969,Jasper,Wilson,NOB,A,4,59,23,0,0,14,2,0,0,NULL,6,21,8,8,6,2,1
WINFILE01,1969,Lee,Winfield,SEA,N,64,771,363,0,0,98,102,0,0,0,95,288,138,116,87,0,0
WISEWI01,1969,Willie,Wise,LAS,A,82,2709,1248,0,0,952,204,0,0,NULL,301,1014,483,427,278,17,4
WITTMGR01,1969,Greg,Wittman,DEN,A,50,453,196,0,0,98,15,0,0,NULL,87,204,80,59,32,17,4
WOOLLBO01,1969,Bob,Woollard,MFL,A,19,234,84,0,0,69,6,0,0,NULL,42,82,32,25,20,1,0
WORKMTO01,1969,Tom,Workman,LAS,A,28,451,310,0,0,94,22,0,1,NULL,69,252,116,98,77,4,1
WRIGHLO01,1969,Lonnie,Wright,DEN,A,79,2237,961,0,0,216,149,0,0,NULL,278,952,393,175,121,193,54
ABDULKA01,1970,Kareem,Abdul-jabbar,MIL,N,82,3288,2596,0,0,1311,272,0,0,0,264,1843,1063,681,470,0,0
ADAMSDO01,1970,Don,Adams,SDR,N,82,2374,937,0,0,581,173,0,0,0,344,957,391,212,155,0,0
ADELMRI01,1970,Rick,Adelman,POR,N,81,2303,1023,0,0,282,380,0,0,0,214,895,378,369,267,0,0
ALLENLU01,1970,Lucius,Allen,MIL,N,61,1162,433,0,0,152,161,0,0,0,108,398,178,110,77,0,0
ANDERCL01,1970,Cliff,Anderson,TOT,N,28,198,86,0,0,48,20,0,0,0,29,65,20,67,46,0,0
ANDERCL01,1970,Cliff,Anderson,PHI,N,5,27,7,0,0,11,4,0,0,0,7,6,1,7,5,0,0
ANDERCL01,1970,Cliff,Anderson,CLE,N,23,171,79,0,0,37,16,0,0,0,22,59,19,60,41,0,0
ARCHINA01,1970,Nate,Archibald,CIN,N,82,2867,1308,0,0,242,450,0,0,0,218,1095,486,444,336,0,0
ARDJI01,1970,Jim,Ard,NYN,A,73,1027,427,0,0,337,40,0,0,NULL,119,382,174,132,79,3,0
ARNZEBO01,1970,Bob,Arnzen,CIN,N,55,594,301,0,0,152,24,0,0,0,54,277,128,52,45,0,0
ATTLEAL01,1970,Alvin,Attles,SFW,N,34,321,68,0,0,40,58,0,0,0,59,54,22,41,24,0,0
AWTREDE01,1970,Dennis,Awtrey,PHI,N,70,1292,504,0,0,430,89,0,0,0,211,421,200,157,104,0,0
BANKSWA01,1970,Walker,Banks,PTC,A,16,154,41,0,0,49,8,0,0,NULL,34,34,17,17,7,0,0
BARNEDI01,1970,Dick,Barnett,NYK,N,82,2843,1273,0,0,238,225,0,0,0,232,1184,540,278,193,0,0
BARNEJI01,1970,Jim,Barnes,BAL,N,11,100,37,0,0,16,8,0,0,0,23,28,15,11,7,0,0
BARNEJI02,1970,Jim,Barnett,POR,N,78,2371,1444,0,0,376,323,0,0,0,190,1283,559,402,326,0,0
BARNHJO01,1970,John,Barnhill,IND,A,67,1303,490,0,0,116,160,0,0,NULL,106,496,181,134,96,147,32
BARREMI01,1970,Mike,Barrett,VIR,A,84,2754,1152,0,0,272,425,0,0,NULL,202,988,458,274,208,103,28
BARRTH01,1970,Thomas,Barr,CIN,N,31,145,61,0,0,20,28,0,0,0,27,62,25,13,11,0,0
BARRYRI01,1970,Rick,Barry,NYN,A,59,2502,1734,0,0,401,294,0,0,NULL,205,1348,632,507,451,86,19
BAUMJO01,1970,Johnny,Baum,CHI,N,62,543,286,0,0,125,31,0,0,0,55,293,123,58,40,0,0
BAYLOEL01,1970,Elgin,Baylor,LAL,N,2,57,20,0,0,11,2,0,0,0,6,19,8,6,4,0,0
BEASLCH01,1970,Charlie,Beasley,TEX,A,48,509,161,0,0,46,82,0,0,NULL,69,136,57,49,40,26,7
BEASLJO01,1970,John,Beasley,TEX,A,83,2691,1316,0,0,765,147,0,0,NULL,206,1070,532,285,236,58,16
BEATYZE01,1970,Zelmo,Beaty,UTS,A,76,2915,1744,0,0,1190,148,0,0,NULL,299,1192,661,531,420,4,2
BECKBY01,1970,Byron,Beck,DEN,A,84,2849,1142,0,0,884,177,0,0,NULL,273,1033,490,182,158,14,4
BECKEAR01,1970,Art,Becker,IND,A,80,1643,880,0,0,426,53,0,0,NULL,260,741,370,156,135,8,5
BEDELBO01,1970,Bob,Bedell,TEX,A,71,970,454,0,0,310,85,0,0,NULL,124,441,176,113,93,42,9
BELLAWA01,1970,Walt,Bellamy,ATL,N,82,2908,1202,0,0,1060,230,0,0,0,271,879,433,556,336,0,0
BINGDA01,1970,Dave,Bing,DET,N,82,3065,2213,0,0,364,408,0,0,0,228,1710,799,772,615,0,0
BLACKTO01,1970,Tom,Black,CIN,N,16,100,26,0,0,34,2,0,0,0,20,33,10,15,6,0,0
BLACKTO01,1970,Tom,Black,SEA,N,55,773,273,0,0,225,42,0,0,0,116,268,111,73,51,0,0
BLACKTO01,1970,Tom,Black,TOT,N,71,873,299,0,0,259,44,0,0,0,136,301,121,88,57,0,0
BLOCKJO01,1970,John,Block,SDR,N,73,1464,702,0,0,442,98,0,0,0,193,584,245,270,212,0,0
BOERWTO01,1970,Tom,Boerwinkle,CHI,N,82,2370,882,0,0,1133,397,0,0,0,275,736,357,232,168,0,0
BOONERO01,1970,Ron,Boone,UTS,A,86,2476,1547,0,0,564,256,0,0,NULL,298,1395,610,357,278,138,49
BOOZEBO01,1970,Bob,Boozer,MIL,N,80,1775,728,0,0,435,128,0,0,0,216,645,290,181,148,0,0
BOWMANA01,1970,Nate,Bowman,BUF,N,44,483,136,0,0,173,41,0,0,0,91,148,58,38,20,0,0
BRADDGA01,1970,Gary,Bradds,TEX,A,26,321,143,0,0,104,14,0,0,NULL,41,127,52,58,39,2,0
BRADLBI01,1970,Bill,Bradley,NYK,N,78,2300,970,0,0,260,280,0,0,0,245,912,413,175,144,0,0
BRIDGBI01,1970,Bill,Bridges,ATL,N,82,3140,975,0,0,1233,240,0,0,0,317,834,382,330,211,0,0
BRISKJO01,1970,John,Brisker,PTC,A,79,3089,2315,0,0,766,226,0,0,NULL,273,1972,898,519,430,264,89
BROOKCL01,1970,Clarence,Brookins,FLA,A,8,59,21,0,0,12,1,0,0,NULL,5,26,8,12,5,1,0
BROWNLA01,1970,Larry,Brown,DEN,A,63,1343,446,0,0,109,330,0,0,NULL,145,340,127,225,186,21,6
BROWNRO01,1970,Rogera,Brown,IND,A,82,3364,1690,0,0,569,395,0,0,NULL,289,1266,610,512,407,223,63
BRYANEM01,1970,Emmette,Bryant,BUF,N,73,2137,727,0,0,262,352,0,0,0,266,684,288,203,151,0,0
BUNTIBI01,1970,Bill,Bunting,NYN,A,72,1123,332,0,0,233,58,0,0,NULL,157,245,114,124,104,0,0
BUTLEMI02,1970,Mike,Butler,UTS,A,71,1414,727,0,0,131,186,0,0,NULL,142,646,271,168,153,125,32
CALDWJO01,1970,Joe,Caldwell,CAR,A,72,3008,1678,0,0,489,301,0,0,NULL,237,1528,685,541,302,30,6
CALVIMA01,1970,Mack,Calvin,FLA,A,81,3394,2201,0,0,283,619,0,0,NULL,263,1728,744,804,696,59,17
CANNOLA01,1970,Larry,Cannon,DEN,A,80,3097,2126,0,0,333,414,0,0,NULL,237,1722,751,763,606,69,18
CARDFR01,1970,Frank,Card,CAR,A,70,1865,801,0,0,457,113,0,0,NULL,216,662,302,303,196,5,1
CARRIDA01,1970,Darel,Carrier,KEN,A,84,2664,1380,0,0,232,244,0,0,NULL,229,1140,495,377,327,161,63
CARTEFR01,1970,Fred,Carter,BAL,N,77,1707,799,0,0,251,165,0,0,0,165,815,340,183,119,0,0
CARTEGE01,1970,George,Carter,VIR,A,81,2721,1534,0,0,650,157,0,0,NULL,290,1255,594,437,346,1,0
CHAMBJE01,1970,Jerry,Chambers,ATL,N,65,1168,580,0,0,245,61,0,0,0,119,526,237,134,106,0,0
CHAMBWI01,1970,Wilt,Chamberlain,LAL,N,82,3630,1696,0,0,1493,352,0,0,0,174,1226,668,669,360,0,0
CHANEDO01,1970,Don,Chaney,BOS,N,81,2289,930,0,0,463,235,0,0,0,288,766,348,313,234,0,0
CHAPMWA01,1970,Wayne,Chapman,DEN,A,69,1241,556,0,0,174,128,0,0,NULL,158,562,214,158,113,57,15
CHAPPLE01,1970,Len,Chappell,CLE,N,6,86,41,0,0,18,1,0,0,0,9,38,15,14,11,0,0
CHAPPLE01,1970,Len,Chappell,TOT,N,48,537,243,0,0,151,17,0,0,0,72,199,86,88,71,0,0
CHAPPLE01,1970,Len,Chappell,ATL,N,42,451,202,0,0,133,16,0,0,0,63,161,71,74,60,0,0
CHRISBO01,1970,Bob,Christian,ATL,N,54,524,150,0,0,177,30,0,0,0,118,127,55,64,40,0,0
CLARKAR01,1970,Archie,Clark,PHI,N,82,3245,1746,0,0,391,440,0,0,0,217,1334,662,536,422,0,0
CLEMEJO01,1970,John,Clemens,SEA,N,78,1286,577,0,0,243,92,0,0,0,169,526,247,114,83,0,0
COLLIJI01,1970,Jimmy,Collins,CHI,N,55,478,219,0,0,54,60,0,0,0,43,214,92,45,35,0,0
COMBSGL01,1970,Glen,Combs,UTS,A,86,3204,1745,0,0,292,361,0,0,NULL,286,1372,610,546,448,210,77
CONGDJE01,1970,Jeff,Congdon,NYN,A,80,1562,453,0,0,143,252,0,0,NULL,126,487,178,96,79,88,18
COOKEJO01,1970,Joe,Cooke,CLE,N,73,725,316,0,0,114,93,0,0,0,135,341,134,59,48,0,0
COUNTME01,1970,Mel,Counts,PHO,N,80,1669,879,0,0,503,136,0,0,0,279,799,365,198,149,0,0
COWENDA01,1970,Dave,Cowens,BOS,N,81,3076,1373,0,0,1216,228,0,0,0,350,1302,550,373,273,0,0
CRAWFFR01,1970,Fred,Crawford,BUF,N,15,203,88,0,0,35,24,0,0,0,18,106,36,26,16,0,0
CRAWFFR01,1970,Fred,Crawford,PHI,N,36,449,180,0,0,69,54,0,0,0,59,175,74,72,32,0,0
CRAWFFR01,1970,Fred,Crawford,TOT,N,51,652,268,0,0,104,78,0,0,0,77,281,110,98,48,0,0
CROFTBO01,1970,Bobby,Croft,KEN,A,62,739,325,0,0,206,41,0,0,NULL,137,348,126,112,73,2,0
CROSSPE01,1970,Pete,Cross,SEA,N,79,2194,630,0,0,949,113,0,0,0,212,554,245,203,140,0,0
CUETOAL01,1970,Al,Cueto,MMP,A,71,974,323,0,0,279,86,0,0,NULL,166,333,134,77,55,5,0
CUNNIBI01,1970,Billy,Cunningham,PHI,N,81,3090,1859,0,0,946,395,0,0,0,328,1519,702,620,455,0,0
CUNNIDI01,1970,Dick,Cunningham,MIL,N,76,675,201,0,0,257,43,0,0,0,90,195,81,59,39,0,0
DAMPILO01,1970,Lou,Dampier,KEN,A,84,3221,1555,0,0,297,460,0,0,NULL,213,1353,566,376,320,280,103
DANDRBO01,1970,Bob,Dandridge,MIL,N,79,2862,1452,0,0,632,277,0,0,0,287,1167,594,376,264,0,0
DANIEME01,1970,Mel,Daniels,IND,A,82,3170,1723,0,0,1475,178,0,0,NULL,292,1357,698,480,326,13,1
DAUGHMA01,1970,Mack,Daughtry,CAR,A,4,43,13,0,0,5,3,0,0,NULL,4,10,4,5,5,0,0
DAVISJI01,1970,Jim,Davis,ATL,N,82,1864,677,0,0,546,108,0,0,0,253,503,241,288,195,0,0
DAVISLE01,1970,Lee,Davis,MMP,A,75,925,457,0,0,251,62,0,0,NULL,169,431,197,117,63,2,0
DAVISMI01,1970,Mike,Davis,BUF,N,73,1617,833,0,0,187,153,0,0,0,220,774,317,262,199,0,0
DAVISWA02,1970,Warren,Davis,FLA,A,76,1995,825,0,0,639,170,0,0,NULL,254,686,308,300,209,2,0
DAVISWI01,1970,Willie,Davis,TEX,A,8,29,18,0,0,13,2,0,0,NULL,10,15,7,8,4,0,0
DEANGBI01,1970,Billy,Deangelis,NYN,A,8,47,10,0,0,6,8,0,0,NULL,16,6,3,6,4,0,0
DEBUSDA01,1970,Dave,Debusschere,NYK,N,81,2891,1263,0,0,901,220,0,0,0,237,1243,523,312,217,0,0
DEPREJO01,1970,Joe,Depre,NYN,A,72,1707,632,0,0,175,138,0,0,NULL,262,488,250,172,132,4,0
DIERKCO01,1970,Connie,Dierking,TOT,N,54,737,311,0,0,234,60,0,0,0,114,322,125,89,61,0,0
DIERKCO01,1970,Connie,Dierking,CIN,N,1,23,6,0,0,7,1,0,0,0,5,16,3,0,0,0,0
DIERKCO01,1970,Connie,Dierking,PHI,N,53,714,305,0,0,227,59,0,0,0,109,306,122,89,61,0,0
DIETRCO01,1970,Coby,Dietrick,MMP,A,37,357,143,0,0,114,33,0,0,NULL,56,160,61,34,21,1,0
DINWIBI01,1970,Bill,Dinwiddie,BOS,N,61,717,300,0,0,209,34,0,0,0,90,328,123,74,54,0,0
DISCHTE01,1970,Terry,Dischinger,DET,N,65,1855,769,0,0,339,113,0,0,0,189,568,304,211,161,0,0
DOVESO01,1970,Sonny,Dove,NYN,A,83,2280,1124,0,0,676,88,0,0,NULL,304,1006,467,273,186,14,4
DRISCTE01,1970,Terry,Driscoll,DET,N,69,1255,372,0,0,402,54,0,0,0,212,318,132,154,108,0,0
EAKINJI01,1970,Jim,Eakins,VIR,A,84,2235,906,0,0,778,160,0,0,NULL,282,645,332,319,242,0,0
EGANJO01,1970,Johnny,Egan,SDR,N,36,414,71,0,0,31,54,0,0,0,40,80,27,23,17,0,0
EGANJO01,1970,Johnny,Egan,CLE,N,26,410,105,0,0,32,58,0,0,0,31,98,40,28,25,0,0
EGANJO01,1970,Johnny,Egan,TOT,N,62,824,176,0,0,63,112,0,0,0,71,178,67,51,42,0,0
ELLISJO01,1970,Joe,Ellis,SFW,N,80,2275,863,0,0,511,161,0,0,0,287,898,356,203,151,0,0
ELLISLE01,1970,Leroy,Ellis,POR,N,74,2581,1179,0,0,907,235,0,0,0,258,1095,485,261,209,0,0
ENGLICL01,1970,Claude,English,POR,N,18,70,27,0,0,20,6,0,0,0,15,42,11,7,5,0,0
ERICKKE01,1970,Keith,Erickson,LAL,N,73,2272,823,0,0,404,223,0,0,0,241,783,369,112,85,0,0
FILLMGR01,1970,Greg,Fillmore,NYK,N,39,271,103,0,0,93,17,0,0,0,80,102,45,27,13,0,0
FINKEHA01,1970,Hank,Finkel,BOS,N,80,1234,521,0,0,343,79,0,0,0,196,489,214,127,93,0,0
FONTALE01,1970,Levi,Fontaine,SFW,N,35,210,134,0,0,15,22,0,0,0,27,145,53,37,28,0,0
FORDJA01,1970,Jake,Ford,SEA,N,5,68,34,0,0,9,9,0,0,0,11,25,9,22,16,0,0
FOSTEFR01,1970,Fred,Foster,CIN,N,1,21,7,0,0,4,0,0,0,0,2,8,3,3,1,0,0
FOSTEFR01,1970,Fred,Foster,TOT,N,67,909,369,0,0,151,61,0,0,0,115,368,148,106,73,0,0
FOSTEFR01,1970,Fred,Foster,PHI,N,66,888,362,0,0,147,61,0,0,0,113,360,145,103,72,0,0
FOXJI01,1970,Jim,Fox,CHI,N,82,1628,799,0,0,598,196,0,0,0,213,611,280,321,239,0,0
FRANZRO01,1970,Ron,Franz,FLA,A,67,1596,813,0,0,320,97,0,0,NULL,178,637,309,259,188,22,7
FRAZIWA01,1970,Walt,Frazier,NYK,N,80,3455,1736,0,0,544,536,0,0,0,240,1317,651,557,434,0,0
FREEMDO01,1970,Donnie,Freeman,TEX,A,66,2414,1559,0,0,324,332,0,0,NULL,192,1235,596,459,367,7,0
FREEMGA01,1970,Gary,Freeman,CLE,N,11,47,15,0,0,8,4,0,0,0,4,12,7,2,1,0,0
FREEMGA01,1970,Gary,Freeman,MIL,N,41,335,152,0,0,98,31,0,0,0,63,122,62,38,28,0,0
FREEMGA01,1970,Gary,Freeman,TOT,N,52,382,167,0,0,106,35,0,0,0,67,134,69,40,29,0,0
FULLECA01,1970,Carl,Fuller,FLA,A,70,1151,412,0,0,330,54,0,0,NULL,209,372,170,120,72,1,0
GARREEL01,1970,Eldo,Garrett,BUF,N,75,2375,964,0,0,295,264,0,0,0,290,902,373,251,218,0,0
GILLIHE01,1970,Herm,Gilliam,BUF,N,80,2082,898,0,0,334,291,0,0,0,246,896,378,189,142,0,0
GILMOWA01,1970,Walt,Gilmore,POR,N,27,261,58,0,0,73,12,0,0,0,49,54,23,26,12,0,0
GOODRGA01,1970,Gail,Goodrich,LAL,N,79,2808,1380,0,0,260,380,0,0,0,258,1174,558,343,264,0,0
GOVANGE01,1970,Gerald,Govan,MMP,A,84,3698,712,0,0,1138,407,0,0,NULL,284,794,296,191,119,4,1
GREACBO01,1970,Bob,Greacen,MIL,N,2,43,5,0,0,6,13,0,0,0,7,12,1,7,3,0,0
GREENJO01,1970,Johnny,Green,CIN,N,75,2147,1252,0,0,656,89,0,0,0,233,855,502,402,248,0,0
GREENLA01,1970,Lamar,Green,PHO,N,68,1326,398,0,0,466,53,0,0,0,202,369,167,106,64,0,0
GREENLU01,1970,Luther,Green,NYN,A,26,164,98,0,0,55,3,0,0,NULL,19,88,40,44,18,4,0
GREERHA01,1970,Hal,Greer,PHI,N,81,3060,1508,0,0,364,369,0,0,0,289,1371,591,405,326,0,0
GREGOGA01,1970,Gary,Gregor,POR,N,44,1153,421,0,0,334,81,0,0,0,120,421,181,89,59,0,0
GUOKAMA01,1970,Matt,Guokas,PHI,N,1,5,0,0,0,1,0,0,0,0,0,0,0,0,0,0,0
GUOKAMA01,1970,Matt,Guokas,TOT,N,79,2213,513,0,0,158,342,0,0,0,189,418,206,138,101,0,0
GUOKAMA01,1970,Matt,Guokas,CHI,N,78,2208,513,0,0,157,342,0,0,0,189,418,206,138,101,0,0
HAGANTO01,1970,Tom,Hagan,TEX,A,49,690,255,0,0,83,106,0,0,NULL,78,246,100,63,43,41,12
HAIRSHA01,1970,Happy,Hairston,LAL,N,80,2921,1485,0,0,797,168,0,0,0,256,1233,574,431,337,0,0
HALIMSH01,1970,Shaler,Halimon,CHI,N,2,23,2,0,0,2,4,0,0,0,5,8,1,1,0,0,0
HALIMSH01,1970,Shaler,Halimon,POR,N,79,1629,707,0,0,415,211,0,0,0,178,775,300,161,107,0,0
HALIMSH01,1970,Shaler,Halimon,TOT,N,81,1652,709,0,0,417,215,0,0,0,183,783,301,162,107,0,0
HAMILDE01,1970,Dennis,Hamilton,KEN,A,3,11,3,0,0,1,1,0,0,NULL,1,2,1,1,1,0,0
HAMILJO01,1970,Joe,Hamilton,TEX,A,84,2564,1318,0,0,285,365,0,0,NULL,279,1184,500,279,233,285,85
HAMMOJU01,1970,Julian,Hammond,DEN,A,83,2082,1143,0,0,523,97,0,0,NULL,189,834,435,375,273,0,0
HARGEIR01,1970,Ira,Harge,FLA,A,82,2934,1119,0,0,1085,202,0,0,NULL,291,999,460,306,197,5,2
HARRIAR01,1970,Art,Harris,PHO,N,56,952,467,0,0,100,132,0,0,0,137,484,199,113,69,0,0
HASKICL01,1970,Clem,Haskins,PHO,N,82,2764,1462,0,0,324,383,0,0,0,207,1277,562,431,338,0,0
HAVLIJO01,1970,John,Havlicek,BOS,N,81,3678,2338,0,0,730,607,0,0,0,200,1982,892,677,554,0,0
HAWKICO01,1970,Connie,Hawkins,PHO,N,71,2662,1481,0,0,643,322,0,0,0,197,1181,512,560,457,0,0
HAYESEL01,1970,Elvin,Hayes,SDR,N,82,3633,2350,0,0,1362,186,0,0,0,225,2215,948,676,454,0,0
HAYESJI01,1970,Jim,Hayes,NYN,A,47,494,144,0,0,45,47,0,0,NULL,73,109,46,67,52,0,0
HAYWOSP01,1970,Spencer,Haywood,SEA,N,33,1162,680,0,0,396,48,0,0,0,84,579,260,218,160,0,0
HAZZAWA01,1970,Walt,Hazzard,ATL,N,82,2877,1349,0,0,300,514,0,0,0,276,1126,517,415,315,0,0
HEARDGA01,1970,Garfield,Heard,SEA,N,65,1027,386,0,0,328,45,0,0,0,126,399,152,125,82,0,0
HENRYAL01,1970,Al,Henry,PHI,N,6,26,7,0,0,11,0,0,0,0,1,6,1,7,5,0,0
HENTZCH01,1970,Charlie,Hentz,PTC,A,57,1075,341,0,0,386,31,0,0,NULL,114,303,142,98,57,4,0
HESTEDA01,1970,Dan,Hester,DEN,A,42,555,248,0,0,234,35,0,0,NULL,82,245,97,60,49,12,5
HETZEFR01,1970,Fred,Hetzel,LAL,N,59,613,282,0,0,149,37,0,0,0,99,256,111,77,60,0,0
HEWITBI01,1970,Bill,Hewitt,DET,N,62,1725,475,0,0,454,124,0,0,0,189,435,203,120,69,0,0
HIGGIEA01,1970,Earlie,Higgins,IND,A,53,467,231,0,0,128,35,0,0,NULL,109,223,104,30,20,17,3
HIGHTWA01,1970,Wayne,Hightower,UTS,A,68,2355,946,0,0,615,194,0,0,NULL,204,848,339,361,268,3,0
HOLTAL01,1970,Alvin,Holt,CHI,N,6,14,4,0,0,4,0,0,0,0,1,8,1,3,2,0,0
HOSKEWI01,1970,Wilmer,Hosket,BUF,N,13,217,105,0,0,75,20,0,0,0,27,90,47,17,11,0,0
HOWARGR01,1970,Greg,Howard,PHO,N,44,426,173,0,0,119,26,0,0,0,67,173,68,58,37,0,0
HOWELBA01,1970,Bailey,Howell,PHI,N,82,1589,878,0,0,441,115,0,0,0,234,686,324,315,230,0,0
HUDSOLO01,1970,Lou,Hudson,ATL,N,76,3113,2039,0,0,386,257,0,0,0,186,1713,829,502,381,0,0
HUMMEJO01,1970,John,Hummer,BUF,N,81,2637,913,0,0,717,163,0,0,0,284,764,339,405,235,0,0
HUNTELE01,1970,Les,Hunter,KEN,A,80,1525,745,0,0,493,95,0,0,NULL,253,645,288,223,159,49,10
HYDERGR01,1970,Greg,Hyder,CIN,N,77,1359,417,0,0,332,48,0,0,0,187,409,183,71,51,0,0
IMHOFDA01,1970,Darrall,Imhoff,CIN,N,34,826,275,0,0,233,79,0,0,0,120,258,119,73,37,0,0
IRVINGE01,1970,George,Irvine,VIR,A,34,338,194,0,0,65,25,0,0,NULL,67,149,83,35,26,8,2
ISSELDA01,1970,Dan,Issel,KEN,A,83,3274,2480,0,0,1093,162,0,0,NULL,323,1934,938,748,604,15,0
JABALWA01,1970,Warren,Jabali,IND,A,62,1586,682,0,0,298,214,0,0,NULL,205,554,227,238,181,163,47
JACKSLU01,1970,Lucious,Jackson,PHI,N,79,1774,529,0,0,568,148,0,0,0,211,529,199,189,131,0,0
JACKSME01,1970,Merv,Jackson,UTS,A,65,1902,905,0,0,262,225,0,0,NULL,207,836,351,244,196,20,7
JACKSPH01,1970,Phil,Jackson,NYK,N,71,771,331,0,0,238,31,0,0,0,169,263,118,133,95,0,0
JOHNSED01,1970,Ed,Johnson,NYN,A,34,751,320,0,0,270,34,0,0,NULL,101,265,119,130,82,0,0
JOHNSGE02,1970,George,Johnson,BAL,N,24,337,93,0,0,114,10,0,0,0,63,100,41,30,11,0,0
JOHNSGU01,1970,Gus,Johnson,BAL,N,66,2538,1202,0,0,1128,192,0,0,0,227,1090,494,290,214,0,0
JOHNSJO01,1970,John,Johnson,CLE,N,67,2310,1110,0,0,453,323,0,0,0,251,1032,435,298,240,0,0
JOHNSNE01,1970,Neil,Johnson,VIR,A,78,1838,990,0,0,668,179,0,0,NULL,295,758,398,259,194,2,0
JOHNSRI01,1970,Rich,Johnson,CAR,A,39,555,228,0,0,157,19,0,3,NULL,83,196,96,54,36,0,0
JOHNSST03,1970,Stew,Johnson,PTC,A,84,2595,1342,0,0,646,123,0,0,NULL,221,1350,593,171,144,40,12
JONESJI01,1970,Jimmy,Jones,MMP,A,80,3004,1564,0,0,386,468,0,0,NULL,240,1220,593,481,374,7,4
JONESLA01,1970,Larry,Jones,FLA,A,84,3611,2044,0,0,453,390,0,0,NULL,269,1636,764,587,471,124,45
JONESNI01,1970,Nick,Jones,SFW,N,81,1183,561,0,0,110,113,0,0,0,192,523,225,151,111,0,0
JONESRI01,1970,Rich,Jones,TEX,A,79,2074,950,0,0,525,182,0,0,NULL,246,910,371,230,175,95,33
JONESST01,1970,Steve,Jones,MMP,A,83,2923,1836,0,0,299,182,0,0,NULL,234,1556,732,400,332,108,40
JONESWA01,1970,Wali,Jones,PHI,N,41,962,415,0,0,64,128,0,0,0,110,418,168,101,79,0,0
JONESWI01,1970,Wil,Jones,MMP,A,84,2234,957,0,0,680,152,0,0,NULL,249,812,391,258,174,13,1
KAUFFBO01,1970,Bob,Kauffman,BUF,N,78,2778,1591,0,0,837,354,0,0,0,263,1309,616,485,359,0,0
KELLEBI01,1970,Billy,Keller,IND,A,83,2490,1185,0,0,240,437,0,0,NULL,170,980,417,308,267,230,84
KELLYAR01,1970,Arvesta,Kelly,PTC,A,22,180,58,0,0,25,17,0,0,NULL,34,35,20,31,18,3,0
KENNEJO01,1970,Joe,Kennedy,PTC,A,82,1382,508,0,0,341,73,0,0,NULL,156,498,189,160,130,2,0
KEYEJU01,1970,Julius,Keye,DEN,A,83,3634,1222,0,0,1454,140,0,0,NULL,317,1182,505,317,212,0,0
KILLUER01,1970,Ernie,Killum,LAL,N,4,12,1,0,0,2,0,0,0,0,1,4,0,1,1,0,0
KIMBATO01,1970,Toby,Kimball,SDR,N,80,1100,273,0,0,406,62,0,0,0,128,287,111,108,51,0,0
KINGJI01,1970,Jim,King,CHI,N,55,645,264,0,0,68,78,0,0,0,55,228,100,79,64,0,0
KLUTTLO01,1970,Lonnie,Kluttz,CAR,A,3,8,0,0,0,5,0,0,0,NULL,3,4,0,0,0,0,0
KNIGHRO01,1970,Ron,Knight,POR,N,52,662,217,0,0,167,50,0,0,0,99,230,99,38,19,0,0
KOJISDO01,1970,Don,Kojis,SEA,N,79,2143,1157,0,0,435,130,0,0,0,220,1018,454,320,249,0,0
KOMIVHO01,1970,Howard,Komives,DET,N,82,1932,671,0,0,152,262,0,0,0,184,715,275,151,121,0,0
KUBERST01,1970,Steve,Kuberski,BOS,N,82,1867,759,0,0,538,78,0,0,0,198,745,313,183,133,0,0
LACEYSA01,1970,Sam,Lacey,CIN,N,81,2648,1090,0,0,913,117,0,0,0,270,1117,467,227,156,0,0
LADNEWE01,1970,Wendell,Ladner,MMP,A,77,2504,1306,0,0,875,160,0,0,NULL,334,1308,572,219,154,29,8
LANIEBO01,1970,Bob,Lanier,DET,N,82,2017,1281,0,0,665,146,0,0,0,272,1108,504,376,273,0,0
LANTZST01,1970,Stu,Lantz,SDR,N,82,3102,1689,0,0,406,344,0,0,0,230,1305,585,644,519,0,0
LATTIDA01,1970,Dave,Lattin,PTC,A,71,1135,462,0,0,467,64,0,0,NULL,215,377,177,177,108,1,0
LAURIHA01,1970,Harry,Laurie,PTC,A,9,57,13,0,0,15,8,0,0,NULL,16,12,3,11,7,0,0
LEAKSEM01,1970,Manny,Leaks,NYN,A,80,2614,1299,0,0,855,104,0,0,NULL,211,1080,510,381,279,1,0
LEECL01,1970,Clyde,Lee,SFW,N,82,1392,499,0,0,570,63,0,0,0,137,428,194,199,111,0,0
LEHMAGE02,1970,George,Lehman,CAR,A,83,2918,1438,0,0,203,464,0,0,NULL,221,1186,535,256,214,382,154
LEWISBO01,1970,Bobby,Lewis,CLE,N,79,1852,467,0,0,206,244,0,0,0,176,484,179,152,109,0,0
LEWISFR01,1970,Freddie,Lewis,IND,A,81,3034,1525,0,0,336,433,0,0,NULL,249,1241,547,461,372,194,59
LEWISMI01,1970,Mike,Lewis,PTC,A,83,2741,1075,0,0,1213,268,0,0,NULL,332,825,420,306,235,0,0
LIGONGO01,1970,Goose,Ligon,KEN,A,84,2753,1072,0,0,989,211,0,0,NULL,331,795,429,391,214,6,0
LITTLGE01,1970,Gene,Littles,CAR,A,70,1495,567,0,0,205,173,0,0,NULL,175,501,223,168,117,14,4
LLOYDCH01,1970,Chuck,Lloyd,CAR,A,14,118,66,0,0,25,6,0,0,NULL,25,51,23,30,20,0,0
LONGPA01,1970,Paul,Long,BUF,N,30,213,134,0,0,31,25,0,0,0,23,120,57,24,20,0,0
LOUGHKE01,1970,Kevin,Loughery,BAL,N,82,2260,1237,0,0,219,301,0,0,0,246,1193,481,331,275,0,0
LOVEBO01,1970,Bob,Love,CHI,N,81,3482,2043,0,0,690,185,0,0,0,259,1710,765,619,513,0,0
LUCASJE01,1970,Jerry,Lucas,SFW,N,80,3251,1535,0,0,1265,293,0,0,0,197,1250,623,367,289,0,0
LYNNMI01,1970,Mike,Lynn,BUF,N,5,25,7,0,0,4,1,0,0,0,9,7,2,3,3,0,0
MAHAFRA01,1970,Randy,Mahaffey,CAR,A,83,2353,926,0,0,618,115,0,0,NULL,304,791,385,239,156,8,0
MALOYMI01,1970,Mike,Maloy,VIR,A,55,725,396,0,0,236,43,0,0,NULL,125,334,149,139,98,1,0
MANNIED01,1970,Ed,Manning,POR,N,79,1558,561,0,0,411,111,0,0,0,198,559,243,93,75,0,0
MARAVPE02,1970,Pete,Maravich,ATL,N,81,2926,1880,0,0,298,355,0,0,0,238,1613,738,505,404,0,0
MARINJA01,1970,Jack,Marin,BAL,N,82,2920,1542,0,0,513,217,0,0,0,261,1360,626,342,290,0,0
MARLAHA01,1970,Harvey,Marlatt,DET,N,23,214,65,0,0,23,30,0,0,0,27,80,25,18,15,0,0
MASTED01,1970,Eddie,Mast,NYK,N,30,164,61,0,0,56,4,0,0,0,25,66,25,20,11,0,0
MAYDO01,1970,Don,May,BUF,N,76,2666,1535,0,0,567,150,0,0,0,219,1336,629,350,277,0,0
MCCARWI01,1970,Willie,Mccarter,LAL,N,76,1369,540,0,0,122,126,0,0,0,152,592,247,77,46,0,0
MCDONRO01,1970,Rod,Mcdonald,UTS,A,29,206,117,0,0,93,7,0,0,NULL,41,109,50,25,15,2,2
MCGLOJO01,1970,Jon,Mcglocklin,MIL,N,82,2891,1292,0,0,223,305,0,0,0,189,1073,574,167,144,0,0
MCKENST01,1970,Stan,Mckenzie,POR,N,82,2290,1127,0,0,309,235,0,0,0,238,902,398,396,331,0,0
MCLEMMC01,1970,Mccoy,Mclemore,TOT,N,86,2254,810,0,0,568,206,0,0,0,235,787,303,261,204,0,0
MCLEMMC01,1970,Mccoy,Mclemore,MIL,N,28,415,132,0,0,105,30,0,0,0,66,133,49,41,34,0,0
MCLEMMC01,1970,Mccoy,Mclemore,CLE,N,58,1839,678,0,0,463,176,0,0,0,169,654,254,220,170,0,0
MCMILJI01,1970,Jim,Mcmillian,LAL,N,81,1747,678,0,0,330,133,0,0,0,122,629,289,130,100,0,0
MELCHBI01,1970,Bill,Melchionni,NYN,A,81,3284,1425,0,0,237,672,0,0,NULL,273,1244,561,370,301,22,2
MESCHTO01,1970,Tom,Meschery,SEA,N,79,1822,732,0,0,485,108,0,0,0,202,615,285,216,162,0,0
MIKANLA01,1970,Larry,Mikan,CLE,N,53,536,158,0,0,139,41,0,0,0,56,186,62,55,34,0,0
MILESED01,1970,Eddie,Miles,BAL,N,63,1541,622,0,0,167,110,0,0,0,119,591,252,147,118,0,0
MILLEJA01,1970,Jay,Miller,IND,A,2,9,8,0,0,3,1,0,0,NULL,1,5,4,0,0,0,0
MILLELA01,1970,Larry,Miller,CAR,A,77,2140,938,0,0,457,167,0,0,NULL,181,795,364,272,197,61,13
MIXST01,1970,Steve,Mix,DET,N,35,731,290,0,0,164,34,0,0,0,72,249,111,89,68,0,0
MOEDO01,1970,Doug,Moe,VIR,A,78,2297,1017,0,0,473,270,0,0,NULL,284,871,397,259,221,10,2
MONROEA01,1970,Earl,Monroe,BAL,N,81,2843,1732,0,0,213,354,0,0,0,220,1501,663,506,406,0,0
MOOREGE01,1970,Gene,Moore,TEX,A,84,2243,1125,0,0,850,101,0,0,NULL,303,972,467,280,189,6,2
MOOREOT01,1970,Otto,Moore,DET,N,82,1926,741,0,0,700,88,0,0,0,182,696,310,219,121,0,0
MORGARE01,1970,Rex,Morgan,BOS,N,34,266,117,0,0,61,22,0,0,0,58,102,41,54,35,0,0
MOUNTRI01,1970,Rick,Mount,IND,A,66,832,437,0,0,71,107,0,0,NULL,127,402,149,145,116,79,23
MUELLER01,1970,Erwin,Mueller,DET,N,52,1224,312,0,0,223,113,0,0,0,99,309,126,108,60,0,0
MULLIJE01,1970,Jeff,Mullins,SFW,N,75,2909,1562,0,0,341,332,0,0,0,246,1308,630,358,302,0,0
MURPHCA01,1970,Calvin,Murphy,SDR,N,82,2020,1298,0,0,245,329,0,0,0,263,1029,471,434,356,0,0
MURREDO01,1970,Dorie,Murrey,BAL,N,69,696,220,0,0,214,31,0,0,0,146,172,77,101,66,0,0
MURREDO01,1970,Dorie,Murrey,TOT,N,71,716,231,0,0,221,32,0,0,0,149,178,78,112,75,0,0
MURREDO01,1970,Dorie,Murrey,POR,N,2,20,11,0,0,7,1,0,0,0,3,6,1,11,9,0,0
NELSODO01,1970,Don,Nelson,BOS,N,82,2254,1141,0,0,565,153,0,0,0,232,881,412,426,317,0,0
NELSORO01,1970,Ron,Nelson,FLA,A,59,490,186,0,0,53,47,0,0,NULL,95,172,72,54,41,3,1
NEMELDI01,1970,Dick,Nemelka,UTS,A,39,504,216,0,0,59,57,0,0,NULL,60,213,82,49,32,62,20
NETOLBO01,1970,Bob,Netolicky,IND,A,82,3137,1541,0,0,774,104,0,0,NULL,192,1305,651,333,237,8,2
NEWMADA01,1970,Dave,Newmark,CAR,A,31,457,234,0,0,157,28,0,0,NULL,84,209,100,60,34,0,0
NIEMARI01,1970,Rich,Niemann,FLA,A,51,642,285,0,0,255,29,0,0,NULL,137,241,121,60,43,0,0
OGDENCA01,1970,Carlos,Ogden,PHI,N,27,133,66,0,0,20,17,0,0,0,21,66,24,26,18,0,0
OGDENRA01,1970,Ralph,Ogden,SFW,N,32,162,42,0,0,32,9,0,0,0,17,71,17,12,8,0,0
OHANLFR01,1970,Fran,Ohanlon,FLA,A,14,101,22,0,0,4,13,0,0,NULL,18,22,8,9,6,1,0
PAULKCH01,1970,Charlie,Paulk,CIN,N,68,1213,627,0,0,320,27,0,0,0,186,637,274,131,79,0,0
PAULTBI01,1970,Billy,Paultz,NYN,A,83,2758,1221,0,0,940,160,0,0,NULL,274,973,510,269,201,2,0
PEEPLGE01,1970,George,Peeples,CAR,A,82,2220,956,0,0,771,110,0,0,NULL,279,773,377,335,202,1,0
PERRYCU01,1970,Curtis,Perry,SDR,N,18,100,53,0,0,30,5,0,0,0,22,48,21,20,11,0,0
PETRIGE01,1970,Geoff,Petrie,POR,N,82,3032,2031,0,0,280,390,0,0,0,196,1770,784,600,463,0,0
PORTMBO01,1970,Bob,Portman,SFW,N,68,1395,519,0,0,321,67,0,0,0,130,483,221,106,77,0,0
POWELCI01,1970,Cincy,Powell,KEN,A,81,2933,1462,0,0,890,255,0,0,NULL,323,1173,578,398,302,16,4
PRATTMI01,1970,Mike,Pratt,KEN,A,78,1213,440,0,0,225,188,0,0,NULL,135,416,173,121,91,11,3
PRICEMI01,1970,Mike,Price,NYK,N,56,251,84,0,0,29,12,0,0,0,57,81,30,34,24,0,0
QUICKBO01,1970,Bob,Quick,DET,N,56,1146,448,0,0,230,56,0,0,0,142,341,155,176,138,0,0
RACKLLU01,1970,Luke,Rackley,CLE,N,74,1434,559,0,0,394,66,0,0,0,186,470,219,190,121,0,0
RAYMOCR01,1970,Craig,Raymond,MMP,A,56,1102,351,0,0,289,91,0,0,NULL,124,330,142,106,67,1,0
REEDWI01,1970,Willis,Reed,NYK,N,73,2855,1527,0,0,1003,148,0,0,0,228,1330,614,381,299,0,0
RILEYBO01,1970,Bob,Riley,ATL,N,7,39,13,0,0,12,1,0,0,0,5,9,4,9,5,0,0
RILEYPA01,1970,Pat,Riley,LAL,N,54,506,266,0,0,54,72,0,0,0,84,254,105,87,56,0,0
RIORDMI01,1970,Mike,Riordan,NYK,N,82,1320,391,0,0,169,121,0,0,0,151,388,162,108,67,0,0
ROBBIAU01,1970,Austin,Robbins,UTS,A,82,2995,1030,0,0,976,178,0,0,NULL,203,908,396,272,227,44,11
ROBEROS01,1970,Oscar,Robertson,MIL,N,81,3194,1569,0,0,462,668,0,0,0,203,1193,592,453,385,0,0
ROBERRI01,1970,Rick,Roberson,LAL,N,65,909,338,0,0,304,47,0,0,0,125,301,125,143,88,0,0
ROBINFL01,1970,Flynn,Robinson,CIN,N,71,1368,943,0,0,143,138,0,0,0,161,817,374,228,195,0,0
ROBINSA01,1970,Sam,Robinson,FLA,A,83,2172,917,0,0,410,112,0,0,NULL,182,896,405,134,103,19,4
RUFFNPA01,1970,Paul,Ruffner,CHI,N,10,60,34,0,0,16,2,0,0,0,10,35,15,8,4,0,0
RULEBO01,1970,Bob,Rule,SEA,N,4,142,119,0,0,46,7,0,0,0,14,98,47,30,25,0,0
RUSSECA01,1970,Cazzie,Russell,NYK,N,57,1056,524,0,0,192,77,0,0,0,74,504,216,119,92,0,0
SANDETH01,1970,Thomas,Sanders,BOS,N,17,121,39,0,0,17,11,0,0,0,25,44,16,8,7,0,0
SCHLUDA01,1970,Dale,Schlueter,POR,N,80,1823,657,0,0,629,192,0,0,0,265,527,257,218,143,0,0
SCOTTCH01,1970,Charlie,Scott,VIR,A,84,3185,2276,0,0,438,472,0,0,NULL,298,1947,902,611,456,65,16
SCOTTRA01,1970,Ray,Scott,VIR,A,72,1552,1028,0,0,573,123,0,0,NULL,180,933,420,236,187,1,1
SIDLEDO01,1970,Don,Sidle,DEN,A,84,2151,1093,0,0,635,97,0,0,NULL,233,851,425,331,241,9,2
SIEGFLA01,1970,Larry,Siegfried,SDR,N,53,1673,422,0,0,207,346,0,0,0,146,378,146,153,130,0,0
SILASPA01,1970,Paul,Silas,PHO,N,81,2944,961,0,0,1015,247,0,0,0,227,789,338,416,285,0,0
SILLIMI01,1970,Mike,Silliman,BUF,N,36,366,91,0,0,62,23,0,0,0,37,79,36,39,19,0,0
SIMONWA01,1970,Walt,Simon,KEN,A,84,1411,649,0,0,315,156,0,0,NULL,253,578,274,156,100,11,1
SIMPSRA01,1970,Ralph,Simpson,DEN,A,81,1820,1152,0,0,231,168,0,0,NULL,152,1108,460,285,215,60,17
SLOANJE01,1970,Jerry,Sloan,CHI,N,80,3140,1462,0,0,701,281,0,0,0,289,1342,592,389,278,0,0
SMITHAD01,1970,Adrian,Smith,SFW,N,21,247,111,0,0,24,30,0,0,0,24,89,38,41,35,0,0
SMITHBI01,1970,Bingo,Smith,CLE,N,77,2332,1168,0,0,429,258,0,0,0,175,1106,495,234,178,0,0
SMITHDO01,1970,Don,Smith,SEA,N,61,1276,665,0,0,468,42,0,0,0,118,597,263,188,139,0,0
SMITHGA01,1970,Garfield,Smith,BOS,N,37,281,106,0,0,95,9,0,0,0,53,116,42,56,22,0,0
SMITHGR01,1970,Greg,Smith,MIL,N,82,2428,959,0,0,589,227,0,0,0,284,799,409,213,141,0,0
SMITHSA01,1970,Sammy,Smith,KEN,A,35,302,103,0,0,81,20,0,0,NULL,42,93,39,39,24,5,1
SMITHSA01,1970,Sammy,Smith,TOT,A,45,345,118,10,3,94,24,0,0,1,50,113,45,43,26,8,2
SMITHSA01,1970,Sammy,Smith,UTS,A,10,43,15,10,3,13,4,NULL,NULL,1,8,20,6,4,2,3,1
SNYDEDI01,1970,Dick,Snyder,SEA,N,82,2824,1592,0,0,257,352,0,0,0,249,1215,645,361,302,0,0
SORENDA01,1970,Dave,Sorenson,CLE,N,79,1940,890,0,0,486,163,0,0,0,181,794,353,229,184,0,0
SPAINKE01,1970,Ken,Spain,PTC,A,11,112,24,0,0,40,2,0,0,NULL,17,22,8,17,8,0,0
STALLDA01,1970,Dave,Stallworth,NYK,N,81,1565,759,0,0,352,106,0,0,0,175,685,295,230,169,0,0
STEWADE01,1970,Dennis,Stewart,FLA,A,12,72,40,0,0,17,2,0,0,NULL,12,48,16,9,7,3,1
STONEGE01,1970,George,Stone,UTS,A,78,1734,915,0,0,363,106,0,0,NULL,173,808,372,156,121,157,50
STRICBI01,1970,Bill,Stricker,POR,N,1,2,4,0,0,0,0,0,0,0,1,3,2,0,0,0,0
SUITEGA01,1970,Gary,Suiter,CLE,N,30,140,42,0,0,41,2,0,0,0,20,54,19,9,4,0,0
SWIFTSK01,1970,Skeeter,Swift,PTC,A,80,2134,1049,0,0,233,269,0,0,NULL,264,895,402,246,206,150,39
TARTLA01,1970,Lavern,Tart,TEX,A,60,1806,922,0,0,239,174,0,0,NULL,171,862,357,253,198,34,10
TAYLOFA01,1970,Fatty,Taylor,VIR,A,84,1629,539,0,0,263,225,0,0,NULL,228,393,180,256,175,22,4
TAYLOFR01,1970,Fred,Taylor,PHO,N,54,552,298,0,0,86,51,0,0,0,113,284,110,125,78,0,0
TAYLOOL01,1970,Ollie,Taylor,NYN,A,80,1617,694,0,0,307,146,0,0,NULL,231,496,251,277,187,12,5
TAYLORO01,1970,Ron,Taylor,VIR,A,1,25,2,0,0,0,4,0,0,NULL,2,9,1,1,0,0,0
THACKTO01,1970,Tom,Thacker,IND,A,8,92,13,0,0,22,7,0,0,NULL,18,17,6,1,1,3,0
THOMAJO02,1970,Joe,Thomas,PHO,N,39,204,55,0,0,43,17,0,0,0,19,86,23,20,9,0,0
THOMPGE01,1970,George,Thompson,PTC,A,82,2470,1520,0,0,291,207,0,0,NULL,217,1220,575,485,347,90,23
THORNRO01,1970,Rod,Thorn,SEA,N,63,767,351,0,0,103,182,0,0,0,60,299,141,102,69,0,0
THURMNA01,1970,Nate,Thurmond,SFW,N,82,3351,1641,0,0,1128,257,0,0,0,192,1401,623,541,395,0,0
TOMJARU01,1970,Rudy,Tomjanovich,SDR,N,77,1062,409,0,0,381,73,0,0,0,124,439,168,112,73,0,0
TRAPPJO01,1970,John,Trapp,SDR,N,82,2080,786,0,0,510,138,0,0,0,337,766,322,188,142,0,0
TRESVJO01,1970,John,Tresvant,LAL,N,8,66,43,0,0,23,10,0,0,0,11,35,18,10,7,0,0
TRESVJO01,1970,John,Tresvant,BAL,N,67,1451,507,0,0,359,76,0,0,0,185,401,184,195,139,0,0
TRESVJO01,1970,John,Tresvant,TOT,N,75,1517,550,0,0,382,86,0,0,0,196,436,202,205,146,0,0
TUCKEAL01,1970,Al,Tucker,BAL,N,45,607,298,0,0,138,19,40,0,25,33,264,118,73,59,7,3
TURNEBI01,1970,Bill,Turner,SFW,N,18,200,65,0,0,42,8,0,0,0,24,82,26,20,13,0,0
UNSELWE01,1970,Wes,Unseld,BAL,N,74,2904,1047,0,0,1253,293,0,0,0,235,846,424,303,199,0,0
VALLEJO01,1970,John,Vallely,ATL,N,51,430,191,0,0,34,47,0,0,0,50,204,73,59,45,0,0
VANARDI01,1970,Dick,Vanarsdale,PHO,N,81,3157,1771,0,0,316,329,0,0,0,246,1346,609,682,553,0,0
VANARTO01,1970,Tom,Vanarsdale,CIN,N,82,3146,1875,0,0,499,181,0,0,0,294,1642,749,523,377,0,0
VANLINO01,1970,Norm,Vanlier,CIN,N,82,3324,1315,0,0,583,832,0,0,0,343,1138,478,440,359,0,0
VERGABO01,1970,Bob,Verga,CAR,A,75,2009,1412,0,0,280,182,0,0,NULL,223,1202,550,419,302,44,10
WALKECH01,1970,Chet,Walker,CHI,N,81,2927,1780,0,0,588,179,0,0,0,187,1398,650,559,480,0,0
WALKEJI01,1970,Jimmy,Walker,DET,N,79,2765,1392,0,0,207,268,0,0,0,173,1201,524,414,344,0,0
WALKNE01,1970,Neal,Walk,PHO,N,82,2033,1057,0,0,674,117,0,0,0,282,945,426,268,205,0,0
WARNECO01,1970,Cornell,Warner,BUF,N,65,1293,391,0,0,452,53,0,0,0,140,376,156,143,79,0,0
WARREBO01,1970,Bobby,Warren,MMP,A,46,763,420,0,0,144,85,0,0,NULL,87,367,146,133,107,81,21
WARREJO01,1970,Johnny,Warren,CLE,N,82,2610,940,0,0,344,347,0,0,0,299,899,380,217,180,0,0
WASHIBO01,1970,Bobby,Washington,CLE,N,47,823,350,0,0,105,190,0,0,0,105,310,123,140,104,0,0
WASHIJI01,1970,Jim,Washington,PHI,N,78,2501,1049,0,0,747,97,0,0,0,258,829,395,340,259,0,0
WASHITR01,1970,Trooper,Washington,FLA,A,57,1876,534,0,0,606,187,0,0,NULL,184,426,216,167,102,2,0
WATTSSA01,1970,Sam,Watts,PTC,A,54,650,281,0,0,99,45,0,0,NULL,106,287,109,67,49,41,14
WEBBJE01,1970,Jeff,Webb,MIL,N,29,300,65,0,0,24,19,0,0,0,33,78,27,15,11,0,0
WEISSBO01,1970,Bob,Weiss,CHI,N,82,2237,782,0,0,189,387,0,0,0,216,659,278,269,226,0,0
WESLEWA01,1970,Walt,Wesley,CLE,N,82,2425,1455,0,0,713,83,0,0,0,295,1241,565,473,325,0,0
WESTJE01,1970,Jerry,West,LAL,N,69,2845,1859,0,0,320,655,0,0,0,180,1351,667,631,525,0,0
WETZEJO01,1970,John,Wetzel,PHO,N,70,1091,331,0,0,153,114,0,0,0,156,288,124,101,83,0,0
WHITEHE01,1970,Herb,White,ATL,N,38,315,90,0,0,48,47,0,0,0,62,84,34,39,22,0,0
WHITEHU01,1970,Hubie,White,PTC,A,14,166,46,0,0,32,14,0,0,NULL,28,61,17,13,10,7,2
WHITEJO01,1970,Jojo,White,BOS,N,75,2787,1601,0,0,376,361,0,0,0,255,1494,693,269,215,0,0
WILKELE01,1970,Lenny,Wilkens,SEA,N,71,2641,1403,0,0,319,654,0,0,0,201,1125,471,574,461,0,0
WILLIAL02,1970,Al,Williams,KEN,A,11,70,43,0,0,26,5,0,0,NULL,13,43,19,10,5,0,0
WILLIAR01,1970,Arthur,Williams,BOS,N,74,1141,360,0,0,205,233,0,0,0,182,330,150,83,60,0,0
WILLIBE01,1970,Bernie,Williams,SDR,N,56,708,292,0,0,85,113,0,0,0,76,338,112,81,68,0,0
WILLICH01,1970,Charlie,Williams,MMP,A,88,2242,1239,0,0,210,250,0,0,NULL,243,1217,501,291,204,136,33
WILLICH02,1970,Chuck,Williams,PTC,A,83,1795,786,0,0,185,170,0,0,NULL,161,613,268,317,249,4,1
WILLIMI02,1970,Milt,Williams,NYK,N,5,13,4,0,0,0,2,0,0,0,3,1,1,3,2,0,0
WILLIRO01,1970,Ron,Williams,SFW,N,82,2809,1183,0,0,244,480,0,0,0,301,977,426,392,331,0,0
WILLIVA01,1970,Vann,Williford,CAR,A,38,295,148,0,0,68,15,0,0,NULL,34,141,62,37,21,9,3
WILLIWI01,1970,Willie,Williams,TOT,N,25,105,23,0,0,23,8,0,0,0,14,42,10,5,3,0,0
WILLIWI01,1970,Willie,Williams,BOS,N,16,56,15,0,0,10,2,0,0,0,8,32,6,5,3,0,0
WILLIWI01,1970,Willie,Williams,CIN,N,9,49,8,0,0,13,6,0,0,0,6,10,4,0,0,0,0
WILSOGE01,1970,George,Wilson,BUF,N,46,713,240,0,0,230,48,0,0,0,99,269,92,69,56,0,0
WILSOJI01,1970,Jim,Wilson,PTC,A,6,44,6,0,0,6,8,0,0,NULL,3,8,1,6,4,0,0
WILSOST01,1970,Steve,Wilson,DEN,A,39,261,134,0,0,48,29,0,0,NULL,43,132,52,41,22,33,8
WINFILE01,1970,Lee,Winfield,SEA,N,79,1605,830,0,0,193,225,0,0,0,135,716,334,244,162,0,0
WINKLMA01,1970,Marv,Winkler,MIL,N,3,14,8,0,0,4,2,0,0,0,3,10,3,2,2,0,0
WISEWI01,1970,Willie,Wise,UTS,A,82,2676,1299,0,0,807,204,0,0,NULL,297,1059,491,467,312,17,5
WITTMGR01,1970,Greg,Wittman,TEX,A,10,70,16,0,0,19,0,0,0,NULL,21,25,6,9,4,1,0
WORKMTO01,1970,Tom,Workman,DEN,A,56,679,355,0,0,179,48,0,0,NULL,113,303,133,105,86,19,3
WRIGHHO01,1970,Howie,Wright,KEN,A,52,612,237,0,0,80,63,0,0,NULL,89,245,94,49,40,42,9
WRIGHLO01,1970,Lonnie,Wright,DEN,A,72,1398,508,0,0,153,116,0,0,NULL,162,558,199,133,93,74,17
ZELLEGA01,1970,Gary,Zeller,BAL,N,50,226,83,0,0,27,7,0,0,0,43,115,34,28,15,0,0
ZOPFBI01,1970,Bill,Zopf,MIL,N,53,398,118,0,0,46,73,0,0,0,34,135,49,36,20,0,0
ABDULKA01,1971,Kareem,Abdul-jabbar,MIL,N,81,3583,2822,0,0,1346,370,0,0,0,235,2019,1159,732,504,0,0
ADAMSDO01,1971,Don,Adams,TOT,N,73,2071,831,0,0,502,140,0,0,0,266,798,313,275,205,0,0
ADAMSDO01,1971,Don,Adams,HOU,N,3,41,13,0,0,8,3,0,0,0,7,19,6,2,1,0,0
ADAMSDO01,1971,Don,Adams,ATL,N,70,2030,818,0,0,494,137,0,0,0,259,779,307,273,204,0,0
ADELMRI01,1971,Rick,Adelman,POR,N,80,2445,809,0,0,229,413,0,0,0,209,753,329,201,151,0,0
ALLENLU01,1971,Lucius,Allen,MIL,N,80,2316,1080,0,0,254,333,0,0,0,214,874,441,259,198,0,0
ALLENWI01,1971,Willie,Allen,FLA,A,7,30,13,0,0,14,4,0,0,6,11,13,4,6,5,0,0
ALLISOD01,1971,Odis,Allison,GSW,N,36,166,67,0,0,45,10,0,0,0,34,78,17,61,33,0,0
ARCHINA01,1971,Nate,Archibald,CIN,N,76,3272,2145,0,0,222,701,0,0,0,198,1511,734,824,677,0,0
ARDJI01,1971,Jim,Ard,NYN,A,71,1145,397,0,0,368,34,0,0,98,150,353,159,127,77,8,2
AWTREDE01,1971,Dennis,Awtrey,PHI,N,58,794,245,0,0,248,51,0,0,0,141,222,98,76,49,0,0
BARNEDI01,1971,Dick,Barnett,NYK,N,79,2256,964,0,0,153,198,0,0,0,229,918,401,215,162,0,0
BARNEJI02,1971,Jim,Barnett,GSW,N,80,2200,992,0,0,250,309,0,0,0,189,915,374,292,244,0,0
BARNHJO01,1971,John,Barnhill,IND,A,19,194,68,0,0,19,16,0,0,12,16,87,28,15,8,35,4
BARRYRI01,1971,Rick,Barry,NYN,A,80,3616,2518,0,0,602,327,0,0,263,261,1969,902,730,641,237,73
BARTOVI01,1971,Vic,Bartolome,GSW,N,38,165,34,0,0,60,3,0,0,0,22,59,15,5,4,0,0
BAUMJO01,1971,Johnny,Baum,NYN,A,44,551,247,0,0,135,17,0,0,24,75,170,103,52,41,0,0
BAYLOEL01,1971,Elgin,Baylor,LAL,N,9,239,106,0,0,57,18,0,0,0,20,97,42,27,22,0,0
BEARDBU01,1971,Butch,Beard,CLE,N,68,2434,1048,0,0,276,456,0,0,0,213,849,394,342,260,0,0
BEASLJO01,1971,John,Beasley,UTS,A,70,885,333,0,0,290,39,0,0,36,107,284,132,75,61,25,8
BEATYZE01,1971,Zelmo,Beaty,UTS,A,84,3133,1980,0,0,1110,125,0,0,223,315,1353,729,630,522,7,0
BECKBY01,1971,Byron,Beck,DEN,A,66,1816,814,0,0,528,136,0,0,96,213,669,337,166,140,3,0
BECKEAR01,1971,Art,Becker,DEN,A,84,2193,1035,0,0,471,113,0,0,132,271,954,435,195,165,3,0
BELLAWA01,1971,Walt,Bellamy,ATL,N,82,3187,1526,0,0,1049,262,0,0,0,255,1089,593,581,340,0,0
BINGDA01,1971,Dave,Bing,DET,N,45,1936,1016,0,0,186,317,0,0,0,138,891,369,354,278,0,0
BLOCKJO01,1971,John,Block,MIL,N,79,1524,672,0,0,410,95,0,0,0,213,530,233,275,206,0,0
BOERWTO01,1971,Tom,Boerwinkle,CHI,N,80,2022,556,0,0,897,281,0,0,0,253,500,219,180,118,0,0
BOONERO01,1971,Ron,Boone,UTS,A,84,2040,1092,0,0,393,233,0,0,215,274,962,404,341,271,65,13
BOWMANA01,1971,Nate,Bowman,PTC,A,18,217,43,0,0,87,13,0,0,17,48,53,19,9,5,1,0
BRADLBI01,1971,Bill,Bradley,NYK,N,78,2780,1177,0,0,250,315,0,0,0,254,1085,504,199,169,0,0
BRIDGBI01,1971,Bill,Bridges,ATL,N,14,546,133,0,0,190,40,0,0,0,50,134,51,44,31,0,0
BRIDGBI01,1971,Bill,Bridges,PHI,N,64,2210,847,0,0,861,158,0,0,0,219,645,328,272,191,0,0
BRIDGBI01,1971,Bill,Bridges,TOT,N,78,2756,980,0,0,1051,198,0,0,0,269,779,379,316,222,0,0
BRISKJO01,1971,John,Brisker,PTC,A,49,2065,1417,0,0,447,203,0,0,210,156,1228,563,286,248,137,43
BROWNFR01,1971,Fred,Brown,SEA,N,33,359,140,0,0,37,60,0,0,0,44,180,59,29,22,0,0
BROWNLA01,1971,Larry,Brown,DEN,A,76,2012,689,0,0,166,549,0,0,217,207,556,243,244,198,25,5
BROWNRO01,1971,Rogera,Brown,IND,A,78,2987,1444,0,0,502,306,0,0,214,227,1112,532,401,323,185,57
BRYANEM01,1971,Emmette,Bryant,BUF,N,54,1223,277,0,0,127,206,0,0,0,167,220,101,125,75,0,0
BUNTIBI01,1971,Bill,Bunting,VIR,A,16,115,20,0,0,15,3,0,0,5,11,15,4,17,12,1,0
BUTLEMI02,1971,Mike,Butler,UTS,A,14,97,37,0,0,10,13,0,0,12,18,36,14,7,6,9,3
CALDWJO01,1971,Joe,Caldwell,CAR,A,61,2145,1032,0,0,343,259,0,0,164,208,922,434,318,159,20,5
CALVIMA01,1971,Mack,Calvin,FLA,A,82,2977,1726,0,0,274,481,0,0,261,270,1253,552,701,611,48,11
CANNOLA01,1971,Larry,Cannon,IND,A,54,1171,623,0,0,107,150,0,0,105,124,610,228,221,164,14,3
CARDFR01,1971,Frank,Card,DEN,A,82,1584,600,0,0,358,86,0,0,124,220,543,235,197,130,2,0
CARRAU01,1971,Austin,Carr,CLE,N,43,1539,911,0,0,150,148,0,0,0,99,894,381,196,149,0,0
CARRIDA01,1971,Darel,Carrier,KEN,A,23,629,326,0,0,57,44,0,0,38,64,288,117,88,76,37,16
CARTEFR01,1971,Fred,Carter,BAL,N,2,68,15,0,0,19,12,0,0,0,7,27,6,9,3,0,0
CARTEFR01,1971,Fred,Carter,TOT,N,79,2215,1074,0,0,326,211,0,0,0,242,1018,446,293,182,0,0
CARTEFR01,1971,Fred,Carter,PHI,N,77,2147,1059,0,0,307,199,0,0,0,235,991,440,284,179,0,0
CARTEGE01,1971,George,Carter,PTC,A,75,2623,1464,0,0,506,128,0,0,190,220,1227,538,474,388,10,0
CATLESI01,1971,Sid,Catlett,CIN,N,9,40,6,0,0,4,1,0,0,0,3,9,2,9,2,0,0
CHAMBJE01,1971,Jerry,Chambers,BUF,N,26,369,178,0,0,67,23,0,0,0,39,180,78,32,22,0,0
CHAMBWI01,1971,Wilt,Chamberlain,LAL,N,82,3469,1213,0,0,1572,329,0,0,0,196,764,496,524,221,0,0
CHANEDO01,1971,Don,Chaney,BOS,N,79,2275,943,0,0,395,202,0,0,0,295,786,373,255,197,0,0
CHAPMWA01,1971,Wayne,Chapman,IND,A,7,76,18,0,0,5,11,0,0,6,10,18,7,6,3,2,1
CHAPPLE01,1971,Len,Chappell,DLC,A,79,1403,606,0,0,318,69,0,0,63,158,511,231,193,144,0,0
CHENIPH01,1971,Phil,Chenier,BAL,N,81,2481,996,0,0,268,205,0,0,0,191,981,407,247,182,0,0
CHRISBO01,1971,Bob,Christian,ATL,N,56,485,176,0,0,181,28,0,0,0,77,142,66,61,44,0,0
CLARKAR01,1971,Archie,Clark,BAL,N,76,3243,1909,0,0,265,606,0,0,0,191,1500,701,656,507,0,0
CLARKAR01,1971,Archie,Clark,PHI,N,1,42,29,0,0,3,7,0,0,0,3,16,11,11,7,0,0
CLARKAR01,1971,Archie,Clark,TOT,N,77,3285,1938,0,0,268,613,0,0,0,194,1516,712,667,514,0,0
CLEAMJI01,1971,Jim,Cleamons,LAL,N,38,201,98,0,0,39,35,0,0,0,21,100,35,36,28,0,0
CLEMEJO01,1971,John,Clemens,SEA,N,82,1447,580,0,0,288,64,0,0,0,198,484,252,90,76,0,0
COLLIJI01,1971,Jimmy,Collins,CHI,N,19,134,62,0,0,12,10,0,0,0,11,71,26,11,10,0,0
COMBSGL01,1971,Glen,Combs,UTS,A,84,2906,1388,0,0,215,306,0,0,191,255,1109,483,380,319,254,103
CONGDJE01,1971,Jeff,Congdon,DLC,A,20,261,80,0,0,26,36,0,0,13,19,86,30,20,17,7,3
COUNTME01,1971,Mel,Counts,PHO,N,76,906,395,0,0,257,96,0,0,0,159,344,147,140,101,0,0
COWENDA01,1971,Dave,Cowens,BOS,N,79,3186,1489,0,0,1203,245,0,0,0,314,1357,657,243,175,0,0
CROSSPE01,1971,Pete,Cross,SEA,N,74,1424,407,0,0,509,63,0,0,0,135,355,152,140,103,0,0
CUNNIBI01,1971,Billy,Cunningham,PHI,N,75,2900,1744,0,0,918,443,0,0,0,295,1428,658,601,428,0,0
CUNNIDI01,1971,Dick,Cunningham,HOU,N,63,720,171,0,0,243,57,0,0,0,76,174,67,53,37,0,0
DAMPILO01,1971,Lou,Dampier,KEN,A,83,3214,1319,0,0,259,515,0,0,211,237,1078,477,336,281,233,84
DANDRBO01,1971,Bob,Dandridge,MIL,N,80,2957,1475,0,0,613,249,0,0,0,297,1264,630,291,215,0,0
DANIEME01,1971,Mel,Daniels,IND,A,79,2971,1513,0,0,1297,176,0,0,239,289,1184,598,451,317,6,0
DAVISCH01,1971,Charlie,Davis,CLE,N,61,1144,600,0,0,92,123,0,0,0,143,569,229,169,142,0,0
DAVISJI01,1971,Jim,Davis,ATL,N,11,119,26,0,0,36,8,0,0,0,14,33,8,18,10,0,0
DAVISJI01,1971,Jim,Davis,HOU,N,12,180,62,0,0,44,5,0,0,0,18,54,18,38,26,0,0
DAVISJI01,1971,Jim,Davis,DET,N,52,684,306,0,0,196,38,0,0,0,106,251,121,98,64,0,0
DAVISJI01,1971,Jim,Davis,TOT,N,75,983,394,0,0,276,51,0,0,0,138,338,147,154,100,0,0
DAVISLE01,1971,Lee,Davis,MMP,A,58,550,228,0,0,178,21,0,0,25,90,231,101,43,25,8,1
DAVISMI01,1971,Mike,Davis,BUF,N,62,1068,564,0,0,120,82,0,0,0,141,501,213,180,138,0,0
DAVISMI02,1971,Mickey,Davis,PTC,A,23,126,64,0,0,41,9,0,0,17,23,63,25,20,14,2,0
DAVISWA02,1971,Warren,Davis,MMP,A,86,2331,881,0,0,693,180,0,0,187,279,701,337,299,207,2,0
DEBUSDA01,1971,Dave,Debusschere,NYK,N,80,3072,1233,0,0,901,291,0,0,0,219,1218,520,265,193,0,0
DENTORA01,1971,Randy,Denton,MMP,A,81,2039,995,0,0,740,66,0,0,111,180,935,430,168,135,2,0
DEPREJO01,1971,Joe,Depre,NYN,A,46,562,194,0,0,49,45,0,0,66,80,201,79,54,34,6,2
DIETRCO01,1971,Coby,Dietrick,MMP,A,1,9,2,0,0,7,1,0,0,1,1,2,1,2,0,0,0
DINKIJA01,1971,Jackie,Dinkins,CHI,N,18,89,45,0,0,20,7,0,0,0,10,41,17,20,11,0,0
DINWIBI01,1971,Bill,Dinwiddie,MIL,N,23,144,37,0,0,32,9,0,0,0,23,57,16,9,5,0,0
DISCHTE01,1971,Terry,Dischinger,DET,N,79,2062,746,0,0,338,92,0,0,0,289,574,295,200,156,0,0
DORSERO01,1971,Ron,Dorsey,CAR,A,1,12,4,0,0,5,0,0,0,1,2,8,2,2,0,1,0
DOVERJE01,1971,Jerry,Dover,MMP,A,4,13,8,0,0,0,1,0,0,0,3,9,3,0,0,5,2
DOVESO01,1971,Sonny,Dove,NYN,A,2,9,6,0,0,1,1,0,0,2,4,5,2,3,2,0,0
DRISCTE01,1971,Terry,Driscoll,BAL,N,40,313,107,0,0,109,23,0,0,0,53,104,40,39,27,0,0
DURHAJA01,1971,Jarrett,Durham,NYN,A,1,1,0,0,0,0,0,0,0,1,0,0,0,0,0,0,0
DURREKE01,1971,Ken,Durrett,CIN,N,19,233,83,0,0,39,14,0,0,0,41,79,31,28,21,0,0
EAKINJI01,1971,Jim,Eakins,VIR,A,84,2718,1030,0,0,807,181,0,0,189,298,764,371,377,288,0,0
EGANJO01,1971,Johnny,Egan,HOU,N,38,437,110,0,0,26,51,0,0,0,55,104,42,32,26,0,0
ELLISJO01,1971,Joe,Ellis,GSW,N,78,1462,655,0,0,389,97,0,0,0,224,681,280,132,95,0,0
ELLISLE01,1971,Leroy,Ellis,LAL,N,74,1081,342,0,0,310,46,0,0,0,115,300,138,95,66,0,0
ERICKKE01,1971,Keith,Erickson,LAL,N,15,262,86,0,0,39,35,0,0,0,26,83,40,7,6,0,0
ERVINJU01,1971,Julius,Erving,VIR,A,84,3513,2290,0,0,1319,335,0,0,342,264,1826,910,627,467,16,3
FIELDBO01,1971,Bobby,Fields,UTS,A,22,124,54,0,0,30,20,0,0,21,33,48,22,13,8,7,2
FILLMGR01,1971,Greg,Fillmore,NYK,N,10,67,15,0,0,15,3,0,0,0,17,27,7,3,1,0,0
FINKEHA01,1971,Hank,Finkel,BOS,N,78,736,249,0,0,251,61,0,0,0,118,254,103,74,43,0,0
FISHERI01,1971,Rick,Fisher,UTS,A,12,66,37,0,0,32,5,0,0,4,9,34,18,1,1,0,0
FORDJA01,1971,Jake,Ford,SEA,N,26,181,92,0,0,11,26,0,0,0,21,66,33,33,26,0,0
FOSTEFR01,1971,Fred,Foster,PHI,N,74,1699,879,0,0,276,90,0,0,0,184,837,347,243,185,0,0
FOXJI01,1971,Jim,Fox,CHI,N,10,133,60,0,0,54,6,0,0,0,21,53,20,28,20,0,0
FOXJI01,1971,Jim,Fox,CIN,N,71,2047,875,0,0,659,80,0,0,0,236,735,334,269,207,0,0
FOXJI01,1971,Jim,Fox,TOT,N,81,2180,935,0,0,713,86,0,0,0,257,788,354,297,227,0,0
FRANZRO01,1971,Ron,Franz,FLA,A,74,1822,857,0,0,342,94,0,0,97,209,705,342,243,171,11,2
FRAZIWA01,1971,Walt,Frazier,NYK,N,77,3126,1788,0,0,513,446,0,0,0,185,1307,669,557,450,0,0
FREEMDO01,1971,Donnie,Freeman,DLC,A,72,2377,1733,0,0,206,245,0,0,176,177,1336,628,576,475,5,2
FULLECA01,1971,Carl,Fuller,FLA,A,6,63,21,0,0,28,6,0,0,7,11,14,6,15,9,0,0
GALEMI01,1971,Mike,Gale,KEN,A,78,1701,497,0,0,271,200,0,0,113,206,447,201,140,95,3,0
GARREEL01,1971,Eldo,Garrett,BUF,N,73,1905,786,0,0,225,165,0,0,0,225,735,325,157,136,0,0
GIBBSDI01,1971,Dick,Gibbs,HOU,N,64,757,235,0,0,140,51,0,0,0,127,265,90,66,55,0,0
GILLIHE01,1971,Herm,Gilliam,ATL,N,82,2337,835,0,0,335,377,0,0,0,232,774,345,173,145,0,0
GILMOAR01,1971,Artis,Gilmore,KEN,A,84,3666,2003,0,0,1491,230,0,422,335,280,1348,806,605,391,0,0
GLOVECL01,1971,Clarence,Glover,BOS,N,25,119,65,0,0,46,4,0,0,0,26,55,25,32,15,0,0
GOODRGA01,1971,Gail,Goodrich,LAL,N,82,3040,2127,0,0,295,365,0,0,0,210,1695,826,559,475,0,0
GOVANGE01,1971,Gerald,Govan,MMP,A,83,3414,716,0,0,1182,348,0,0,241,260,719,277,230,162,0,0
GREACBO01,1971,Bob,Greacen,NYN,A,4,20,2,0,0,2,1,0,0,2,1,2,1,0,0,0,0
GREENJO01,1971,Johnny,Green,CIN,N,82,1914,803,0,0,560,120,0,0,0,238,582,331,250,141,0,0
GREENLA01,1971,Lamar,Green,PHO,N,67,991,332,0,0,348,45,0,0,0,134,298,133,90,66,0,0
GREERHA01,1971,Hal,Greer,PHI,N,81,2410,959,0,0,271,316,0,0,0,268,866,389,234,181,0,0
GREGOGA01,1971,Gary,Gregor,POR,N,82,2371,912,0,0,591,187,0,0,0,201,884,399,151,114,0,0
GROSSMI01,1971,Mike,Grosso,PTC,A,25,335,103,0,0,123,11,0,0,20,64,102,45,23,13,0,0
GUOKAMA01,1971,Matt,Guokas,CIN,N,61,1975,446,0,0,142,321,0,0,0,150,385,191,83,64,0,0
HAIRSHA01,1971,Happy,Hairston,LAL,N,80,2748,1047,0,0,1045,193,0,0,0,251,798,368,399,311,0,0
HALIMSH01,1971,Shaler,Halimon,DLC,A,56,774,308,0,0,156,72,0,1,46,89,294,123,86,62,2,0
HALLIJE01,1971,Jeff,Halliburton,ATL,N,37,288,147,0,0,37,20,0,0,0,50,133,61,30,25,0,0
HAMILJO01,1971,Joe,Hamilton,DLC,A,82,1959,881,0,0,194,240,0,0,110,202,791,317,256,201,132,46
HAMMOJU01,1971,Julian,Hammond,DEN,A,25,411,163,0,0,115,29,0,0,30,47,140,66,50,31,0,0
HARGEIR01,1971,Ira,Harge,FLA,A,84,2264,732,0,0,780,130,0,0,163,267,679,314,150,104,1,0
HARRIAR01,1971,Art,Harris,PHO,N,21,145,55,0,0,13,18,0,0,0,26,70,23,21,9,0,0
HASKICL01,1971,Clem,Haskins,PHO,N,79,2453,1238,0,0,270,290,0,0,0,194,1054,509,258,220,0,0
HAVLIJO01,1971,John,Havlicek,BOS,N,82,3698,2252,0,0,672,614,0,0,0,183,1957,897,549,458,0,0
HAWKICO01,1971,Connie,Hawkins,PHO,N,76,2798,1598,0,0,633,296,0,0,0,235,1244,571,565,456,0,0
HAYESEL01,1971,Elvin,Hayes,HOU,N,82,3461,2063,0,0,1197,270,0,0,0,233,1918,832,615,399,0,0
HAYWOSP01,1971,Spencer,Haywood,SEA,N,73,3167,1914,0,0,926,148,0,0,0,208,1557,717,586,480,0,0
HAZZAWA01,1971,Walt,Hazzard,BUF,N,72,2389,1137,0,0,213,406,0,0,0,230,998,450,303,237,0,0
HEARDGA01,1971,Garfield,Heard,SEA,N,58,1499,459,0,0,442,55,0,0,0,126,474,190,128,79,0,0
HENRYAL01,1971,Al,Henry,PHI,N,43,421,187,0,0,137,8,0,0,0,42,156,68,73,51,0,0
HEWITBI01,1971,Bill,Hewitt,DET,N,68,1203,303,0,0,370,71,0,0,0,134,277,131,82,41,0,0
HIGHTWA01,1971,Wayne,Hightower,CAR,A,13,141,70,0,0,43,11,0,0,12,19,64,20,36,30,2,0
HILLMDA01,1971,Darnell,Hillman,IND,A,73,1386,515,0,0,478,49,0,0,84,210,410,200,177,114,5,1
HILLSI01,1971,Simmie,Hill,DLC,A,70,1845,695,0,0,406,94,0,0,125,234,629,281,164,129,13,4
HILTOFR01,1971,Fred,Hilton,BUF,N,61,1349,708,0,0,156,116,0,0,0,145,795,309,122,90,0,0
HOSKEWI01,1971,Wilmer,Hosket,BUF,N,44,592,220,0,0,123,38,0,0,0,79,181,89,52,42,0,0
HOWARGR01,1971,Greg,Howard,CLE,N,48,426,139,0,0,108,27,0,0,0,50,131,50,51,39,0,0
HUDSOLO01,1971,Lou,Hudson,ATL,N,77,3042,1899,0,0,385,309,0,0,0,225,1540,775,430,349,0,0
HUMMEJO01,1971,John,Hummer,BUF,N,55,1186,284,0,0,229,72,0,0,0,178,290,113,124,58,0,0
HUNTELE01,1971,Les,Hunter,KEN,A,70,967,472,0,0,225,93,0,0,93,154,383,183,144,101,16,5
IMHOFDA01,1971,Darrall,Imhoff,CIN,N,9,76,23,0,0,27,2,0,0,0,22,29,10,8,3,0,0
IMHOFDA01,1971,Darrall,Imhoff,TOT,N,49,480,128,0,0,134,52,0,0,0,98,132,52,43,24,0,0
IMHOFDA01,1971,Darrall,Imhoff,POR,N,40,404,105,0,0,107,50,0,0,0,76,103,42,35,21,0,0
IRVINGE01,1971,George,Irvine,VIR,A,75,1362,457,0,0,217,70,0,0,74,202,397,200,75,54,10,3
ISSELDA01,1971,Dan,Issel,KEN,A,83,3570,2538,0,0,931,195,0,0,244,242,2001,972,753,591,11,3
JABALWA01,1971,Warren,Jabali,FLA,A,81,3313,1615,0,0,656,495,0,0,332,298,1304,569,496,375,285,102
JACKSLU01,1971,Lucious,Jackson,PHI,N,63,1083,366,0,0,309,88,0,0,0,141,346,137,133,92,0,0
JACKSME01,1971,Merv,Jackson,UTS,A,52,1136,467,0,0,123,155,0,0,88,150,412,185,109,92,15,5
JACKSPH01,1971,Phil,Jackson,NYK,N,80,1273,577,0,0,326,72,0,0,0,224,466,205,228,167,0,0
JOHNSGE02,1971,George,Johnson,DLC,A,67,1477,317,0,0,464,59,0,0,84,209,282,128,103,61,0,0
JOHNSGU01,1971,Gus,Johnson,BAL,N,39,668,249,0,0,226,51,0,0,0,91,269,103,63,43,0,0
JOHNSJO01,1971,John,Johnson,CLE,N,82,3041,1391,0,0,631,415,0,0,0,268,1286,557,353,277,0,0
JOHNSNE01,1971,Neil,Johnson,VIR,A,31,874,322,0,0,286,78,0,0,67,123,273,128,94,65,3,1
JOHNSST03,1971,Stew,Johnson,CAR,A,67,1534,825,0,0,382,88,0,0,91,159,874,368,99,73,47,16
JONESCO01,1971,Collis,Jones,DLC,A,78,1428,425,0,0,334,78,0,0,83,200,372,163,154,98,4,1
JONESJA01,1971,Jake,Jones,PHI,N,6,41,19,0,0,6,2,0,0,0,3,18,6,10,7,0,0
JONESJA01,1971,Jake,Jones,CIN,N,11,161,57,0,0,20,10,0,0,0,19,54,22,21,13,0,0
JONESJA01,1971,Jake,Jones,TOT,N,17,202,76,0,0,26,12,0,0,0,22,72,28,31,20,0,0
JONESJI01,1971,Jimmy,Jones,UTS,A,78,2903,1207,0,0,377,485,0,0,270,252,903,462,362,282,6,1
JONESLA01,1971,Larry,Jones,FLA,A,66,2255,1164,0,0,309,210,0,0,135,203,797,423,373,300,60,18
JONESNI01,1971,Nick,Jones,GSW,N,65,478,215,0,0,39,45,0,0,0,109,196,82,61,51,0,0
JONESRI01,1971,Rich,Jones,DLC,A,82,2932,1176,0,0,696,222,0,0,152,298,1053,475,279,212,47,14
JONESST01,1971,Steve,Jones,DLC,A,84,3091,1537,0,0,317,237,0,0,205,268,1343,572,422,367,78,26
JONESWA01,1971,Wali,Jones,MIL,N,48,1030,362,0,0,75,141,0,0,0,112,354,144,90,74,0,0
JONESWI01,1971,Wil,Jones,MMP,A,84,3098,1254,0,0,876,154,0,0,160,322,1078,506,320,240,16,2
KAUFFBO01,1971,Bob,Kauffman,BUF,N,77,3205,1457,0,0,787,297,0,0,0,273,1123,558,429,341,0,0
KELLEBI01,1971,Billy,Keller,IND,A,76,1729,737,0,0,164,264,0,0,131,118,619,264,174,153,169,56
KELLYAR01,1971,Arvesta,Kelly,PTC,A,12,112,30,0,0,15,14,0,0,8,20,29,13,4,3,3,1
KENNEGO01,1971,Goo,Kennedy,DLC,A,65,1453,556,0,0,485,65,0,0,75,262,406,234,133,88,0,0
KEYEJU01,1971,Julius,Keye,DEN,A,84,2557,492,0,0,982,153,0,0,139,346,476,192,174,108,2,0
KIMBATO01,1971,Toby,Kimball,MIL,N,74,971,258,0,0,312,60,0,0,0,137,229,107,81,44,0,0
KINGJI01,1971,Jim,King,CHI,N,73,1014,413,0,0,81,101,0,0,0,103,356,162,113,89,0,0
KINGLO01,1971,Loyd,King,MMP,A,74,1153,487,0,0,113,103,0,0,76,168,494,185,119,96,87,21
KNIGHRO01,1971,Ron,Knight,POR,N,49,483,255,0,0,116,33,0,0,0,52,257,112,62,31,0,0
KOJISDO01,1971,Don,Kojis,SEA,N,73,1857,832,0,0,335,82,0,0,0,168,687,322,237,188,0,0
KOMIVHO01,1971,Howard,Komives,DET,N,79,2071,688,0,0,172,291,0,0,0,196,702,262,203,164,0,0
KUBERST01,1971,Steve,Kuberski,BOS,N,71,1128,450,0,0,320,46,0,0,0,130,444,185,102,80,0,0
LACEYSA01,1971,Sam,Lacey,CIN,N,81,2832,939,0,0,968,173,0,0,0,284,972,410,169,119,0,0
LADNEWE01,1971,Wendell,Ladner,CAR,A,82,2446,1165,0,0,833,166,0,0,215,347,1287,491,159,122,236,61
LANIEBO01,1971,Bob,Lanier,DET,N,80,3092,2056,0,0,1132,248,0,0,0,297,1690,834,505,388,0,0
LANTZST01,1971,Stu,Lantz,HOU,N,81,3097,1501,0,0,345,337,0,0,0,211,1279,557,462,387,0,0
LATTIDA01,1971,Dave,Lattin,PTC,A,64,1482,806,0,0,375,51,0,0,108,178,605,329,242,148,1,0
LAYTODE01,1971,Dennis,Layton,PHO,N,80,1849,730,0,0,164,247,0,0,0,219,717,304,165,122,0,0
LEAKSEM01,1971,Manny,Leaks,UTS,A,69,1443,554,0,0,412,55,0,0,73,136,580,240,121,74,1,0
LEECL01,1971,Clyde,Lee,GSW,N,78,2674,632,0,0,1132,85,0,0,0,244,544,256,222,120,0,0
LEHMAGE02,1971,George,Lehman,CAR,A,53,1921,846,0,0,98,411,0,0,210,155,663,303,192,169,199,71
LEWISFR01,1971,Freddie,Lewis,IND,A,77,2714,1182,0,0,327,362,0,0,194,230,947,405,396,341,100,31
LEWISMI01,1971,Mike,Lewis,PTC,A,82,2618,935,0,0,996,316,0,0,237,315,713,385,226,165,0,0
LIGONGO01,1971,Goose,Ligon,PTC,A,82,2341,568,0,0,700,163,0,0,126,265,428,213,217,141,6,1
LITTLGE01,1971,Gene,Littles,CAR,A,69,2006,745,0,0,276,237,0,0,104,180,605,280,237,178,26,7
LONGWI01,1971,Willie,Long,FLA,A,75,1925,878,0,0,513,66,0,0,137,215,761,336,291,206,1,0
LOUGHKE01,1971,Kevin,Loughery,TOT,N,76,1871,945,0,0,183,196,0,0,0,213,809,341,320,263,0,0
LOUGHKE01,1971,Kevin,Loughery,BAL,N,2,42,13,0,0,5,8,0,0,0,5,17,4,8,5,0,0
LOUGHKE01,1971,Kevin,Loughery,PHI,N,74,1829,932,0,0,178,188,0,0,0,208,792,337,312,258,0,0
LOVEBO01,1971,Bob,Love,CHI,N,79,3108,2037,0,0,518,125,0,0,0,235,1854,819,509,399,0,0
LOVEST01,1971,Stan,Love,BAL,N,74,1327,587,0,0,338,52,0,0,0,202,536,242,140,103,0,0
LOWERCH01,1971,Chuck,Lowery,MIL,N,20,134,45,0,0,19,14,0,0,0,16,38,17,18,11,0,0
LUCASJE01,1971,Jerry,Lucas,NYK,N,77,2926,1283,0,0,1011,318,0,0,0,218,1060,543,249,197,0,0
MALOYMI01,1971,Mike,Maloy,VIR,A,7,73,26,0,0,17,2,0,0,9,14,35,12,2,2,0,0
MANNIED01,1971,Ed,Manning,CAR,A,77,1648,551,0,0,441,58,0,0,83,227,499,228,114,95,3,0
MARAVPE02,1971,Pete,Maravich,ATL,N,66,2302,1275,0,0,256,393,0,0,0,207,1077,460,438,355,0,0
MARINJA01,1971,Jack,Marin,BAL,N,78,2927,1736,0,0,528,169,0,0,0,240,1444,690,398,356,0,0
MARLAHA01,1971,Harvey,Marlatt,DET,N,31,506,156,0,0,62,60,0,0,0,64,149,60,42,36,0,0
MARSHJI01,1971,Jim,Marsh,POR,N,39,375,119,0,0,84,30,0,0,0,50,117,39,59,41,0,0
MASTED01,1971,Eddie,Mast,NYK,N,40,270,103,0,0,73,10,0,0,0,39,112,39,41,25,0,0
MAYDO01,1971,Don,May,ATL,N,75,1285,594,0,0,217,55,0,0,0,133,476,234,164,126,0,0
MCCARWI01,1971,Willie,Mccarter,POR,N,39,612,243,0,0,43,85,0,0,0,58,257,103,55,37,0,0
MCCLATE01,1971,Ted,Mcclain,CAR,A,64,900,419,0,0,120,120,0,0,116,144,415,148,142,110,53,13
MCDANJI01,1971,Jim,Mcdaniels,CAR,A,70,2407,1665,0,0,896,106,0,26,167,251,1399,710,342,245,0,0
MCDONRO01,1971,Rod,Mcdonald,UTS,A,33,231,95,0,0,74,18,0,0,23,40,76,34,37,27,2,0
MCGINGE01,1971,George,Mcginnis,IND,A,73,2179,1234,0,0,711,137,0,0,256,260,999,465,462,298,38,6
MCGLOJO01,1971,Jon,Mcglocklin,MIL,N,80,2213,857,0,0,181,231,0,0,0,146,733,374,126,109,0,0
MCGREGI01,1971,Gil,Mcgregor,CIN,N,42,532,171,0,0,148,18,0,0,0,120,182,66,56,39,0,0
MCINTKE01,1971,Kenny,Mcintosh,CHI,N,43,405,135,0,0,89,18,0,0,0,41,168,57,44,21,0,0
MCKENST01,1971,Stan,Mckenzie,POR,N,82,2036,1135,0,0,272,148,0,0,0,240,834,410,379,315,0,0
MCLEMMC01,1971,Mccoy,Mclemore,MIL,N,10,99,29,0,0,34,12,0,0,0,18,28,9,12,11,0,0
MCLEMMC01,1971,Mccoy,Mclemore,TOT,N,27,246,76,0,0,73,22,0,0,0,33,71,28,24,20,0,0
MCLEMMC01,1971,Mccoy,Mclemore,HOU,N,17,147,47,0,0,39,10,0,0,0,15,43,19,12,9,0,0
MCMILJI01,1971,Jim,Mcmillian,LAL,N,80,3050,1503,0,0,522,209,0,0,0,209,1331,642,277,219,0,0
MEELYCL01,1971,Cliff,Meely,HOU,N,77,1815,763,0,0,507,119,0,0,0,254,776,315,197,133,0,0
MELCHBI01,1971,Bill,Melchionni,NYN,A,80,3326,1682,0,0,248,669,0,0,314,275,1346,672,416,336,19,2
MEMINDE01,1971,Dean,Meminger,NYK,N,78,1173,357,0,0,185,103,0,0,0,137,293,139,140,79,0,0
MENGEJO01,1971,John,Mengelt,CIN,N,78,1438,782,0,0,148,146,0,0,0,163,605,287,252,208,0,0
MILESED01,1971,Eddie,Miles,NYK,N,42,198,62,0,0,16,17,0,0,0,46,64,23,18,16,0,0
MILLELA01,1971,Larry,Miller,CAR,A,83,3199,1529,0,0,399,235,0,0,191,232,1228,562,497,393,47,12
MIXST01,1971,Steve,Mix,TOT,N,9,108,39,0,0,24,4,1,0,0,7,48,16,12,7,0,0
MIXST01,1971,Steve,Mix,DET,N,8,104,37,0,0,23,4,0,0,0,7,47,15,12,7,0,0
MIXST01,1971,Steve,Mix,DEN,A,1,4,2,1,0,1,0,0,0,0,1,1,1,0,0,0,0
MOEDO01,1971,Doug,Moe,VIR,A,67,1472,455,0,0,241,149,0,0,112,172,415,175,129,104,9,1
MONROEA01,1971,Earl,Monroe,BAL,N,3,103,65,0,0,8,10,0,0,0,9,64,26,18,13,0,0
MONROEA01,1971,Earl,Monroe,NYK,N,60,1234,684,0,0,92,132,0,0,0,130,598,261,206,162,0,0
MONROEA01,1971,Earl,Monroe,TOT,N,63,1337,749,0,0,100,142,0,0,0,139,662,287,224,175,0,0
MOOREGE01,1971,Gene,Moore,NYN,A,77,1412,596,0,0,483,53,0,0,150,221,545,253,120,89,3,1
MOOREOT01,1971,Otto,Moore,PHO,N,81,1624,614,0,0,540,88,0,0,0,212,597,260,156,94,0,0
MORGARE01,1971,Rex,Morgan,BOS,N,28,150,55,0,0,30,17,0,0,0,34,50,16,31,23,0,0
MOUNTRI01,1971,Rick,Mount,IND,A,78,2126,1113,0,0,155,230,0,0,142,233,949,420,261,216,180,57
MUELLER01,1971,Erwin,Mueller,DET,N,42,605,179,0,0,147,57,0,0,0,64,197,68,74,43,0,0
MULLIJE01,1971,Jeff,Mullins,GSW,N,80,3214,1720,0,0,444,471,0,0,0,260,1466,685,441,350,0,0
MURPHCA01,1971,Calvin,Murphy,HOU,N,82,2538,1491,0,0,258,393,0,0,0,298,1255,571,392,349,0,0
MURREDO01,1971,Dorie,Murrey,BAL,N,51,421,110,0,0,126,17,0,0,0,76,113,43,39,24,0,0
NELSOBA01,1971,Barry,Nelson,MIL,N,28,102,35,0,0,20,7,0,0,0,21,36,15,10,5,0,0
NELSODO01,1971,Don,Nelson,BOS,N,82,2086,1134,0,0,453,192,0,0,0,220,811,389,452,356,0,0
NETOLBO01,1971,Bob,Netolicky,IND,A,83,2905,1250,0,0,764,83,0,0,166,185,1090,522,279,202,19,4
NEUMAJO01,1971,Johnny,Neumann,MMP,A,77,1969,1409,0,0,322,147,0,0,239,285,1328,545,385,293,128,26
NEWLIMI01,1971,Mike,Newlin,HOU,N,82,1495,620,0,0,228,135,0,0,0,233,618,256,144,108,0,0
NIEMARI01,1971,Rich,Niemann,DLC,A,33,524,121,0,0,155,24,0,0,27,87,98,48,34,25,0,0
NORWOWI01,1971,Willie,Norwood,DET,N,78,1272,584,0,0,316,43,0,0,0,229,440,222,215,140,0,0
OBRIEJI01,1971,Jimmy,Obrien,KEN,A,84,1778,418,0,0,206,373,0,0,152,189,436,173,80,65,32,7
OWENSTO01,1971,Tom,Owens,MMP,A,69,1118,504,0,0,390,51,0,0,83,170,402,197,175,109,5,1
PAGETDA01,1971,Dana,Pagett,VIR,A,5,34,5,0,0,3,6,0,0,3,8,9,1,3,2,3,1
PATTEST01,1971,Steve,Patterson,CLE,N,65,775,211,0,0,228,54,0,0,0,80,263,94,46,23,0,0
PAULKCH01,1971,Charlie,Paulk,CHI,N,7,60,23,0,0,15,4,0,0,0,7,28,8,9,7,0,0
PAULKCH01,1971,Charlie,Paulk,TOT,N,35,211,63,0,0,64,11,0,0,0,31,88,24,21,15,0,0
PAULKCH01,1971,Charlie,Paulk,NYK,N,28,151,40,0,0,49,7,0,0,0,24,60,16,12,8,0,0
PAULTBI01,1971,Billy,Paultz,NYN,A,83,2824,1203,0,0,1035,128,0,0,214,298,1021,498,299,207,3,0
PAYNETO01,1971,Tom,Payne,ATL,N,29,227,119,0,0,69,15,0,0,0,40,103,45,46,29,0,0
PEEPLGE01,1971,George,Peeples,DLC,A,6,125,29,0,0,35,5,0,0,9,10,25,11,11,7,0,0
PERRYCU01,1971,Curtis,Perry,HOU,N,25,355,88,0,0,122,22,0,0,0,47,115,38,24,12,0,0
PERRYCU01,1971,Curtis,Perry,MIL,N,50,1471,350,0,0,471,78,0,0,0,214,371,143,95,64,0,0
PERRYCU01,1971,Curtis,Perry,TOT,N,75,1826,438,0,0,593,100,0,0,0,261,486,181,119,76,0,0
PETRIGE01,1971,Geoff,Petrie,POR,N,60,2155,1132,0,0,133,248,0,0,0,108,1115,465,256,202,0,0
PHILLGE01,1971,Gene,Phillips,DLC,A,28,174,78,0,0,21,13,0,0,8,23,76,30,14,11,17,7
PIATKWA01,1971,Walt,Piatkowski,FLA,A,6,28,6,0,0,2,2,0,0,3,2,16,3,0,0,0,0
PORTEHO01,1971,Howard,Porter,CHI,N,67,730,401,0,0,183,24,0,0,0,88,403,171,77,59,0,0
PORTMBO01,1971,Bob,Portman,GSW,N,61,553,231,0,0,133,26,0,0,0,69,221,89,60,53,0,0
POWELCI01,1971,Cincy,Powell,KEN,A,65,2288,1049,0,0,500,237,0,0,178,219,907,430,256,185,13,4
PRATTMI01,1971,Mike,Pratt,KEN,A,65,889,366,0,0,158,98,0,0,81,151,301,133,98,84,40,16
PRICEMI01,1971,Mike,Price,NYK,N,10,65,25,0,0,11,7,4,0,4,10,23,8,11,9,0,0
QUICKBO01,1971,Bob,Quick,DET,N,24,261,138,0,0,65,12,9,0,4,29,97,47,55,44,0,0
RACKLLU01,1971,Luke,Rackley,CLE,N,9,65,23,0,0,21,3,0,0,0,3,25,11,4,1,0,0
RACKLLU01,1971,Luke,Rackley,TOT,N,71,683,256,0,0,208,21,0,0,0,107,240,103,88,50,0,0
RACKLLU01,1971,Luke,Rackley,NYK,N,62,618,233,0,0,187,18,0,0,0,104,215,92,84,49,0,0
RAYCL01,1971,Clifford,Ray,CHI,N,82,1872,578,0,0,869,254,0,0,0,296,445,222,218,134,0,0
RAYMOCR01,1971,Craig,Raymond,FLA,A,64,889,256,0,0,284,67,0,0,91,108,227,104,76,48,3,0
REEDWI01,1971,Willis,Reed,NYK,N,11,363,147,0,0,96,22,0,0,0,30,137,60,39,27,0,0
RIDGLJA01,1971,Jackie,Ridgle,CLE,N,32,107,57,0,0,15,7,0,0,0,15,44,19,26,19,0,0
RILEYPA01,1971,Pat,Riley,LAL,N,67,926,449,0,0,127,75,0,0,0,110,441,197,74,55,0,0
RINALRI01,1971,Rich,Rinaldi,BAL,N,39,159,104,0,0,18,15,0,0,0,25,104,42,30,20,0,0
RIORDMI01,1971,Mike,Riordan,NYK,N,4,33,8,0,0,1,2,0,0,0,2,11,4,1,0,0,0
RIORDMI01,1971,Mike,Riordan,BAL,N,54,1344,542,0,0,127,124,0,0,0,127,488,229,123,84,0,0
RIORDMI01,1971,Mike,Riordan,TOT,N,58,1377,550,0,0,128,126,0,0,0,129,499,233,124,84,0,0
ROBBIAU01,1971,Austin,Robbins,UTS,A,78,2567,954,0,0,711,124,0,0,86,171,752,379,201,167,71,29
ROBERMA01,1971,Marv,Roberts,DEN,A,68,1047,521,0,0,294,61,0,0,77,150,533,217,120,86,4,1
ROBEROS01,1971,Oscar,Robertson,MIL,N,64,2390,1114,0,0,323,491,0,0,0,116,887,419,330,276,0,0
ROBERRI01,1971,Rick,Roberson,CLE,N,63,2207,823,0,0,801,109,0,0,0,251,688,304,366,215,0,0
ROBINFL01,1971,Flynn,Robinson,LAL,N,64,1007,635,0,0,115,138,0,0,0,139,535,262,129,111,0,0
ROBINSA01,1971,Sam,Robinson,FLA,A,51,686,306,0,0,136,48,0,0,24,70,300,126,68,54,2,0
ROBISDA01,1971,Dave,Robisch,DEN,A,84,2420,1304,0,0,804,201,0,0,113,251,1138,505,419,294,5,0
ROCHEJO01,1971,John,Roche,NYN,A,82,2593,1058,0,0,172,259,0,0,188,211,859,403,311,240,35,12
ROWECU01,1971,Curtis,Rowe,DET,N,82,2661,930,0,0,699,99,0,0,0,171,802,369,287,192,0,0
RUFFNPA01,1971,Paul,Ruffner,PTC,A,79,1059,448,0,0,341,52,0,0,69,178,381,182,115,84,0,0
RULEBO01,1971,Bob,Rule,SEA,N,16,243,113,0,0,55,6,0,0,0,27,124,45,43,23,0,0
RULEBO01,1971,Bob,Rule,TOT,N,76,2230,1148,0,0,534,116,0,0,0,189,1058,461,335,226,0,0
RULEBO01,1971,Bob,Rule,PHI,N,60,1987,1035,0,0,479,110,0,0,0,162,934,416,292,203,0,0
RUSSECA01,1971,Cazzie,Russell,GSW,N,79,2902,1693,0,0,428,248,0,0,0,176,1514,689,378,315,0,0
RUSSEPI01,1971,Pierce,Russell,KEN,A,51,397,146,0,0,93,51,0,0,33,56,153,65,21,16,3,0
SANDETH01,1971,Thomas,Sanders,BOS,N,82,1631,541,0,0,353,98,0,0,0,257,524,215,136,111,0,0
SANFORO01,1971,Ron,Sanford,DLC,A,1,2,0,0,0,0,0,0,0,0,1,0,0,0,0,0,0
SCHLUDA01,1971,Dale,Schlueter,POR,N,81,2693,947,0,0,860,285,0,0,0,277,672,353,326,241,0,0
SCOTTCH01,1971,Charlie,Scott,VIR,A,79,3238,2637,0,0,397,373,0,19,340,261,2305,1033,675,542,110,29
SCOTTRA01,1971,Ray,Scott,VIR,A,55,818,417,0,0,252,40,0,0,55,90,393,163,114,89,4,2
SIDLEDO01,1971,Don,Sidle,MMP,A,69,960,475,0,0,234,26,0,0,56,96,384,175,195,124,10,1
SIEGFLA01,1971,Larry,Siegfried,HOU,N,10,223,48,0,0,10,20,0,0,0,21,46,18,14,12,0,0
SIEGFLA01,1971,Larry,Siegfried,ATL,N,21,335,70,0,0,32,52,0,0,0,32,77,25,23,20,0,0
SIEGFLA01,1971,Larry,Siegfried,TOT,N,31,558,118,0,0,42,72,0,0,0,53,123,43,37,32,0,0
SILASPA01,1971,Paul,Silas,PHO,N,80,3082,1403,0,0,955,343,0,0,0,201,1031,485,560,433,0,0
SIMONWA01,1971,Walt,Simon,KEN,A,67,1111,596,0,0,233,137,0,0,72,157,464,243,156,109,10,1
SIMPSRA01,1971,Ralph,Simpson,DEN,A,84,3006,2300,0,0,398,258,0,0,266,244,2000,920,568,457,22,3
SLOANJE01,1971,Jerry,Sloan,CHI,N,82,3035,1328,0,0,691,211,0,0,0,309,1206,535,391,258,0,0
SMITHAD01,1971,Adrian,Smith,VIR,A,53,686,268,0,0,46,42,0,0,34,89,195,87,103,92,11,2
SMITHAL01,1971,Al,Smith,DEN,A,83,1764,769,0,0,226,249,0,0,163,244,675,292,211,153,107,32
SMITHBI01,1971,Bingo,Smith,CLE,N,82,2734,1232,0,0,502,247,0,0,0,222,1190,527,224,178,0,0
SMITHBI02,1971,Bill,Smith,POR,N,22,448,182,0,0,135,19,0,0,0,73,173,72,64,38,0,0
SMITHDO01,1971,Don,Smith,SEA,N,58,1780,798,0,0,654,124,0,0,0,178,751,322,214,154,0,0
SMITHEL01,1971,Elmore,Smith,BUF,N,78,3186,1352,0,0,1184,111,0,0,0,306,1275,579,363,194,0,0
SMITHGA01,1971,Garfield,Smith,BOS,N,26,134,62,0,0,37,8,0,0,0,22,66,28,31,6,0,0
SMITHGR01,1971,Greg,Smith,MIL,N,28,737,235,0,0,161,63,0,0,0,92,198,97,58,41,0,0
SMITHGR01,1971,Greg,Smith,TOT,N,82,2256,729,0,0,483,222,0,0,0,259,671,309,168,111,0,0
SMITHGR01,1971,Greg,Smith,HOU,N,54,1519,494,0,0,322,159,0,0,0,167,473,212,110,70,0,0
SMITHRA01,1971,Randy,Smith,BUF,N,76,2094,1022,0,0,368,189,0,0,0,202,896,432,254,158,0,0
SNYDEDI01,1971,Dick,Snyder,SEA,N,73,2534,1210,0,0,228,283,0,0,0,200,937,496,259,218,0,0
SOJOUWI01,1971,Willie,Sojourner,VIR,A,84,1313,568,0,0,514,56,0,0,86,222,448,222,193,124,0,0
SORENDA01,1971,Dave,Sorenson,CLE,N,76,1162,532,0,0,301,81,0,0,0,120,475,213,136,106,0,0
STALLDA01,1971,Dave,Stallworth,NYK,N,14,225,95,0,0,35,25,0,0,0,31,88,33,35,29,0,0
STALLDA01,1971,Dave,Stallworth,BAL,N,64,1815,729,0,0,398,133,0,0,0,186,690,303,153,123,0,0
STALLDA01,1971,Dave,Stallworth,TOT,N,78,2040,824,0,0,433,158,0,0,0,217,778,336,188,152,0,0
STEELLA01,1971,Larry,Steele,POR,N,72,1311,366,0,0,282,161,0,0,0,198,308,148,97,70,0,0
STONEGE01,1971,George,Stone,CAR,A,24,381,124,0,0,62,25,0,0,22,40,123,49,28,25,9,1
SWIFTSK01,1971,Skeeter,Swift,PTC,A,79,2340,1059,0,0,200,309,0,0,252,277,856,401,265,224,100,33
SZCZEWA02,1971,Walt,Szczerbiak,PTC,A,53,598,333,0,0,150,41,0,0,50,100,237,149,53,35,2,0
TAYLOFA01,1971,Fatty,Taylor,VIR,A,84,2669,777,0,0,416,321,0,0,206,302,680,306,258,164,15,1
TAYLOFR01,1971,Fred,Taylor,PHO,N,13,69,16,0,0,17,7,0,0,0,8,27,6,13,4,0,0
TAYLOFR01,1971,Fred,Taylor,TOT,N,34,283,87,0,0,54,18,0,0,0,40,117,36,32,15,0,0
TAYLOFR01,1971,Fred,Taylor,CIN,N,21,214,71,0,0,37,11,0,0,0,32,90,30,19,11,0,0
TAYLOOL01,1971,Ollie,Taylor,NYN,A,82,1891,708,0,0,330,153,0,0,153,213,542,245,308,218,6,0
TAYLORO01,1971,Ron,Taylor,PTC,A,1,4,0,0,0,1,0,0,0,1,5,1,0,0,0,0,0
THOMPGE01,1971,George,Thompson,PTC,A,70,2904,1888,0,0,353,257,0,0,217,201,1448,696,584,455,132,41
THURMNA01,1971,Nate,Thurmond,GSW,N,78,3362,1673,0,0,1252,230,0,0,0,214,1454,628,561,417,0,0
TINSLGE01,1971,George,Tinsley,FLA,A,51,418,191,0,0,60,38,0,0,26,79,174,70,62,46,22,5
TOMJARU01,1971,Rudy,Tomjanovich,HOU,N,78,2689,1172,0,0,923,117,0,0,0,193,1010,500,238,172,0,0
TRAPPGE01,1971,George,Trapp,ATL,N,60,890,393,0,0,183,51,0,0,0,144,388,144,139,105,0,0
TRAPPJO01,1971,John,Trapp,LAL,N,58,759,329,0,0,180,42,0,0,0,130,314,139,73,51,0,0
TRESVJO01,1971,John,Tresvant,BAL,N,65,1227,445,0,0,323,83,0,0,0,175,360,162,148,121,0,0
TUCKEAL01,1971,Al,Tucker,FLA,A,81,1799,941,0,0,392,100,0,0,129,205,810,377,199,157,82,30
TURNEBI01,1971,Bill,Turner,GSW,N,62,597,182,0,0,131,22,0,0,0,67,181,71,53,40,0,0
UNSELWE01,1971,Wes,Unseld,BAL,N,76,3171,989,0,0,1336,278,0,0,0,218,822,409,272,171,0,0
VALLEJO01,1971,John,Vallely,ATL,N,9,110,53,0,0,11,9,0,0,0,13,43,20,20,13,0,0
VALLEJO01,1971,John,Vallely,HOU,N,40,256,115,0,0,21,28,0,0,0,37,128,49,25,17,0,0
VALLEJO01,1971,John,Vallely,TOT,N,49,366,168,0,0,32,37,0,0,0,50,171,69,45,30,0,0
VANARDI01,1971,Dick,Vanarsdale,PHO,N,82,3096,1619,0,0,334,297,0,0,0,232,1178,545,626,529,0,0
VANARTO01,1971,Tom,Vanarsdale,CIN,N,73,2598,1399,0,0,350,198,0,0,0,241,1205,550,396,299,0,0
VANLINO01,1971,Norm,Vanlier,TOT,N,79,2415,905,0,0,357,542,0,0,0,239,761,334,300,237,0,0
VANLINO01,1971,Norm,Vanlier,CIN,N,10,275,73,0,0,58,51,0,0,0,32,90,28,22,17,0,0
VANLINO01,1971,Norm,Vanlier,CHI,N,69,2140,832,0,0,299,491,0,0,0,207,671,306,278,220,0,0
VERGABO01,1971,Bob,Verga,PTC,A,70,2029,1222,0,0,237,253,0,0,224,198,1046,459,398,285,52,19
WALKECH01,1971,Chet,Walker,CHI,N,78,2588,1719,0,0,473,178,0,0,0,171,1225,619,568,481,0,0
WALKEJI01,1971,Jimmy,Walker,DET,N,78,3083,1665,0,0,231,315,0,0,0,198,1386,634,480,397,0,0
WALKNE01,1971,Neal,Walk,PHO,N,81,2142,1268,0,0,665,151,0,0,0,295,1057,506,344,256,0,0
WALLEDW01,1971,Dwight,Waller,DEN,A,2,10,4,0,0,5,1,0,0,1,3,4,2,0,0,0,0
WARNECO01,1971,Cornell,Warner,BUF,N,62,1239,382,0,0,379,54,0,0,0,125,366,162,78,58,0,0
WARREBO01,1971,Bobby,Warren,MMP,A,75,1801,850,0,0,259,182,0,0,140,165,707,313,268,213,55,11
WARREJO01,1971,Johnny,Warren,CLE,N,68,969,337,0,0,133,91,0,0,0,92,345,144,58,49,0,0
WASHIBO01,1971,Bobby,Washington,CLE,N,69,967,350,0,0,129,223,0,0,0,135,309,123,128,104,0,0
WASHIJI01,1971,Jim,Washington,ATL,N,67,2416,851,0,0,601,121,0,0,0,217,729,325,256,201,0,0
WASHIJI01,1971,Jim,Washington,PHI,N,17,545,191,0,0,135,25,0,0,0,59,156,68,67,55,0,0
WASHIJI01,1971,Jim,Washington,TOT,N,84,2961,1042,0,0,736,146,0,0,0,276,885,393,323,256,0,0
WASHITR01,1971,Trooper,Washington,NYN,A,80,2510,881,0,0,750,161,0,0,188,291,678,387,166,107,0,0
WEBBJE01,1971,Jeff,Webb,TOT,N,46,238,96,0,0,35,23,0,0,0,29,100,40,23,16,0,0
WEBBJE01,1971,Jeff,Webb,MIL,N,19,109,29,0,0,18,7,0,0,0,8,35,9,13,11,0,0
WEBBJE01,1971,Jeff,Webb,PHO,N,27,129,67,0,0,17,16,0,0,0,21,65,31,10,5,0,0
WEBSTEL01,1971,Elnardo,Webster,MMP,A,19,237,122,0,0,44,16,0,0,35,39,109,50,29,21,4,1
WEISSBO01,1971,Bob,Weiss,CHI,N,82,2450,928,0,0,170,377,0,0,0,212,832,358,254,212,0,0
WESLEWA01,1971,Walt,Wesley,CLE,N,82,2185,1020,0,0,711,76,0,0,0,245,1006,412,291,196,0,0
WESTJE01,1971,Jerry,West,LAL,N,77,2973,1985,0,0,327,747,0,0,0,209,1540,735,633,515,0,0
WETZEJO01,1971,John,Wetzel,PHO,N,51,419,86,0,0,65,56,0,0,0,71,82,31,30,24,0,0
WHITEJO01,1971,Jojo,White,BOS,N,79,3261,1825,0,0,446,416,0,0,0,227,1788,770,343,285,0,0
WICKSSI01,1971,Sidney,Wicks,POR,N,82,3245,2009,0,0,943,350,0,0,0,186,1837,784,621,441,0,0
WILKELE01,1971,Lenny,Wilkens,SEA,N,80,2989,1438,0,0,338,766,0,0,0,209,1027,479,620,480,0,0
WILLIAR01,1971,Arthur,Williams,BOS,N,81,1326,412,0,0,256,327,0,0,0,204,339,161,119,90,0,0
WILLIBE01,1971,Bernie,Williams,VIR,A,78,1667,829,0,0,154,134,0,0,123,178,816,349,142,113,65,18
WILLICH01,1971,Charlie,Williams,MMP,A,82,2583,1295,0,0,228,253,0,0,233,250,1258,480,395,294,174,41
WILLICH02,1971,Chuck,Williams,DEN,A,84,1580,731,0,0,157,160,0,0,98,144,583,263,275,205,4,0
WILLIMI02,1971,Milt,Williams,ATL,N,10,127,67,0,0,4,20,0,0,0,18,53,23,29,21,0,0
WILLINA01,1971,Nate,Williams,CIN,N,81,2173,963,0,0,372,174,0,0,0,300,968,418,172,127,0,0
WILLIRO01,1971,Ron,Williams,GSW,N,80,1932,777,0,0,147,308,0,0,0,232,614,291,234,195,0,0
WILSOIS01,1971,Isaiah,Wilson,DET,N,48,322,167,0,0,47,41,0,0,0,32,177,63,56,41,0,0
WILSOST01,1971,Steve,Wilson,DEN,A,9,36,14,0,0,4,6,0,0,3,9,23,5,7,4,2,0
WINFILE01,1971,Lee,Winfield,SEA,N,81,2040,861,0,0,218,290,0,0,0,198,692,343,262,175,0,0
WINKLMA01,1971,Marv,Winkler,IND,A,20,155,40,0,0,16,12,0,0,12,16,54,15,14,8,4,2
WISEWI01,1971,Willie,Wise,UTS,A,84,3300,1951,0,0,894,286,0,0,282,299,1471,743,633,459,18,6
WOHLDA01,1971,Dave,Wohl,PHI,N,79,1628,642,0,0,150,228,0,0,0,229,567,243,206,156,0,0
WRIGHHO01,1971,Howie,Wright,KEN,A,1,4,0,0,0,0,0,0,0,1,0,0,0,1,0,0,0
WRIGHLO01,1971,Lonnie,Wright,FLA,A,77,1638,618,0,0,158,133,0,0,89,197,599,252,117,95,73,19
YATESBA01,1971,Barry,Yates,PHI,N,24,144,69,0,0,40,7,0,0,0,14,83,31,11,7,0,0
YELVECH01,1971,Charlie,Yelverton,POR,N,69,1227,545,0,0,201,81,0,0,0,145,530,206,188,133,0,0
ZELLEGA01,1971,Gary,Zeller,BAL,N,40,553,206,0,0,75,32,16,0,9,62,259,90,41,26,1,0
ABDULKA01,1972,Kareem,Abdul-jabbar,MIL,N,76,3254,2292,0,0,1224,379,0,0,0,208,1772,982,460,328,0,0
ADAMSDO01,1972,Don,Adams,DET,N,70,1798,652,0,0,419,112,0,0,0,220,640,257,176,138,0,0
ADAMSDO01,1972,Don,Adams,TOT,N,74,1874,675,0,0,441,117,0,0,0,231,678,265,184,145,0,0
ADAMSDO01,1972,Don,Adams,ATL,N,4,76,23,0,0,22,5,0,0,0,11,38,8,8,7,0,0
ADAMSGE01,1972,George,Adams,SDQ,A,60,865,373,0,0,205,64,0,0,67,97,312,153,83,65,7,2
ADELMRI01,1972,Rick,Adelman,POR,N,76,1822,501,0,0,157,294,0,0,0,155,525,214,102,73,0,0
ALLENLU01,1972,Lucius,Allen,MIL,N,80,2693,1237,0,0,279,426,0,0,0,188,1130,547,200,143,0,0
ARCHINA01,1972,Nate,Archibald,KCO,N,80,3681,2719,0,0,223,910,0,0,0,207,2106,1028,783,663,0,0
ARDJI01,1972,Jim,Ard,NYN,A,42,426,140,0,0,148,14,0,0,29,50,140,53,50,34,4,0
ARNZEBO01,1972,Bob,Arnzen,IND,A,23,111,46,0,0,23,3,0,0,0,12,38,20,8,6,3,0
AWTREDE01,1972,Dennis,Awtrey,PHI,N,3,37,7,0,0,14,2,0,0,0,8,7,3,4,1,0,0
AWTREDE01,1972,Dennis,Awtrey,CHI,N,79,1650,371,0,0,433,222,0,0,0,226,298,143,149,85,0,0
AWTREDE01,1972,Dennis,Awtrey,TOT,N,82,1687,378,0,0,447,224,0,0,0,234,305,146,153,86,0,0
BACONHE01,1972,Henry,Bacon,SDQ,A,47,425,166,0,0,82,38,0,0,64,72,164,60,73,44,10,2
BARNEDI01,1972,Dick,Barnett,NYK,N,51,514,192,0,0,41,50,0,0,0,52,226,88,30,16,0,0
BARNEJI02,1972,Jim,Barnett,GSW,N,82,2215,971,0,0,255,301,0,0,0,150,844,394,217,183,0,0
BARREMI01,1972,Mike,Barrett,SDQ,A,19,284,96,0,0,24,46,0,0,39,28,101,37,35,18,20,4
BARRMI01,1972,Mike,Barr,VIR,A,79,2076,720,0,0,227,254,0,0,185,220,612,289,188,141,4,1
BARRYRI01,1972,Rick,Barry,GSW,N,82,3075,1832,0,0,728,399,0,0,0,245,1630,737,397,358,0,0
BAUMJO01,1972,Johnny,Baum,NYN,A,75,1071,549,0,0,201,31,0,0,76,99,438,221,143,107,2,0
BEARDBU01,1972,Butch,Beard,SEA,N,73,1403,482,0,0,174,247,0,0,0,139,435,191,140,100,0,0
BEASLJO01,1972,John,Beasley,UTS,A,71,934,519,0,0,264,43,0,0,39,142,417,214,70,62,89,29
BEATYZE01,1972,Zelmo,Beaty,UTS,A,82,2804,1348,0,0,801,125,0,79,197,269,1002,521,381,306,1,0
BECKBY01,1972,Byron,Beck,DEN,A,77,2303,1092,0,0,537,107,0,0,126,267,879,466,198,158,7,2
BECKEAR01,1972,Art,Becker,NYN,A,14,96,43,0,0,18,1,0,0,5,6,28,16,11,11,1,0
BELLAWA01,1972,Walt,Bellamy,ATL,N,74,2802,1193,0,0,964,179,0,0,0,244,901,455,526,283,0,0
BIBBYHE01,1972,Henry,Bibby,NYK,N,55,475,229,0,0,82,64,0,0,0,67,205,78,86,73,0,0
BINGDA01,1972,Dave,Bing,DET,N,82,3361,1840,0,0,298,637,0,0,0,229,1545,692,560,456,0,0
BLOCKJO01,1972,John,Block,TOT,N,73,2041,1082,0,0,562,113,0,0,0,242,886,391,378,300,0,0
BLOCKJO01,1972,John,Block,KCO,N,25,483,224,0,0,120,19,0,0,0,69,180,80,76,64,0,0
BLOCKJO01,1972,John,Block,PHI,N,48,1558,858,0,0,442,94,0,0,0,173,706,311,302,236,0,0
BOERWTO01,1972,Tom,Boerwinkle,CHI,N,8,176,30,0,0,54,40,0,0,0,22,24,9,20,12,0,0
BOONERO01,1972,Ron,Boone,UTS,A,84,2585,1557,0,0,425,353,0,0,276,308,1136,566,479,415,40,10
BOYDFR01,1972,Fred,Boyd,PHI,N,82,2351,860,0,0,210,301,0,0,0,184,923,362,200,136,0,0
BRACEST01,1972,Steve,Bracey,ATL,N,70,1050,457,0,0,107,125,0,0,0,125,395,192,110,73,0,0
BRADLBI01,1972,Bill,Bradley,NYK,N,82,2998,1319,0,0,301,367,0,0,0,273,1252,575,194,169,0,0
BRIDGBI01,1972,Bill,Bridges,LAL,N,72,2491,705,0,0,782,196,0,0,0,261,597,286,190,133,0,0
BRIDGBI01,1972,Bill,Bridges,TOT,N,82,2867,845,0,0,904,219,0,0,0,296,722,333,255,179,0,0
BRIDGBI01,1972,Bill,Bridges,PHI,N,10,376,140,0,0,122,23,0,0,0,35,125,47,65,46,0,0
BRISKJO01,1972,John,Brisker,SEA,N,70,1633,898,0,0,319,150,0,0,0,169,809,352,236,194,0,0
BROWNFR01,1972,Fred,Brown,SEA,N,79,2320,1063,0,0,318,438,0,0,0,226,1035,471,148,121,0,0
BROWNRO01,1972,Rogera,Brown,IND,A,72,2177,909,0,0,348,204,0,0,120,181,700,332,247,203,118,42
BROWNRO02,1972,Rogerw,Brown,CAR,A,62,579,146,0,0,178,25,0,0,46,120,129,59,51,28,0,0
BROWNRO02,1972,Roger,Brown,LAL,N,1,5,1,0,0,0,0,0,0,0,1,0,0,3,1,0,0
BRUNSGE01,1972,George,Bruns,NYN,A,13,236,86,0,0,8,36,0,0,20,26,66,31,27,22,4,2
BUSEDO01,1972,Don,Buse,IND,A,77,1484,413,0,0,210,223,0,0,66,143,360,163,109,82,24,5
BUSTIDA01,1972,Dave,Bustion,DEN,A,47,355,158,0,0,101,21,0,0,54,82,133,58,59,42,0,0
CALDWJO01,1972,Joe,Caldwell,CAR,A,77,2739,1283,0,0,395,352,166,0,246,252,1118,555,405,172,6,1
CALHOCO01,1972,Corky,Calhoun,PHO,N,82,2025,493,0,0,338,76,0,0,0,214,450,211,96,71,0,0
CALVIMA01,1972,Mack,Calvin,CAR,A,84,2228,1467,0,0,215,301,0,0,247,219,944,478,582,500,28,11
CARDFR01,1972,Frank,Card,DEN,A,4,36,21,0,0,7,0,0,0,3,4,15,6,13,9,0,0
CARRAU01,1972,Austin,Carr,CLE,N,82,3097,1685,0,0,369,279,0,0,0,185,1575,702,342,281,0,0
CARRIDA01,1972,Darel,Carrier,MMT,A,16,190,75,0,0,14,10,0,0,15,21,60,23,26,24,12,5
CARTEFR01,1972,Fred,Carter,PHI,N,81,2993,1617,0,0,485,349,0,0,0,252,1614,679,368,259,0,0
CARTEGE01,1972,George,Carter,NYN,A,83,2976,1578,0,0,515,173,0,0,255,308,1249,569,529,440,9,0
CASHSA01,1972,Sam,Cash,MMT,A,7,52,20,0,0,19,0,0,0,5,11,18,4,17,12,0,0
CHAMBBI01,1972,Bill,Chamberlain,KEN,A,50,665,262,0,0,118,76,0,0,58,98,282,112,59,36,8,2
CHAMBJE01,1972,Jerry,Chambers,SDQ,A,43,885,512,0,0,190,46,0,0,55,102,468,199,130,112,10,2
CHAMBWI01,1972,Wilt,Chamberlain,LAL,N,82,3542,1084,0,0,1526,365,0,0,0,191,586,426,455,232,0,0
CHANEDO01,1972,Don,Chaney,BOS,N,79,2488,1038,0,0,449,221,0,0,0,276,859,414,267,210,0,0
CHENIPH01,1972,Phil,Chenier,BAL,N,71,2776,1398,0,0,288,301,0,0,0,160,1332,602,244,194,0,0
CHONEJI01,1972,Jim,Chones,NYN,A,82,2153,932,0,0,586,95,0,0,213,291,769,395,240,142,1,0
CHRISBO01,1972,Bob,Christian,ATL,N,55,759,230,0,0,305,47,0,0,0,111,155,85,79,60,0,0
CLARKAR01,1972,Archie,Clark,BAL,N,39,1477,715,0,0,129,275,0,0,0,111,596,302,137,111,0,0
CLEAMJI01,1972,Jim,Cleamons,CLE,N,80,1392,459,0,0,167,205,0,0,0,108,423,192,101,75,0,0
CLEMEJO01,1972,John,Clemens,CLE,N,72,1119,471,0,0,211,115,0,0,0,136,405,209,68,53,0,0
COMBSGL01,1972,Glen,Combs,UTS,A,50,1488,661,0,0,84,138,0,0,90,142,535,228,189,154,134,51
COUNTME01,1972,Mel,Counts,TOT,N,66,658,303,0,0,253,65,0,0,0,106,294,132,58,39,0,0
COUNTME01,1972,Mel,Counts,PHI,N,7,47,10,0,0,16,3,0,0,0,8,16,5,0,0,0,0
COUNTME01,1972,Mel,Counts,LAL,N,59,611,293,0,0,237,62,0,0,0,98,278,127,58,39,0,0
COWENDA01,1972,Dave,Cowens,BOS,N,82,3425,1684,0,0,1329,333,0,0,0,311,1637,740,262,204,0,0
CROSSPE01,1972,Pete,Cross,KCO,N,3,24,0,0,0,4,0,0,0,0,5,4,0,0,0,0,0
CROSSPE01,1972,Pete,Cross,SEA,N,26,133,20,0,0,57,11,0,0,0,24,21,6,18,8,0,0
CROSSPE01,1972,Pete,Cross,TOT,N,29,157,20,0,0,61,11,0,0,0,29,25,6,18,8,0,0
CUNNIBI01,1972,Billy,Cunningham,CAR,A,84,3248,2028,0,0,1012,530,216,0,381,309,1583,771,598,472,49,14
CUNNIDI01,1972,Dick,Cunningham,MIL,N,74,692,157,0,0,208,34,0,0,0,94,156,64,50,29,0,0
DAMPILO01,1972,Lou,Dampier,KEN,A,80,3039,1346,0,0,213,521,0,0,188,216,1143,515,334,262,155,54
DANDRBO01,1972,Bob,Dandridge,MIL,N,73,2852,1474,0,0,600,207,0,0,0,279,1353,638,251,198,0,0
DANIEME01,1972,Mel,Daniels,IND,A,81,3103,1497,0,0,1247,177,0,157,275,315,1217,587,446,322,4,1
DAVISBO01,1972,Bob,Davis,POR,N,9,41,16,0,0,5,2,0,0,0,5,28,6,6,4,0,0
DAVISCH01,1972,Charlie,Davis,CLE,N,6,86,44,0,0,5,10,0,0,0,20,41,20,7,4,0,0
DAVISCH01,1972,Charlie,Davis,TOT,N,75,1419,656,0,0,116,185,0,0,0,194,631,263,168,130,0,0
DAVISCH01,1972,Charlie,Davis,POR,N,69,1333,612,0,0,111,175,0,0,0,174,590,243,161,126,0,0
DAVISDW01,1972,Dwight,Davis,CLE,N,81,2151,762,0,0,563,118,0,0,0,297,748,293,222,176,0,0
DAVISED01,1972,Edward,Davis,MIL,N,74,1046,380,0,0,226,72,0,0,0,119,347,152,92,76,0,0
DAVISJI01,1972,Jim,Davis,DET,N,73,771,334,0,0,261,56,0,0,0,126,257,131,114,72,0,0
DAVISLE01,1972,Lee,Davis,MMT,A,78,2111,1037,0,0,608,82,0,0,96,266,871,453,209,131,3,0
DAVISMI01,1972,Mike,Davis,MMT,A,51,836,377,0,0,76,66,0,45,36,87,340,143,112,85,23,6
DAVISWA02,1972,Warren,Davis,MMT,A,73,1895,672,0,0,515,146,0,0,129,212,498,250,227,172,0,0
DEBUSDA01,1972,Dave,Debusschere,NYK,N,77,2827,1258,0,0,787,259,0,0,0,215,1224,532,260,194,0,0
DENTORA01,1972,Randy,Denton,MMT,A,66,2205,1124,0,0,820,98,0,0,124,197,979,472,237,177,8,3
DEPREJO01,1972,Joe,Depre,NYN,A,1,12,4,0,0,2,2,0,0,0,1,5,2,0,0,0,0
DIETRCO01,1972,Coby,Dietrick,DLC,A,77,1347,506,0,0,377,136,0,88,93,224,489,205,139,96,0,0
DISCHTE01,1972,Terry,Dischinger,POR,N,63,970,386,0,0,190,103,0,0,0,125,338,161,96,64,0,0
DRISCTE01,1972,Terry,Driscoll,BAL,N,1,5,0,0,0,3,0,0,0,0,1,1,0,0,0,0,0
DRISCTE01,1972,Terry,Driscoll,MIL,N,59,959,323,0,0,297,55,0,0,0,143,326,140,62,43,0,0
DRISCTE01,1972,Terry,Driscoll,TOT,N,60,964,323,0,0,300,55,0,0,0,144,327,140,62,43,0,0
DUDLECH01,1972,Charles,Dudley,SEA,N,12,99,34,0,0,6,16,0,0,0,15,23,10,16,14,0,0
DURREKE01,1972,Ken,Durrett,KCO,N,8,65,22,0,0,14,3,0,0,0,16,21,8,8,6,0,0
EAKINJI01,1972,Jim,Eakins,VIR,A,83,2559,1244,0,0,733,262,0,131,233,287,823,430,479,384,1,0
ELLISJO01,1972,Joe,Ellis,GSW,N,74,1054,467,0,0,282,88,0,0,0,143,487,199,93,69,0,0
ELLISLE01,1972,Leroy,Ellis,TOT,N,79,2600,971,0,0,777,139,0,0,0,199,969,421,161,129,0,0
ELLISLE01,1972,Leroy,Ellis,LAL,N,10,156,26,0,0,33,3,0,0,0,13,40,11,5,4,0,0
ELLISLE01,1972,Leroy,Ellis,PHI,N,69,2444,945,0,0,744,136,0,0,0,186,929,410,156,125,0,0
ENGLISC01,1972,Scott,English,PHO,N,29,196,93,0,0,44,15,0,0,0,38,93,36,29,21,0,0
ERICKKE01,1972,Keith,Erickson,LAL,N,76,1920,687,0,0,337,242,0,0,0,190,696,299,110,89,0,0
ERVINJU01,1972,Julius,Erving,VIR,A,71,2993,2268,0,0,867,298,181,127,326,197,1804,894,612,475,24,5
FINKEHA01,1972,Hank,Finkel,BOS,N,76,496,184,0,0,151,26,0,0,0,83,173,78,52,28,0,0
FORDBO01,1972,Bob,Ford,MMT,A,9,74,14,0,0,12,4,0,0,4,8,17,5,5,4,0,0
FORDCH01,1972,Chris,Ford,DET,N,74,1537,476,0,0,266,194,0,0,0,133,434,208,93,60,0,0
FOSTEFR01,1972,Fred,Foster,DET,N,63,1460,547,0,0,183,94,0,0,0,150,627,243,87,61,0,0
FOXHA01,1972,Harold,Fox,BUF,N,10,84,31,0,0,8,10,0,0,0,7,32,12,8,7,0,0
FOXJI01,1972,Jim,Fox,SEA,N,74,2439,846,0,0,827,176,0,0,0,239,613,316,265,214,0,0
FRANKWI01,1972,Will,Franklin,VIR,A,73,990,545,0,0,289,50,0,0,123,157,524,218,179,107,7,2
FRANZRO01,1972,Ron,Franz,DLC,A,60,914,442,0,0,192,68,0,0,78,112,303,148,201,145,4,1
FRAZIWA01,1972,Walt,Frazier,NYK,N,78,3181,1648,0,0,570,461,0,0,0,186,1389,681,350,286,0,0
FREEMDO01,1972,Donnie,Freeman,IND,A,77,2170,1103,0,0,219,195,0,0,160,225,933,412,343,277,6,2
GALEMI01,1972,Mike,Gale,KEN,A,81,1854,537,0,0,241,248,131,0,108,207,463,218,143,100,6,1
GARREEL01,1972,Eldo,Garrett,BUF,N,78,1805,778,0,0,209,217,0,0,0,217,813,341,110,96,0,0
GARRERO01,1972,Rowland,Garrett,CHI,N,35,211,125,0,0,61,8,0,0,0,29,118,52,31,21,0,0
GERVIGE01,1972,George,Gervin,VIR,A,30,689,424,0,0,128,34,0,0,54,72,341,161,118,96,26,6
GIANEJO01,1972,John,Gianelli,NYK,N,52,516,181,0,0,150,25,0,0,0,72,175,79,33,23,0,0
GIBBSDI01,1972,Dick,Gibbs,HOU,N,1,2,0,0,0,0,1,0,0,0,1,1,0,0,0,0,0
GIBBSDI01,1972,Dick,Gibbs,KCO,N,66,733,207,0,0,94,61,0,0,0,113,221,80,63,47,0,0
GIBBSDI01,1972,Dick,Gibbs,TOT,N,67,735,207,0,0,94,62,0,0,0,114,222,80,63,47,0,0
GILLIHE01,1972,Herm,Gilliam,ATL,N,76,2741,1065,0,0,399,482,0,0,0,257,1007,471,150,123,0,0
GILMOAR01,1972,Artis,Gilmore,KEN,A,84,3502,1743,0,0,1476,295,0,259,286,302,1228,687,572,368,2,1
GOODRGA01,1972,Gail,Goodrich,LAL,N,76,2697,1814,0,0,263,332,0,0,0,193,1615,750,374,314,0,0
GOVANGE01,1972,Gerald,Govan,UTS,A,84,2408,539,0,0,795,250,0,0,168,279,530,229,135,81,0,0
GRANTTR01,1972,Travis,Grant,LAL,N,33,153,125,0,0,52,7,0,0,0,19,116,51,26,23,0,0
GREENJO01,1972,Johnny,Green,KCO,N,66,1245,469,0,0,361,59,0,0,0,185,317,190,131,89,0,0
GREENLA01,1972,Lamar,Green,PHO,N,80,2048,537,0,0,746,89,0,0,0,263,520,224,118,89,0,0
GREENLU01,1972,Luther,Green,PHI,N,5,32,3,0,0,3,0,0,0,0,3,11,0,9,3,0,0
GREERHA01,1972,Hal,Greer,PHI,N,38,848,214,0,0,106,111,0,0,0,76,232,91,39,32,0,0
GREGOGA01,1972,Gary,Gregor,NYN,A,49,683,258,0,0,182,40,0,9,41,84,237,110,46,37,1,1
GUOKAMA01,1972,Matt,Guokas,KCO,N,79,2846,718,0,0,245,403,0,0,0,190,565,322,90,74,0,0
HAIRSHA01,1972,Happy,Hairston,LAL,N,28,939,456,0,0,370,68,0,0,0,77,328,158,178,140,0,0
HALIMSH01,1972,Shaler,Halimon,DLC,A,29,355,142,0,0,54,49,0,0,43,53,149,59,37,23,7,1
HALLIJE01,1972,Jeff,Halliburton,ATL,N,24,238,121,0,0,26,28,0,0,0,29,116,50,22,21,0,0
HALLIJE01,1972,Jeff,Halliburton,TOT,N,55,787,415,0,0,108,96,0,0,0,107,396,172,88,71,0,0
HALLIJE01,1972,Jeff,Halliburton,PHI,N,31,549,294,0,0,82,68,0,0,0,78,280,122,66,50,0,0
HAMILJO01,1972,Joe,Hamilton,DLC,A,83,2359,1015,0,0,215,325,0,0,143,247,902,370,262,209,191,66
HARGEIR01,1972,Ira,Harge,UTS,A,17,177,34,0,0,59,9,0,0,17,43,40,14,10,6,0,0
HASKICL01,1972,Clem,Haskins,PHO,N,77,1581,808,0,0,173,203,0,0,0,143,731,339,156,130,0,0
HAVLIJO01,1972,John,Havlicek,BOS,N,80,3367,1902,0,0,567,529,0,0,0,195,1704,766,431,370,0,0
HAWKICO01,1972,Connie,Hawkins,PHO,N,75,2768,1204,0,0,641,304,0,0,0,229,920,441,404,322,0,0
HAYESEL01,1972,Elvin,Hayes,BAL,N,81,3347,1717,0,0,1177,127,0,0,0,232,1607,713,434,291,0,0
HAYWOSP01,1972,Spencer,Haywood,SEA,N,77,3259,2251,0,0,995,196,0,0,0,213,1868,889,564,473,0,0
HAZZAWA01,1972,Hazzard,Walt,GSW,N,46,629,208,0,0,78,112,0,0,0,91,196,82,51,44,0,0
HAZZAWA01,1972,Hazzard,Walt,BUF,N,9,134,53,0,0,10,17,0,0,0,19,60,25,6,3,0,0
HAZZAWA01,1972,Hazzard,Walt,TOT,N,55,763,261,0,0,88,129,0,0,0,110,256,107,57,47,0,0
HEARDGA01,1972,Garfield,Heard,TOT,N,81,1552,816,0,0,453,60,0,0,0,171,824,350,178,116,0,0
HEARDGA01,1972,Garfield,Heard,SEA,N,3,17,9,0,0,6,2,0,0,0,4,9,4,1,1,0,0
HEARDGA01,1972,Garfield,Heard,CHI,N,78,1535,807,0,0,447,58,0,0,0,167,815,346,177,115,0,0
HEWITBI01,1972,Bill,Hewitt,BUF,N,73,1332,345,0,0,368,110,0,0,0,154,364,152,74,41,0,0
HILLMDA01,1972,Darnell,Hillman,IND,A,84,2541,804,0,0,735,128,0,116,154,291,735,328,252,148,9,0
HILLSI01,1972,Simmie,Hill,SDQ,A,69,1658,760,0,0,351,131,0,0,150,221,743,315,135,103,69,27
HILTOFR01,1972,Fred,Hilton,BUF,N,59,731,423,0,0,98,74,0,0,0,100,494,191,53,41,0,0
HUDSOLO01,1972,Lou,Hudson,ATL,N,75,3027,2029,0,0,467,258,0,0,0,197,1710,816,481,397,0,0
HUMMEJO01,1972,John,Hummer,BUF,N,66,1546,527,0,0,323,138,0,0,0,185,464,206,205,115,0,0
HUNTELE01,1972,Les,Hunter,MMT,A,63,1333,576,0,0,302,95,0,0,95,183,474,236,135,95,33,9
IRVINGE01,1972,George,Irvine,VIR,A,79,2075,1024,0,0,296,149,0,0,138,267,805,424,203,169,33,7
ISSELDA01,1972,Dan,Issel,KEN,A,84,3531,2292,0,0,922,220,0,0,216,255,1757,902,635,485,15,3
JABALWA01,1972,Warren,Jabali,DEN,A,82,2738,1398,0,0,424,539,0,0,302,280,974,441,596,480,140,36
JACKSME01,1972,Merv,Jackson,MMT,A,22,420,100,0,0,38,82,0,0,35,61,103,34,35,28,11,4
JACKSMI01,1972,Mike,Jackson,UTS,A,30,191,100,0,0,62,2,0,0,27,46,83,36,46,28,0,0
JACKSPH01,1972,Phil,Jackson,NYK,N,80,1393,644,0,0,344,94,0,0,0,218,553,245,195,154,0,0
JOHNSCH01,1972,Charlie,Johnson,GSW,N,70,887,375,0,0,132,118,0,0,0,105,400,171,46,33,0,0
JOHNSGE01,1972,George,Johnson,GSW,N,56,349,89,0,0,138,8,0,0,0,40,100,41,17,7,0,0
JOHNSGE02,1972,George,Johnson,HOU,N,19,169,43,0,0,45,3,0,0,0,33,39,20,4,3,0,0
JOHNSGU01,1972,Gus,Johnson,IND,A,71,1170,462,0,0,381,93,0,55,70,113,480,201,78,56,21,4
JOHNSJO01,1972,John,Johnson,CLE,N,82,2815,1183,0,0,552,309,0,0,0,246,1143,492,271,199,0,0
JOHNSNE01,1972,Neil,Johnson,VIR,A,69,1442,523,0,0,364,158,0,0,131,232,429,210,156,103,1,0
JOHNSOL01,1972,Ollie,Johnson,POR,N,78,2138,772,0,0,417,200,0,0,0,166,620,308,206,156,0,0
JOHNSST03,1972,Stew,Johnson,SDQ,A,80,2952,1770,0,0,597,174,0,0,161,258,1748,769,238,195,133,37
JONESCO01,1972,Collis,Jones,DLC,A,81,2204,941,0,0,522,143,0,0,145,230,768,357,318,227,6,0
JONESJI01,1972,Jimmy,Jones,UTS,A,80,2848,1337,0,0,335,448,0,0,267,271,948,496,432,345,1,0
JONESLA01,1972,Larry,Jones,DLC,A,80,1701,698,0,0,239,206,0,0,104,184,521,240,244,202,57,16
JONESNI01,1972,Nick,Jones,DLC,A,3,16,8,0,0,1,1,0,0,2,4,8,3,3,2,0,0
JONESRI01,1972,Rich,Jones,DLC,A,67,2691,1495,0,0,667,274,0,0,225,240,1364,564,414,324,127,43
JONESST01,1972,Steve,Jones,CAR,A,80,2129,1073,0,0,224,119,0,0,150,220,883,430,247,200,31,13
JONESWA01,1972,Wali,Jones,MIL,N,27,419,134,0,0,29,56,0,0,0,39,145,59,18,16,0,0
JONESWI01,1972,Wil,Jones,MMT,A,76,2316,835,0,0,604,117,0,0,130,281,722,344,198,146,7,1
KAUFFBO01,1972,Bob,Kauffman,BUF,N,77,3049,1350,0,0,855,396,0,0,0,211,1059,535,359,280,0,0
KELLEBI01,1972,Billy,Keller,IND,A,83,2251,1147,0,0,204,361,0,0,171,162,973,421,269,234,222,71
KENNEGO01,1972,Goo,Kennedy,DLC,A,70,1809,878,0,0,490,75,0,0,113,275,664,365,232,148,0,0
KEYEJU01,1972,Julius,Keye,DEN,A,83,3016,459,0,0,892,180,0,0,134,269,375,163,233,130,8,3
KIMBATO01,1972,Toby,Kimball,KCO,N,67,643,236,0,0,191,27,0,0,0,86,220,96,67,44,0,0
KINGJI01,1972,Jim,King,CHI,N,65,785,276,0,0,76,81,0,0,0,76,263,116,52,44,0,0
KINGLO01,1972,Loyd,King,MMT,A,10,102,19,0,0,12,14,0,0,4,20,29,6,8,7,3,0
KOJISDO01,1972,Don,Kojis,KCO,N,77,1240,658,0,0,198,80,0,0,0,128,575,276,137,106,0,0
KOMIVHO01,1972,Howard,Komives,BUF,N,67,1468,411,0,0,118,239,0,0,0,155,429,163,98,85,0,0
KUBERST01,1972,Steve,Kuberski,BOS,N,78,762,345,0,0,197,26,0,0,0,92,347,140,84,65,0,0
LACEYSA01,1972,Sam,Lacey,KCO,N,79,2930,1068,0,0,933,189,0,0,0,283,994,471,178,126,0,0
LACKEBO01,1972,Bob,Lackey,NYN,A,68,1185,407,0,0,160,136,0,0,120,170,355,153,167,99,5,2
LADNEWE01,1972,Wendell,Ladner,KEN,A,52,932,359,0,0,277,107,0,0,78,186,446,146,73,55,53,12
LANIEBO01,1972,Bob,Lanier,DET,N,81,3150,1927,0,0,1205,260,0,0,0,278,1654,810,397,307,0,0
LANTZST01,1972,Stu,Lantz,DET,N,51,1603,490,0,0,172,138,0,0,0,117,455,185,150,120,0,0
LATTIDA01,1972,Dave,Lattin,MMT,A,16,296,130,0,0,63,7,0,0,32,45,104,48,45,34,1,0
LAYTODE01,1972,Dennis,Layton,PHO,N,65,990,464,0,0,77,139,0,0,0,127,434,187,119,90,0,0
LEAKSEM01,1972,Emanuel,Leaks,PHI,N,82,2530,898,0,0,677,95,0,0,0,191,933,377,200,144,0,0
LEECL01,1972,Clyde,Lee,GSW,N,66,1476,414,0,0,598,34,0,0,0,183,365,170,131,74,0,0
LEERU01,1972,Russell,Lee,MIL,N,46,277,130,0,0,43,38,0,0,0,36,127,49,43,32,0,0
LEHMAGE02,1972,George,Lehman,MMT,A,28,753,277,0,0,34,150,0,0,65,74,240,95,74,61,67,26
LEWISFR01,1972,Freddie,Lewis,IND,A,72,2217,1075,0,0,228,288,0,0,173,204,860,375,349,287,110,38
LEWISMI01,1972,Mike,Lewis,CAR,A,15,430,151,0,0,122,41,0,0,27,48,119,59,41,33,0,0
LIGONGO01,1972,Goose,Ligon,VIR,A,12,360,144,0,0,94,20,0,0,21,40,103,58,43,28,0,0
LITTLGE01,1972,Gene,Littles,CAR,A,84,2060,807,0,0,262,245,0,0,125,198,622,310,246,179,30,8
LONGWI01,1972,Willie,Long,DEN,A,56,1050,504,0,0,290,43,0,0,95,147,458,183,177,138,2,0
LOUGHKE01,1972,Kevin,Loughery,PHI,N,32,955,445,0,0,113,148,0,0,0,104,427,169,130,107,0,0
LOVEBO01,1972,Bob,Love,CHI,N,82,3033,1895,0,0,532,119,0,0,0,240,1794,774,421,347,0,0
LOVEST01,1972,Stan,Love,BAL,N,72,995,459,0,0,300,46,0,0,0,175,436,190,100,79,0,0
LUCASJE01,1972,Jerry,Lucas,NYK,N,71,2001,704,0,0,510,317,0,0,0,157,608,312,100,80,0,0
MAHONBR01,1972,Brian,Mahoney,NYN,A,19,181,58,0,0,14,12,0,0,17,35,57,17,40,24,2,0
MALOYMI01,1972,Mike,Maloy,DLC,A,9,63,20,0,0,15,3,0,0,4,14,27,7,10,6,0,0
MANNIED01,1972,Ed,Manning,CAR,A,83,1631,590,0,0,393,64,0,0,84,247,554,263,84,64,1,0
MARAVPE02,1972,Pete,Maravich,ATL,N,79,3089,2063,0,0,346,546,0,0,0,245,1788,789,606,485,0,0
MARINJA01,1972,Jack,Marin,HOU,N,81,3019,1496,0,0,499,291,0,0,0,247,1334,624,292,248,0,0
MARLAHA01,1972,Harvey,Marlatt,DET,N,7,26,4,0,0,1,4,0,0,0,1,4,2,0,0,0,0
MARTILA01,1972,Larue,Martin,POR,N,77,996,340,0,0,358,42,0,0,0,162,366,145,77,50,0,0
MASTED01,1972,Eddie,Mast,ATL,N,42,447,119,0,0,136,37,0,0,0,50,118,50,30,19,0,0
MAYDO01,1972,Don,May,TOT,N,58,919,453,0,0,210,64,0,0,0,135,424,189,93,75,0,0
MAYDO01,1972,Don,May,PHI,N,26,602,309,0,0,143,43,0,0,0,80,290,128,62,53,0,0
MAYDO01,1972,Don,May,ATL,N,32,317,144,0,0,67,21,0,0,0,55,134,61,31,22,0,0
MCADOBO01,1972,Bob,Mcadoo,BUF,N,80,2562,1441,0,0,728,139,0,0,0,256,1293,585,350,271,0,0
MCCLATE01,1972,Ted,Mcclain,CAR,A,84,1816,803,0,0,263,225,120,0,185,256,652,325,204,145,24,8
MCCRAPA01,1972,Paul,Mccracken,HOU,N,24,305,111,0,0,51,17,0,0,0,32,89,44,39,23,0,0
MCDANJI01,1972,Jim,Mcdaniels,SEA,N,68,1095,378,0,0,345,78,0,0,0,140,386,154,100,70,0,0
MCDONRO01,1972,Rod,Mcdonald,UTS,A,25,142,70,0,0,30,15,0,0,14,19,63,27,19,15,4,1
MCGINGE01,1972,George,Mcginnis,IND,A,82,3347,2261,0,0,1022,205,160,0,401,348,1755,868,778,517,32,8
MCGLOJO01,1972,Jon,Mcglocklin,MIL,N,80,1951,765,0,0,158,236,0,0,0,119,699,351,73,63,0,0
MCINTKE01,1972,Kenny,Mcintosh,CHI,N,3,33,16,0,0,9,1,0,0,0,4,13,8,2,0,0,0
MCINTKE01,1972,Kenny,Mcintosh,SEA,N,56,1105,254,0,0,222,53,0,0,0,98,328,107,65,40,0,0
MCINTKE01,1972,Kenny,Mcintosh,TOT,N,59,1138,270,0,0,231,54,0,0,0,102,341,115,67,40,0,0
MCKENST01,1972,Stan,Mckenzie,TOT,N,33,294,126,0,0,55,23,0,0,0,43,119,48,37,30,0,0
MCKENST01,1972,Stan,Mckenzie,POR,N,7,107,40,0,0,21,8,0,0,0,15,36,13,16,14,0,0
MCKENST01,1972,Stan,Mckenzie,HOU,N,26,187,86,0,0,34,15,0,0,0,28,83,35,21,16,0,0
MCMILJI01,1972,Jim,Mcmillian,LAL,N,81,2953,1533,0,0,447,221,0,0,0,176,1431,655,264,223,0,0
MCWILER01,1972,Eric,Mcwilliams,HOU,N,44,245,86,0,0,60,5,0,0,0,46,98,34,37,18,0,0
MEELYCL01,1972,Cliff,Meely,HOU,N,82,1694,628,0,0,496,91,0,0,0,263,657,268,137,92,0,0
MELCHBI01,1972,Bill,Melchionni,NYN,A,61,1849,751,0,0,127,453,0,0,184,155,646,291,194,163,15,6
MEMINDE01,1972,Dean,Meminger,NYK,N,80,1453,457,0,0,229,133,0,0,0,109,365,188,129,81,0,0
MENGEJO01,1972,John,Mengelt,KCO,N,12,212,63,0,0,22,25,0,0,0,24,68,26,19,11,0,0
MENGEJO01,1972,John,Mengelt,DET,N,67,1435,704,0,0,159,128,0,0,0,124,583,294,141,116,0,0
MENGEJO01,1972,John,Mengelt,TOT,N,79,1647,767,0,0,181,153,0,0,0,148,651,320,160,127,0,0
MILLELA01,1972,Larry,Miller,SDQ,A,83,2700,1206,0,0,355,281,0,0,168,174,1080,450,422,306,7,0
MINORMA01,1972,Mark,Minor,BOS,N,4,20,5,0,0,4,2,0,0,0,5,4,1,4,3,0,0
MONROEA01,1972,Earl,Monroe,NYK,N,75,2370,1163,0,0,245,288,0,0,0,195,1016,496,208,171,0,0
MOOREGE01,1972,Gene,Moore,SDQ,A,83,2481,984,0,0,874,152,0,0,227,369,804,400,260,180,11,4
MOOREOT01,1972,Otto,Moore,HOU,N,82,2712,963,0,0,868,167,0,0,0,239,859,418,211,127,0,0
MOUNTRI01,1972,Rick,Mount,KEN,A,61,1780,906,0,0,138,194,0,0,119,172,804,369,198,159,30,9
MUELLER01,1972,Erwin,Mueller,DET,N,38,285,60,0,0,61,33,24,0,22,13,84,26,17,8,0,0
MULLIJE01,1972,Jeff,Mullins,GSW,N,81,3005,1445,0,0,363,337,0,0,0,201,1321,651,172,143,0,0
MURPHCA01,1972,Calvin,Murphy,HOU,N,77,1697,1001,0,0,149,262,0,0,0,211,820,381,269,239,0,0
NASHBO01,1972,Bob,Nash,DET,N,36,169,43,0,0,34,16,0,0,0,30,72,16,17,11,0,0
NEALLL01,1972,Lloyd,Neal,POR,N,82,2723,1097,0,0,967,146,0,0,0,305,921,455,293,187,0,0
NELSODO01,1972,Don,Nelson,BOS,N,72,1425,777,0,0,315,102,0,0,0,155,649,309,188,159,0,0
NETOLBO01,1972,Bob,Netolicky,DLC,A,84,3409,1569,0,0,851,239,0,0,214,166,1347,650,404,269,4,0
NEUMAJO01,1972,Johnny,Neumann,MMT,A,79,2787,1548,0,0,310,470,0,0,345,304,1283,605,423,329,51,9
NEWLIMI01,1972,Mike,Newlin,HOU,N,82,2658,1395,0,0,340,409,0,0,0,301,1206,534,369,327,0,0
NEWTOBI01,1972,Bill,Newton,IND,A,24,117,58,0,0,47,9,0,0,10,40,56,24,18,9,2,1
NORWOWI01,1972,Willie,Norwood,DET,N,79,1282,652,0,0,324,56,0,0,0,182,504,249,225,154,0,0
OBRIEJI01,1972,Jimmy,Obrien,KEN,A,68,1014,320,0,0,92,174,0,0,77,103,317,126,89,68,9,0
OWENSTO01,1972,Tom,Owens,CAR,A,83,2209,979,0,0,646,94,0,0,173,318,727,393,284,193,2,0
PATTEST01,1972,Steve,Patterson,CLE,N,62,710,176,0,0,228,51,0,0,0,79,198,71,65,34,0,0
PATTETO01,1972,Tommy,Patterson,BAL,N,23,92,55,0,0,22,3,0,0,0,18,49,21,16,13,0,0
PAULTBI01,1972,Billy,Paultz,NYN,A,81,2800,1351,0,0,1015,189,0,214,213,259,1027,532,405,287,2,0
PEEPLGE01,1972,George,Peeples,IND,A,9,56,14,0,0,15,4,0,0,6,14,14,4,11,6,0,0
PERRYCU01,1972,Curtis,Perry,MIL,N,67,2094,613,0,0,644,123,0,0,0,246,575,265,126,83,0,0
PETRIGE01,1972,Geoff,Petrie,POR,N,79,3134,1970,0,0,273,350,0,0,0,163,1801,836,383,298,0,0
PHILLGE01,1972,Gene,Phillips,DLC,A,3,10,0,0,0,0,1,0,0,0,3,5,0,0,0,3,0
PORTEHO01,1972,Howard,Porter,CHI,N,43,407,218,0,0,118,16,0,0,0,52,217,98,29,22,0,0
PORTEKE01,1972,Kevin,Porter,BAL,N,71,1217,472,0,0,72,237,0,0,0,206,451,205,101,62,0,0
PORTMBO01,1972,Bob,Portman,GSW,N,32,176,84,0,0,51,7,0,0,0,16,70,32,26,20,0,0
POWELCI01,1972,Cincy,Powell,UTS,A,83,1985,1016,0,0,420,137,0,0,137,249,853,423,240,167,13,3
PREVIST01,1972,Steve,Previs,CAR,A,30,147,55,0,0,14,24,0,0,13,26,60,23,15,8,8,1
PRICEJI01,1972,Jim,Price,LAL,N,59,828,376,0,0,115,97,0,0,0,119,359,158,73,60,0,0
PRICEMI01,1972,Mike,Price,PHI,N,57,751,288,0,0,117,71,0,0,0,106,301,125,47,38,0,0
RACKLLU01,1972,Luke,Rackley,NYK,N,1,2,0,0,0,1,0,0,0,0,2,0,0,0,0,0,0
RACKLLU01,1972,Luke,Rackley,MMT,A,57,893,418,0,0,287,36,0,0,50,130,344,170,120,78,1,0
RATLIMI01,1972,Mike,Ratliff,KCO,N,58,681,241,0,0,194,38,0,0,0,111,235,98,84,45,0,0
RAYCL01,1972,Clifford,Ray,CHI,N,73,2009,625,0,0,797,271,0,0,0,232,516,254,189,117,0,0
RAYMOCR01,1972,Craig,Raymond,SDQ,A,14,168,34,0,0,73,7,0,0,15,24,39,12,14,10,0,0
REEDWI01,1972,Willis,Reed,NYK,N,69,1876,760,0,0,590,126,0,0,0,205,705,334,124,92,0,0
RIKERTO01,1972,Tom,Riker,NYK,N,14,65,35,0,0,16,2,0,0,0,15,24,10,24,15,0,0
RILEYPA01,1972,Pat,Riley,LAL,N,55,801,399,0,0,65,81,0,0,0,126,390,167,82,65,0,0
RILEYRO01,1972,Ron,Riley,KCO,N,74,1634,625,0,0,507,76,0,0,0,226,634,273,116,79,0,0
RINALRI01,1972,Rich,Rinaldi,BAL,N,33,646,280,0,0,68,48,0,0,0,40,284,116,64,48,0,0
RIORDMI01,1972,Mike,Riordan,BAL,N,82,3466,1483,0,0,404,426,0,0,0,216,1278,652,218,179,0,0
ROBBIAU01,1972,Austin,Robbins,SDQ,A,58,1618,576,0,0,417,99,0,0,85,134,525,218,155,131,30,9
ROBERMA01,1972,Marv,Roberts,DEN,A,77,1959,950,0,0,398,95,0,0,110,194,807,374,255,201,3,1
ROBEROS01,1972,Oscar,Robertson,MIL,N,73,2737,1130,0,0,360,551,0,0,0,167,983,446,281,238,0,0
ROBERRI01,1972,Rick,Roberson,CLE,N,62,2127,781,0,0,693,134,0,0,0,249,709,307,290,167,0,0
ROBINFL01,1972,Flynn,Robinson,LAL,N,6,47,34,0,0,7,8,0,0,0,11,28,14,8,6,0,0
ROBINFL01,1972,Flynn,Robinson,TOT,N,44,630,298,0,0,62,85,0,0,0,71,288,133,39,32,0,0
ROBINFL01,1972,Flynn,Robinson,BAL,N,38,583,264,0,0,55,77,0,0,0,60,260,119,31,26,0,0
ROBISDA01,1972,Dave,Robisch,DEN,A,83,2647,1351,0,0,744,170,0,0,134,271,1010,521,409,309,1,0
ROCHEJO01,1972,John,Roche,NYN,A,77,2615,1107,0,0,146,348,0,0,207,170,909,404,347,265,103,34
ROWECU01,1972,Curtis,Rowe,DET,N,81,3009,1304,0,0,760,172,0,0,0,191,1053,547,327,210,0,0
RULEBO01,1972,Bob,Rule,PHI,N,3,12,0,0,0,2,1,0,0,0,2,1,0,0,0,0,0
RULEBO01,1972,Bob,Rule,CLE,N,49,440,140,0,0,106,37,0,0,0,66,157,60,31,20,0,0
RULEBO01,1972,Bob,Rule,TOT,N,52,452,140,0,0,108,38,0,0,0,68,158,60,31,20,0,0
RUSSECA01,1972,Cazzie,Russell,GSW,N,80,2429,1254,0,0,350,187,0,0,0,171,1182,541,199,172,0,0
RUSSEFR01,1972,Frank,Russell,CHI,N,23,131,74,0,0,17,15,0,0,0,12,77,29,18,16,0,0
RUSSEPI01,1972,Pierce,Russell,KEN,A,59,618,289,0,0,129,61,0,0,33,80,266,119,78,49,17,2
SANDEAL01,1972,Al,Sanders,VIR,A,4,25,8,0,0,5,0,0,0,3,4,2,2,6,4,0,0
SANDETH01,1972,Thomas,Sanders,BOS,N,59,423,117,0,0,88,27,0,0,0,82,149,47,35,23,0,0
SCHADFR01,1972,Frank,Schade,KCO,N,9,76,10,0,0,6,10,0,0,0,12,7,2,6,6,0,0
SCHLUDA01,1972,Dale,Schlueter,PHI,N,78,1136,418,0,0,354,103,0,0,0,166,317,166,123,86,0,0
SCOTTCH01,1972,Charlie,Scott,PHO,N,81,3062,2048,0,0,342,495,0,0,0,306,1809,806,556,436,0,0
SHEPHBI01,1972,Billy,Shepherd,VIR,A,16,68,27,0,0,5,8,0,0,8,12,35,7,10,9,16,4
SIBERSA01,1972,Sam,Sibert,KCO,N,5,26,12,0,0,4,0,0,0,0,4,13,4,5,4,0,0
SILASJA01,1972,James,Silas,DLC,A,78,2417,1071,0,0,336,244,0,0,192,262,679,341,467,389,0,0
SILASPA01,1972,Paul,Silas,BOS,N,80,2618,1066,0,0,1039,251,0,0,0,197,851,400,380,266,0,0
SIMONWA01,1972,Walt,Simon,KEN,A,83,2403,1010,0,0,395,336,0,0,156,271,897,432,191,143,17,3
SIMPSRA01,1972,Ralph,Simpson,DEN,A,81,2589,1890,0,0,371,222,127,0,283,241,1670,732,556,421,24,5
SLOANJE01,1972,Jerry,Sloan,CHI,N,69,2412,696,0,0,475,151,0,0,0,235,733,301,133,94,0,0
SMITHAL01,1972,Al,Smith,DEN,A,83,2343,919,0,0,214,477,0,0,261,295,767,315,352,272,90,17
SMITHBI01,1972,Bingo,Smith,CLE,N,73,1068,600,0,0,199,108,0,0,0,80,603,268,81,64,0,0
SMITHBI02,1972,Bill,Smith,POR,N,8,43,23,0,0,8,1,0,0,0,8,15,9,8,5,0,0
SMITHDO01,1972,Don,Smith,HOU,N,48,900,417,0,0,304,53,0,0,0,108,375,149,162,119,0,0
SMITHEL01,1972,Elmore,Smith,BUF,N,76,2829,1388,0,0,946,192,0,0,0,295,1244,600,337,188,0,0
SMITHGA01,1972,Garfield,Smith,SDQ,A,71,1055,260,0,0,306,39,0,0,33,197,244,116,93,28,0,0
SMITHGR01,1972,Greg,Smith,HOU,N,4,41,10,0,0,8,5,0,0,0,8,16,5,0,0,0,0
SMITHGR01,1972,Greg,Smith,TOT,N,76,1610,543,0,0,383,122,0,0,0,218,485,234,128,75,0,0
SMITHGR01,1972,Greg,Smith,POR,N,72,1569,533,0,0,375,117,0,0,0,210,469,229,128,75,0,0
SMITHPE01,1972,Pete,Smith,SDQ,A,5,32,4,0,0,8,1,0,0,5,5,12,2,0,0,2,0
SMITHRA01,1972,Randy,Smith,BUF,N,82,2603,1214,0,0,391,422,0,0,0,247,1154,511,264,192,0,0
SNYDEDI01,1972,Dick,Snyder,SEA,N,82,3060,1132,0,0,323,311,0,0,0,216,1022,473,216,186,0,0
SOJOUWI01,1972,Willie,Sojourner,VIR,A,64,1065,482,0,0,364,75,0,0,80,187,410,199,128,84,0,0
SORENDA01,1972,Dave,Sorenson,CLE,N,10,129,27,0,0,37,5,0,0,0,16,45,11,11,5,0,0
SORENDA01,1972,Dave,Sorenson,PHI,N,48,626,285,0,0,173,31,0,0,0,91,248,113,79,59,0,0
SORENDA01,1972,Dave,Sorenson,TOT,N,58,755,312,0,0,210,36,0,0,0,107,293,124,90,64,0,0
STALLDA01,1972,Dave,Stallworth,BAL,N,73,1217,438,0,0,236,112,0,0,0,139,435,180,101,78,0,0
STALLIS01,1972,Isaac,Stallworth,SEA,N,77,1225,482,0,0,225,58,0,0,0,138,522,198,114,86,0,0
STEELLA01,1972,Larry,Steele,POR,N,66,1301,389,0,0,154,156,0,0,0,181,329,159,89,71,0,0
STOVAPA01,1972,Paul,Stovall,PHO,N,25,211,76,0,0,61,13,0,0,0,37,76,26,38,24,0,0
SWIFTSK01,1972,Skeeter,Swift,DLC,A,42,1123,501,0,0,82,150,0,0,136,140,374,177,149,128,49,19
TAYLOBR01,1972,Brian,Taylor,NYN,A,63,2038,962,0,0,203,175,0,0,137,219,767,395,226,168,25,4
TAYLOFA01,1972,Fatty,Taylor,VIR,A,78,2553,785,0,0,318,374,210,0,237,266,679,316,248,150,7,3
TAYLOOL01,1972,Ollie,Taylor,SDQ,A,69,2121,947,0,0,365,275,0,0,207,191,757,325,425,286,55,11
TERRYCH01,1972,Chuck,Terry,MIL,N,67,693,127,0,0,145,40,0,0,0,116,162,55,24,17,0,0
TERRYCL01,1972,Claude,Terry,DEN,A,68,667,324,0,0,75,62,0,0,69,111,285,120,114,74,24,10
THIGPJU01,1972,Justus,Thigpen,DET,N,18,99,46,0,0,9,8,0,0,0,18,57,23,0,0,0,0
THOMARO01,1972,Ron,Thomas,KEN,A,31,369,145,0,0,115,23,0,0,21,73,132,62,41,21,2,0
THOMPGE01,1972,George,Thompson,MMT,A,80,2925,1727,0,0,265,403,0,0,245,246,1269,579,700,549,73,20
THURMNA01,1972,Nate,Thurmond,GSW,N,79,3419,1349,0,0,1349,280,0,0,0,240,1159,517,439,315,0,0
TOMJARU01,1972,Rudy,Tomjanovich,HOU,N,81,2972,1560,0,0,938,178,0,0,0,225,1371,655,335,250,0,0
TRAPPGE01,1972,George,Trapp,ATL,N,77,1853,868,0,0,455,127,0,0,0,274,824,359,194,150,0,0
TRAPPJO01,1972,John,Trapp,DEN,A,25,342,127,0,0,72,20,0,0,25,76,128,54,32,19,2,0
TRAPPJO01,1972,John,Trapp,TOT,N,44,889,432,0,0,200,49,0,0,0,150,420,171,122,90,0,0
TRAPPJO01,1972,John,Trapp,LAL,N,5,35,13,0,0,14,2,0,0,0,10,12,3,10,7,0,0
TRAPPJO01,1972,John,Trapp,PHI,N,39,854,419,0,0,186,47,0,0,0,140,408,168,112,83,0,0
TRESVJO01,1972,John,Tresvant,BAL,N,55,541,211,0,0,156,33,0,0,0,101,182,85,59,41,0,0
TRIUTAN01,1972,Ansley,Truitt,DLC,A,16,86,39,0,0,38,2,0,0,7,9,42,18,9,3,0,0
TSCHOJO01,1972,John,Tschogl,ATL,N,10,94,30,0,0,21,6,0,0,0,25,40,14,4,2,0,0
TURNEBI01,1972,Bill,Turner,POR,N,2,8,4,0,0,2,0,0,0,0,3,6,2,0,0,0,0
TURNEBI01,1972,Bill,Turner,LAL,N,19,117,38,0,0,25,11,0,0,0,13,52,17,7,4,0,0
TURNEBI01,1972,Bill,Turner,TOT,N,21,125,42,0,0,27,11,0,0,0,16,58,19,7,4,0,0
TWARDDA01,1972,Dave,Twardzik,VIR,A,80,1357,462,0,0,158,184,0,0,122,202,306,141,212,178,9,2
UNSELWE01,1972,Wes,Unseld,BAL,N,79,3085,991,0,0,1260,347,0,0,0,168,854,421,212,149,0,0
VANARDI01,1972,Dick,Vanarsdale,PHO,N,81,2979,1490,0,0,326,268,0,0,0,221,1118,532,496,426,0,0
VANARTO01,1972,Tom,Vanarsdale,TOT,N,79,2311,1140,0,0,358,152,0,0,0,224,1043,445,308,250,0,0
VANARTO01,1972,Tom,Vanarsdale,PHI,N,30,1029,530,0,0,185,62,0,0,0,101,496,195,168,140,0,0
VANARTO01,1972,Tom,Vanarsdale,KCO,N,49,1282,610,0,0,173,90,0,0,0,123,547,250,140,110,0,0
VANLINO01,1972,Norm,Vanlier,CHI,N,80,2882,1114,0,0,438,567,0,0,0,269,1064,474,211,166,0,0
VIRDECL01,1972,Claude,Virden,KEN,A,31,825,306,0,0,154,74,0,0,49,84,327,130,59,46,2,0
WALKECH01,1972,Chet,Walker,CHI,N,79,2455,1570,0,0,395,179,0,0,0,166,1248,597,452,376,0,0
WALKEJI01,1972,Jimmy,Walker,HOU,N,81,3079,1454,0,0,268,442,0,0,0,207,1301,605,276,244,0,0
WALKNE01,1972,Neal,Walk,PHO,N,81,3114,1635,0,0,1006,287,0,0,0,323,1455,678,355,279,0,0
WARNECO01,1972,Cornell,Warner,BUF,N,4,47,17,0,0,15,6,0,0,0,6,17,8,2,1,0,0
WARNECO01,1972,Cornell,Warner,CLE,N,68,1323,390,0,0,507,66,0,0,0,172,404,166,88,58,0,0
WARNECO01,1972,Cornell,Warner,TOT,N,72,1370,407,0,0,522,72,0,0,0,178,421,174,90,59,0,0
WARREBO01,1972,Bobby,Warren,UTS,A,77,1571,729,0,0,242,147,0,0,143,212,504,244,274,236,19,5
WARREJO01,1972,Johnny,Warren,CLE,N,40,290,126,0,0,42,34,0,0,0,45,111,54,19,18,0,0
WASHIJI01,1972,Jim,Washington,ATL,N,75,2833,779,0,0,801,174,0,0,0,252,713,308,224,163,0,0
WASHITR01,1972,Trooper,Washington,NYN,A,76,2027,521,0,0,553,203,0,0,183,242,425,229,101,63,0,0
WEISSBO01,1972,Bob,Weiss,CHI,N,82,2086,717,0,0,148,295,0,0,0,151,655,279,189,159,0,0
WESLEWA01,1972,Walt,Wesley,TOT,N,57,474,180,0,0,151,31,0,0,0,77,202,77,46,26,0,0
WESLEWA01,1972,Walt,Wesley,CLE,N,12,110,36,0,0,38,7,0,0,0,21,47,14,12,8,0,0
WESLEWA01,1972,Walt,Wesley,PHO,N,45,364,144,0,0,113,24,0,0,0,56,155,63,34,18,0,0
WESTJE01,1972,Jerry,West,LAL,N,69,2460,1575,0,0,289,607,0,0,0,138,1291,618,421,339,0,0
WESTPPA01,1972,Paul,Westphal,BOS,N,60,482,245,0,0,67,69,0,0,0,88,212,89,86,67,0,0
WETZEJO01,1972,John,Wetzel,ATL,N,28,504,98,0,0,58,39,0,0,0,41,94,42,17,14,0,0
WHITEJO01,1972,Jojo,White,BOS,N,82,3250,1612,0,0,414,498,0,0,0,185,1665,717,228,178,0,0
WICKSSI01,1972,Sidney,Wicks,POR,N,80,3152,1906,0,0,870,440,0,0,0,253,1684,761,531,384,0,0
WILKELE01,1972,Lenny,Wilkens,CLE,N,75,2973,1538,0,0,346,628,0,0,0,221,1275,572,476,394,0,0
WILLIAR01,1972,Arthur,Williams,BOS,N,81,974,263,0,0,182,236,0,0,0,136,261,110,56,43,0,0
WILLIBE01,1972,Bernie,Williams,VIR,A,71,1513,888,0,0,125,137,0,0,136,150,831,356,193,166,58,10
WILLICH01,1972,Charlie,Williams,UTS,A,32,370,118,0,0,18,59,0,0,34,54,115,37,57,41,20,3
WILLICH02,1972,Chuck,Williams,SDQ,A,83,3074,1470,0,0,229,582,0,0,231,275,1020,488,623,493,7,1
WILLINA01,1972,Nate,Williams,KCO,N,80,1979,940,0,0,339,128,0,0,0,272,874,417,133,106,0,0
WILLIRO01,1972,Ron,Williams,GSW,N,73,1016,435,0,0,81,114,0,0,0,108,409,180,83,75,0,0
WILSOIS01,1972,Isaiah,Wilson,MMT,A,30,386,190,0,0,39,72,0,0,41,46,159,68,64,51,8,3
WINFILE01,1972,Lee,Winfield,SEA,N,53,1061,348,0,0,126,186,0,0,0,92,332,143,108,62,0,0
WINGOHA01,1972,Harthorne,Wingo,NYK,N,13,59,20,0,0,16,1,0,0,0,9,22,9,6,2,0,0
WISEWI01,1972,Willie,Wise,UTS,A,83,3131,1823,0,0,682,277,0,0,236,278,1404,672,607,476,18,3
WOHLDA01,1972,Dave,Wohl,POR,N,22,393,118,0,0,20,68,0,0,0,45,114,47,33,24,0,0
WOHLDA01,1972,Dave,Wohl,BUF,N,56,1540,493,0,0,89,258,0,0,0,182,454,207,100,79,0,0
WOHLDA01,1972,Dave,Wohl,TOT,N,78,1933,611,0,0,109,326,0,0,0,227,568,254,133,103,0,0
WRIGHJO01,1972,Joby,Wright,SEA,N,77,931,303,0,0,218,36,0,0,0,164,278,133,89,37,0,0
WUYCIDE01,1972,Dennis,Wuycik,CAR,A,83,973,377,0,0,179,79,0,0,116,165,329,151,108,75,4,0
ABDULKA01,1973,Kareem,Abdul-jabbar,MIL,N,81,3548,2191,287,891,1178,386,112,283,0,238,1759,948,420,295,0,0
ADAMSDO01,1973,Don,Adams,DET,N,74,2298,759,133,315,448,141,110,12,0,242,742,303,201,153,0,0
ADAMSGE01,1973,George,Adams,SDQ,A,80,1433,585,0,341,341,127,44,23,119,111,506,253,103,78,7,1
ADELMRI01,1973,Rick,Adelman,CHI,N,55,618,182,16,53,69,56,36,1,0,63,170,64,76,54,0,0
ALLENLU01,1973,Lucius,Allen,MIL,N,72,2388,1268,89,202,291,374,137,22,0,215,1062,526,274,216,0,0
ARCHINA01,1973,Nate,Archibald,KCO,N,35,1272,617,21,64,85,266,56,7,0,76,492,222,211,173,0,0
ARDJI01,1973,Jim,Ard,MMT,A,27,502,174,0,159,159,41,16,25,42,44,164,66,51,40,2,2
ARNZEBO01,1973,Bob,Arnzen,IND,A,20,149,56,0,20,20,3,3,2,8,11,48,24,9,7,1,1
AVERIWI01,1973,Bird,Averitt,SAS,A,74,1639,851,0,121,121,132,63,6,137,166,912,343,224,156,50,9
AWTREDE01,1973,Dennis,Awtrey,CHI,N,68,756,184,49,125,174,86,22,14,0,128,123,65,94,54,0,0
BANTOMI01,1973,Mike,Bantom,PHO,N,76,1982,769,172,347,519,163,50,47,0,289,787,314,213,141,0,0
BARNEDI01,1973,Dick,Barnett,NYK,N,5,58,22,1,3,4,6,1,0,0,2,26,10,3,2,0,0
BARNEJI02,1973,Jim,Barnett,GSW,N,77,1689,884,76,146,222,209,56,11,0,146,755,350,226,184,0,0
BARRMI01,1973,Mike,Barr,VIR,A,45,652,199,0,71,71,82,27,4,60,80,171,82,43,33,5,2
BARRYRI01,1973,Rick,Barry,GSW,N,80,2918,2009,103,437,540,484,169,40,0,265,1746,796,464,417,0,0
BASSETI01,1973,Tim,Bassett,SDQ,A,82,1854,565,0,595,595,109,57,35,87,185,499,233,167,99,4,0
BAUMJO01,1973,Johnny,Baum,MMT,A,60,1219,410,0,201,201,62,36,16,47,101,400,180,61,50,0,0
BEARDBU01,1973,Butch,Beard,GSW,N,79,2134,805,136,253,389,300,105,9,0,241,617,316,234,173,0,0
BEASLJO01,1973,John,Beasley,UTS,A,43,481,182,0,120,120,19,7,10,21,57,181,75,11,10,64,22
BEATYZE01,1973,Zelmo,Beaty,UTS,A,77,2476,1028,0,615,615,128,62,64,110,229,796,417,244,194,1,0
BECKBY01,1973,Byron,Beck,DEN,A,82,1979,970,0,417,417,76,48,8,83,233,823,425,141,120,1,0
BEHAGRO01,1973,Ron,Behagen,KCO,N,80,2059,876,188,379,567,134,56,37,0,291,827,357,212,162,0,0
BELLAWA01,1973,Walt,Bellamy,ATL,N,77,2440,1011,264,476,740,189,52,48,0,232,801,389,383,233,0,0
BELLDE01,1973,Dennis,Bell,NYK,N,1,4,0,0,0,0,0,0,0,0,0,1,0,0,0,0,0
BIBBYHE01,1973,Henry,Bibby,NYK,N,66,986,493,48,85,133,91,65,2,0,123,465,210,88,73,0,0
BINGDA01,1973,Dave,Bing,DET,N,81,3124,1520,108,173,281,555,109,17,0,216,1336,582,438,356,0,0
BLOCKJO01,1973,John,Block,KCO,N,82,1777,714,129,260,389,94,68,35,0,229,634,275,206,164,0,0
BOERWTO01,1973,Tom,Boerwinkle,CHI,N,46,602,158,53,160,213,94,16,18,0,80,119,58,60,42,0,0
BOONERO01,1973,Ron,Boone,UTS,A,84,3098,1480,0,435,435,417,123,22,316,289,1188,587,343,300,26,6
BOYDFR01,1973,Fred,Boyd,PHI,N,75,1818,713,16,77,93,249,60,9,0,173,712,286,195,141,0,0
BRACEST01,1973,Steve,Bracey,ATL,N,75,1463,551,26,120,146,231,60,5,0,157,520,241,96,69,0,0
BRADLBI01,1973,Bill,Bradley,NYK,N,82,2813,1150,59,194,253,242,42,21,0,278,1112,502,167,146,0,0
BRADLJI01,1973,Jim,Bradley,KEN,A,35,884,291,0,214,214,49,37,27,55,106,309,130,44,31,2,0
BREWEJI01,1973,Jim,Brewer,CLE,N,82,1862,500,207,317,524,149,46,35,0,192,548,210,123,80,0,0
BRIDGBI01,1973,Bill,Bridges,LAL,N,65,1812,548,193,306,499,148,58,31,0,219,513,216,164,116,0,0
BRISKJO01,1973,John,Brisker,SEA,N,35,717,438,59,87,146,56,28,6,0,70,396,178,100,82,0,0
BRISTAL01,1973,Allan,Bristow,PHI,N,55,643,258,68,99,167,92,29,1,0,68,270,108,57,42,0,0
BROWNFR01,1973,Fred,Brown,SEA,N,82,2501,1351,114,287,401,414,136,18,0,276,1226,578,226,195,0,0
BROWNJO01,1973,John,Brown,ATL,N,77,1715,717,177,264,441,114,29,16,0,239,632,277,217,163,0,0
BROWNRO01,1973,Rogera,Brown,IND,A,82,2527,969,0,390,390,232,56,60,125,248,829,379,200,155,155,56
BROWNRO02,1973,Rogerw,Brown,VIR,A,63,990,230,0,352,352,46,23,62,80,129,260,98,56,34,0,0
BUSEDO01,1973,Don,Buse,IND,A,77,1877,424,0,254,254,258,146,20,75,109,427,170,70,48,107,36
CALDWJO01,1973,Joe,Caldwell,CAR,A,79,2654,1135,0,412,412,350,170,35,242,255,1027,502,258,128,17,3
CALHOCO01,1973,Corky,Calhoun,PHO,N,77,2207,634,115,292,407,135,71,30,0,253,581,268,129,98,0,0
CALVIMA01,1973,Mack,Calvin,CAR,A,83,2592,1496,0,243,243,347,135,7,234,244,1078,498,560,490,43,10
CANNOLA01,1973,Larry,Cannon,PHI,N,22,361,124,16,23,39,55,9,4,3,48,134,52,31,20,0,0
CARRAU01,1973,Austin,Carr,CLE,N,81,3100,1775,139,150,289,305,92,14,0,189,1682,748,326,279,0,0
CARTEFR01,1973,Fred,Carter,PHI,N,78,3044,1666,82,289,371,443,113,23,0,276,1641,706,358,254,0,0
CARTEGE01,1973,George,Carter,VIR,A,80,2815,1546,0,535,535,136,67,12,229,308,1329,561,466,392,93,32
CHAMBBI01,1973,Bill,Chamberlain,PHO,N,28,367,153,33,47,80,37,20,12,0,74,130,57,56,39,0,0
CHAMBJE01,1973,Jerry,Chambers,SAS,A,38,579,224,0,103,103,42,11,3,28,74,206,94,48,36,0,0
CHANEDO01,1973,Don,Chaney,BOS,N,81,2258,845,210,168,378,176,83,62,0,247,750,348,180,149,0,0
CHARLKE01,1973,Ken,Charles,BUF,N,59,693,229,25,40,65,54,31,10,0,91,185,88,79,53,0,0
CHENIPH01,1973,Phil,Chenier,CAP,N,76,2942,1668,114,274,388,239,155,67,0,135,1607,697,334,274,0,0
CHONEJI01,1973,Jim,Chones,CAR,A,83,2387,1225,0,645,645,118,59,131,206,347,1017,535,252,155,2,0
CHRISBO01,1973,Bob,Christian,PHO,N,81,1244,386,85,254,339,98,19,32,0,191,288,140,151,106,0,0
CLARKAR01,1973,Archie,Clark,CAP,N,56,1786,733,44,97,141,285,59,6,0,122,675,315,131,103,0,0
CLEAMJI01,1973,Jim,Cleamons,CLE,N,81,1642,565,63,167,230,227,61,17,0,152,545,236,133,93,0,0
CLEMEJO01,1973,John,Clemens,CLE,N,71,913,388,42,124,166,80,36,2,0,136,346,163,73,62,0,0
COLEMEC01,1973,E.c.,Coleman,HOU,N,58,1075,303,81,171,252,76,37,20,0,162,250,128,74,47,0,0
COLLIDO01,1973,Doug,Collins,PHI,N,25,436,199,7,39,46,40,13,2,0,65,194,72,72,55,0,0
COMBSGL01,1973,Glen,Combs,MMT,A,76,1986,816,0,144,144,304,52,11,146,154,696,304,212,156,147,52
COUNTME01,1973,Mel,Counts,LAL,N,45,499,146,56,90,146,54,20,23,0,85,167,61,33,24,0,0
COWENDA01,1973,Dave,Cowens,BOS,N,80,3352,1518,264,993,1257,354,95,101,0,294,1475,645,274,228,0,0
CUNNIBI01,1973,Billy,Cunningham,CAR,A,32,1190,656,0,331,331,150,59,21,127,105,537,253,187,149,8,1
CUNNIDI01,1973,Dick,Cunningham,MIL,N,8,45,6,1,15,16,0,2,2,0,5,6,3,7,0,0,0
DAMPILO01,1973,Lou,Dampier,KEN,A,84,2942,1492,0,201,201,473,84,18,230,152,1296,603,286,238,124,48
DANDRBO01,1973,Bob,Dandridge,MIL,N,71,2521,1341,117,362,479,201,111,41,0,271,1158,583,214,175,0,0
DANIEME01,1973,Mel,Daniels,IND,A,78,2539,1201,0,906,906,122,56,92,215,283,1117,492,287,217,0,0
DANTMI01,1973,Mike,D'antoni,KCO,N,52,989,247,24,69,93,123,75,15,0,112,266,107,47,33,0,0
DAVISCH01,1973,Charlie,Davis,POR,N,8,90,31,2,9,11,11,2,0,0,7,40,14,4,3,0,0
DAVISDW01,1973,Dwight,Davis,CLE,N,76,2477,949,174,470,644,186,63,74,0,291,862,376,274,197,0,0
DAVISED01,1973,Edward,Davis,MIL,N,73,1012,431,0,224,224,87,27,5,0,94,335,169,112,93,0,0
DAVISJI01,1973,Jim,Davis,DET,N,78,947,324,102,191,293,86,39,30,0,158,283,117,139,90,0,0
DAVISLE01,1973,Lee,Davis,MMT,A,79,1632,631,0,419,419,139,28,40,104,237,590,266,152,98,4,1
DAVISME01,1973,Mel,Davis,NYK,N,30,167,78,17,37,54,8,3,4,0,36,95,33,16,12,0,0
DEBUSDA01,1973,Dave,Debusschere,NYK,N,71,2699,1282,134,623,757,253,67,39,0,222,1212,559,217,164,0,0
DENTORA01,1973,Randy,Denton,MMT,A,79,2218,1050,0,777,777,152,55,35,164,225,902,447,197,156,3,0
DICKEDE01,1973,Derrek,Dickey,GSW,N,66,930,281,123,216,339,54,17,15,0,112,233,115,66,51,0,0
DIETRCO01,1973,Coby,Dietrick,SAS,A,84,2142,583,0,532,532,253,89,50,151,285,569,251,114,81,3,0
DIGREER01,1973,Ernie,Digregorio,BUF,N,81,2910,1234,48,171,219,663,59,9,0,242,1260,530,193,174,0,0
DOWNIST01,1973,Steve,Downing,BOS,N,24,137,64,14,25,39,11,5,0,0,33,64,21,38,22,0,0
DRISCTE01,1973,Terry,Driscoll,MIL,N,64,697,206,73,126,199,54,21,16,0,121,187,88,46,30,0,0
DURREKE01,1973,Ken,Durrett,KCO,N,45,462,214,28,50,78,19,13,5,0,68,176,86,69,42,0,0
EAKINJI01,1973,Jim,Eakins,VIR,A,84,2649,1229,0,806,806,236,65,98,228,265,856,445,432,339,1,0
EBRONRO01,1973,Roy,Ebron,UTS,A,40,529,249,0,176,176,19,16,32,35,68,211,103,84,43,1,0
EDGECH01,1973,Charlie,Edge,MMT,A,78,1948,748,0,641,641,70,64,70,130,137,624,312,182,124,1,0
ELLISJO01,1973,Joe,Ellis,GSW,N,50,515,140,37,85,122,37,33,9,0,76,190,61,31,18,0,0
ELLISLE01,1973,Leroy,Ellis,PHI,N,81,2831,799,292,598,890,189,86,87,0,224,722,326,196,147,0,0
ENGLISC01,1973,Scott,English,VIR,A,5,48,10,0,16,16,4,3,0,9,9,15,3,4,4,0,0
ERICKKE01,1973,Keith,Erickson,PHO,N,66,2033,963,94,320,414,205,63,20,0,193,824,393,221,177,0,0
ERVINJU01,1973,Julius,Erving,NYN,A,84,3398,2299,0,899,899,434,190,204,341,270,1785,914,593,454,43,17
FINCHLA01,1973,Larry,Finch,MMT,A,65,1154,443,0,74,74,111,26,1,95,162,399,164,136,108,26,7
FINKEHA01,1973,Hank,Finkel,BOS,N,60,427,148,41,94,135,27,3,7,0,62,130,60,43,28,0,0
FORDCH01,1973,Chris,Ford,DET,N,82,2059,585,109,195,304,279,148,14,0,159,595,264,77,57,0,0
FOSTEFR01,1973,Fred,Foster,CLE,N,58,649,278,43,65,108,62,19,6,0,79,288,112,64,54,0,0
FOXJI01,1973,Jim,Fox,SEA,N,78,2179,885,244,470,714,227,56,21,0,247,673,322,293,241,0,0
FRAZIWA01,1973,Walt,Frazier,NYK,N,80,3338,1643,120,416,536,551,161,15,0,212,1429,674,352,295,0,0
FREEMDO01,1973,Donnie,Freeman,IND,A,66,1735,943,0,168,168,165,48,22,132,174,839,383,222,177,2,0
FREEMRO01,1973,Rod,Freeman,PHI,N,35,265,106,22,32,54,14,12,1,0,42,103,39,41,28,0,0
FRYERBE01,1973,Bernie,Fryer,POR,N,80,1674,559,60,99,159,279,92,10,0,187,491,226,135,107,0,0
GALEMI01,1973,Mike,Gale,KEN,A,80,2495,735,0,368,368,324,167,81,178,242,720,314,140,105,17,2
GARREEL01,1973,Eldo,Garrett,MIL,N,15,87,27,5,9,14,9,3,0,0,15,35,11,6,5,0,0
GARREEL01,1973,Eldo,Garrett,TOT,N,40,326,101,15,25,40,23,10,1,0,56,126,43,19,15,0,0
GARREEL01,1973,Eldo,Garrett,NYK,N,25,239,74,10,16,26,14,7,1,0,41,91,32,13,10,0,0
GARRERO01,1973,Rowland,Garrett,CHI,N,41,373,157,31,39,70,11,5,9,0,43,184,68,32,21,0,0
GARVIJI01,1973,Jim,Garvin,BUF,N,6,11,2,1,4,5,0,0,0,0,1,4,1,0,0,0,0
GERVIGE01,1973,George,Gervin,VIR,A,74,2511,1730,0,624,624,142,101,120,252,264,1426,672,464,378,56,8
GIANEJO01,1973,John,Gianelli,NYK,N,70,1423,508,110,233,343,77,23,42,0,159,434,208,121,92,0,0
GIBBSDI01,1973,Dick,Gibbs,SEA,N,71,1528,766,91,132,223,79,39,18,0,195,700,302,201,162,0,0
GILLIHE01,1973,Herm,Gilliam,ATL,N,62,2003,874,61,206,267,355,134,18,0,190,846,384,134,106,0,0
GILMOAR01,1973,Artis,Gilmore,KEN,A,84,3502,1568,0,1538,1538,329,57,287,319,302,1260,621,489,326,3,0
GOODRGA01,1973,Gail,Goodrich,LAL,N,82,3061,2076,95,155,250,427,126,12,0,227,1773,784,588,508,0,0
GOVANGE01,1973,Gerald,Govan,UTS,A,83,2766,583,0,728,728,245,60,50,156,260,541,255,106,73,2,0
GRANTTR01,1973,Travis,Grant,SDQ,A,59,1330,859,0,299,299,63,46,13,88,118,685,358,179,142,4,1
GREENLA01,1973,Lamar,Green,PHO,N,72,1103,296,85,265,350,43,32,38,0,150,317,129,68,38,0,0
GREENMI01,1973,Mike,Green,DEN,A,79,1648,904,0,584,584,64,47,126,128,191,799,367,226,169,2,1
GREGOGA01,1973,Gary,Gregor,NYN,A,25,313,91,0,71,71,15,4,1,10,48,85,40,11,9,3,2
GUOKAMA01,1973,Matt,Guokas,KCO,N,9,315,90,2,19,21,36,8,1,0,21,83,41,12,8,0,0
GUOKAMA01,1973,Matt,Guokas,BUF,N,27,549,132,12,28,40,69,19,6,0,56,110,61,20,10,0,0
GUOKAMA01,1973,Matt,Guokas,HOU,N,39,1007,207,17,43,60,133,27,14,0,73,203,93,28,21,0,0
GUOKAMA01,1973,Matt,Guokas,TOT,N,75,1871,429,31,90,121,238,54,21,0,150,396,195,60,39,0,0
HAIRSHA01,1973,Happy,Hairston,LAL,N,77,2634,1113,335,705,1040,208,64,17,0,264,759,385,445,343,0,0
HAMILJO01,1973,Joe,Hamilton,SAS,A,73,1961,816,0,165,165,242,76,5,112,154,834,331,143,117,144,37
HANKIPH01,1973,Phil,Hankinson,BOS,N,28,163,110,22,28,50,4,3,1,0,18,103,50,13,10,0,0
HASKICL01,1973,Clem,Haskins,PHO,N,81,1822,899,78,144,222,259,81,16,0,166,792,364,203,171,0,0
HAVLIJO01,1973,John,Havlicek,BOS,N,76,3091,1716,138,349,487,447,95,32,0,196,1502,685,416,346,0,0
HAWKICO01,1973,Connie,Hawkins,LAL,N,71,2538,909,162,360,522,379,105,78,0,203,733,368,224,173,0,0
HAWKICO01,1973,Connie,Hawkins,TOT,N,79,2761,999,176,389,565,407,113,81,0,223,807,404,251,191,0,0
HAWKICO01,1973,Connie,Hawkins,PHO,N,8,223,90,14,29,43,28,8,3,0,20,74,36,27,18,0,0
HAWTHNA01,1973,Nate,Hawthorne,LAL,N,33,229,106,16,16,32,23,9,6,0,33,93,38,48,30,0,0
HAYESEL01,1973,Elvin,Hayes,CAP,N,81,3602,1735,354,1109,1463,163,86,240,0,252,1627,689,495,357,0,0
HAYWOSP01,1973,Spencer,Haywood,SEA,N,75,3039,1761,318,689,1007,240,65,106,0,198,1520,694,458,373,0,0
HAZZAWA01,1973,Walt,Hazzard,SEA,N,49,571,186,0,57,57,122,26,6,0,78,180,76,45,34,0,0
HEARDGA01,1973,Garfield,Heard,BUF,N,81,2889,1239,270,677,947,180,136,230,0,300,1205,524,294,191,0,0
HILLMDA01,1973,Darnell,Hillman,IND,A,83,2319,758,0,676,676,96,70,177,177,295,658,328,191,99,8,3
HILLSI01,1973,Simmie,Hill,SAS,A,60,837,269,0,172,172,62,13,16,63,145,244,112,62,45,11,0
HUDSOLO01,1973,Lou,Hudson,ATL,N,65,2588,1651,126,224,350,213,160,29,0,205,1356,678,353,295,0,0
HUMMEJO01,1973,John,Hummer,CHI,N,18,186,60,13,24,37,13,3,1,0,30,46,23,28,14,0,0
HUMMEJO01,1973,John,Hummer,SEA,N,35,933,287,71,175,246,94,25,21,0,89,259,121,96,45,0,0
HUMMEJO01,1973,John,Hummer,TOT,N,53,1119,347,84,199,283,107,28,22,0,119,305,144,124,59,0,0
INGELTO01,1973,Tom,Ingelsby,ATL,N,48,398,129,10,34,44,37,19,4,0,43,131,50,37,29,0,0
IRVINGE01,1973,George,Irvine,VIR,A,75,1140,640,0,177,177,76,28,16,67,134,516,254,138,120,46,12
ISSELDA01,1973,Dan,Issel,KEN,A,83,3347,2118,0,847,847,137,69,32,171,199,1726,829,581,457,17,3
JABALWA01,1973,Warren,Jabali,DEN,A,49,1711,779,0,246,246,358,97,10,195,167,657,257,274,220,123,45
JACKSMI01,1973,Mike,Jackson,MMT,A,72,1474,607,0,380,380,57,25,15,109,222,489,247,152,110,7,3
JACKSPH01,1973,Phil,Jackson,NYK,N,82,2050,913,123,355,478,134,42,67,0,277,757,361,246,191,0,0
JAMESBI01,1973,Billy,James,KEN,A,1,10,2,0,0,0,1,0,0,1,3,3,1,0,0,0,0
JOHNSCH01,1973,Charlie,Johnson,GSW,N,59,1051,426,49,126,175,102,62,7,0,111,468,194,55,38,0,0
JOHNSGE01,1973,George,Johnson,GSW,N,66,1291,405,190,332,522,73,35,124,0,176,358,173,107,59,0,0
JOHNSGE02,1973,George,Johnson,HOU,N,26,238,54,20,41,61,9,8,8,0,46,51,23,17,8,0,0
JOHNSJO01,1973,John,Johnson,POR,N,69,2287,1130,160,355,515,284,69,29,0,221,990,459,261,212,0,0
JOHNSOL01,1973,Ollie,Johnson,POR,N,79,1718,495,116,208,324,167,60,30,0,179,434,209,94,77,0,0
JOHNSST03,1973,Stew,Johnson,SDQ,A,84,2652,1690,0,531,531,127,72,13,136,162,1668,716,235,199,190,59
JONESCA01,1973,Caldwell,Jones,SDQ,A,79,2929,1187,0,1095,1095,144,64,316,155,319,1091,507,230,171,8,2
JONESCO01,1973,Collis,Jones,KEN,A,58,719,255,0,184,184,36,21,13,38,91,263,102,78,51,3,0
JONESDW01,1973,Dwight,Jones,ATL,N,74,1448,592,145,309,454,86,29,64,0,197,502,238,156,116,0,0
JONESJI01,1973,Jimmy,Jones,UTS,A,83,3162,1395,0,361,361,429,154,32,238,205,1060,583,259,229,1,0
JONESLA01,1973,Larry,Jones,PHI,N,72,1876,723,71,113,184,230,85,18,0,116,622,263,235,197,0,0
JONESRI01,1973,Rich,Jones,SAS,A,78,2843,1219,0,581,581,268,70,13,145,273,1175,510,241,186,46,13
JONESST01,1973,Steve,Jones,CAR,A,86,2092,941,0,234,234,185,26,15,175,223,899,400,168,128,43,13
JONESWI01,1973,Wil,Jones,MMT,A,81,2842,1072,0,665,665,205,105,82,184,276,997,453,220,163,26,3
JOYCEKE01,1973,Kevin,Joyce,IND,A,56,987,411,0,92,92,128,32,8,80,86,432,171,78,64,27,5
KARLGE01,1973,George,Karl,SAS,A,74,1339,574,0,126,126,160,65,10,92,161,502,236,113,94,22,8
KAUFFBO01,1973,Bob,Kauffman,BUF,N,74,1304,449,97,229,326,142,37,18,0,155,366,171,150,107,0,0
KELLEBI01,1973,Billy,Keller,IND,A,75,1428,715,0,128,128,172,37,3,100,83,615,279,123,107,131,50
KELSOBE01,1973,Ben,Kelso,DET,N,46,298,85,15,16,31,18,12,1,0,45,96,35,22,15,0,0
KENNEGO01,1973,Goo,Kennedy,SAS,A,76,1440,448,0,387,387,83,59,15,79,240,352,194,87,60,0,0
KENONLA01,1973,Larry,Kennon,NYN,A,84,2908,1334,0,962,962,112,79,19,250,251,1274,589,222,156,1,0
KEYEJU01,1973,Julius,Keye,DEN,A,79,2595,352,0,689,689,135,40,149,87,240,329,147,84,57,5,1
KIMBATO01,1973,Toby,Kimball,PHI,N,75,1592,559,185,367,552,73,49,23,0,199,456,216,185,127,0,0
KINGRO01,1973,Ron,King,KEN,A,9,126,64,0,19,19,14,5,2,7,14,70,24,17,14,6,2
KOJISDO01,1973,Don,Kojis,KCO,N,77,2091,1010,126,257,383,110,77,15,0,157,836,400,272,210,0,0
KOMIVHO01,1973,Howard,Komives,KCO,N,44,830,189,10,33,43,97,32,3,0,83,192,78,38,33,0,0
KOZELTO01,1973,Tom,Kozelko,CAP,N,49,573,141,52,72,124,25,21,7,0,82,133,59,32,23,0,0
KUBERST01,1973,Steve,Kuberski,BOS,N,78,985,400,96,141,237,38,7,7,0,125,368,157,111,86,0,0
KUNNEKE01,1973,Kevin,Kunnert,BUF,N,39,340,109,43,63,106,25,5,25,0,83,101,49,16,11,0,0
KUNNEKE01,1973,Kevin,Kunnert,TOT,N,64,701,231,83,134,217,43,10,54,0,151,215,105,33,21,0,0
KUNNEKE01,1973,Kevin,Kunnert,HOU,N,25,361,122,40,71,111,18,5,29,0,68,114,56,17,10,0,0
LACEYSA01,1973,Sam,Lacey,KCO,N,79,3107,1119,293,762,1055,299,126,184,0,254,982,467,247,185,0,0
LACKEBO01,1973,Bob,Lackey,NYN,A,3,15,6,0,4,4,1,1,0,1,2,7,3,0,0,0,0
LADNEWE01,1973,Wendell,Ladner,KEN,A,64,1565,541,0,428,428,149,108,6,128,233,670,244,53,29,90,24
LAMARBO01,1973,Bo,Lamar,SDQ,A,84,2824,1713,0,292,292,288,129,13,183,155,1726,686,350,272,247,69
LANIEBO01,1973,Bob,Lanier,DET,N,81,3047,1822,269,805,1074,343,110,247,0,273,1483,748,409,326,0,0
LANTZST01,1973,Stu,Lantz,DET,N,50,980,447,34,79,113,97,38,3,0,79,361,154,164,139,0,0
LAYTODE01,1973,Dennis,Layton,POR,N,22,327,124,0,33,33,51,9,1,0,45,112,55,26,14,0,0
LAYTOMO01,1973,Mo,Layton,MMT,A,3,65,19,0,4,4,7,0,1,7,4,17,8,3,3,0,0
LEAKSEM01,1973,Emanuel,Leaks,CAP,N,53,845,216,94,150,244,25,10,39,0,95,232,79,83,58,0,0
LEECL01,1973,Clyde,Lee,GSW,N,54,1642,320,188,410,598,68,27,17,0,179,284,129,107,62,0,0
LEERU01,1973,Russell,Lee,MIL,N,36,166,87,16,24,40,20,11,0,0,29,94,38,16,11,0,0
LEHMAGE02,1973,George,Lehman,MMT,A,33,554,172,0,37,37,117,13,4,53,52,177,68,19,18,50,18
LEWISFR01,1973,Freddie,Lewis,IND,A,78,2164,775,0,201,201,322,99,11,169,189,728,290,219,182,72,13
LEWISMI01,1973,Mike,Lewis,CAR,A,3,14,6,0,5,5,0,0,0,1,2,8,3,0,0,0,0
LIGONGO01,1973,Goose,Ligon,VIR,A,19,360,93,0,95,95,11,9,9,24,43,85,37,25,19,1,0
LITTLGE01,1973,Gene,Littles,CAR,A,84,2017,707,0,231,231,280,105,17,122,159,626,294,161,115,23,4
LONGWI01,1973,Willie,Long,DEN,A,82,2058,1036,0,466,466,100,54,13,157,244,925,383,325,270,2,0
LOVEBO01,1973,Bob,Love,CHI,N,82,3292,1785,183,309,492,130,84,28,0,221,1752,731,395,323,0,0
LOVEST01,1973,Stan,Love,LAL,N,51,698,287,54,116,170,48,28,20,0,132,278,119,64,49,0,0
LUCASJE01,1973,Jerry,Lucas,NYK,N,73,1627,455,62,312,374,230,28,24,0,134,420,194,96,67,0,0
MACALMI01,1973,Mike,Macaluso,BUF,N,30,112,48,10,15,25,3,7,1,0,31,44,19,17,10,0,0
MANAKTE01,1973,Ted,Manakas,KCO,N,5,45,12,0,3,3,2,1,0,0,4,10,4,4,4,0,0
MANNIED01,1973,Ed,Manning,CAR,A,82,1816,681,0,370,370,100,93,16,95,210,609,297,101,86,2,1
MARAVPE02,1973,Pete,Maravich,ATL,N,76,2903,2107,98,276,374,396,111,13,0,261,1791,819,568,469,0,0
MARINJA01,1973,Jack,Marin,BUF,N,27,680,361,30,92,122,46,23,18,0,93,266,145,81,71,0,0
MARINJA01,1973,Jack,Marin,TOT,N,74,1782,863,59,169,228,167,46,26,0,213,709,355,179,153,0,0
MARINJA01,1973,Jack,Marin,HOU,N,47,1102,502,29,77,106,121,23,8,0,120,443,210,98,82,0,0
MARSHVE01,1973,Vester,Marshall,SEA,N,13,174,17,14,23,37,4,4,3,0,20,29,7,7,3,0,0
MARTILA01,1973,Larue,Martin,POR,N,50,538,244,74,107,181,20,7,26,0,90,232,101,66,42,0,0
MAYDO01,1973,Don,May,PHI,N,56,812,393,25,111,136,63,25,8,0,137,367,152,102,89,0,0
MCADOBO01,1973,Bob,Mcadoo,BUF,N,74,3185,2261,281,836,1117,170,88,246,0,252,1647,901,579,459,0,0
MCCLATE01,1973,Ted,Mcclain,CAR,A,84,2582,1099,0,358,358,348,250,25,239,326,872,423,325,251,27,2
MCCRAPA01,1973,Paul,Mccracken,HOU,N,4,13,2,1,5,6,2,0,0,0,3,4,1,0,0,0,0
MCDANJI01,1973,Jim,Mcdaniels,SEA,N,27,439,149,51,77,128,24,7,15,0,48,173,63,43,23,0,0
MCFARPA01,1973,Pat,Mcfarland,DEN,A,67,757,361,0,134,134,64,23,6,41,69,359,159,52,35,24,8
MCGINGE01,1973,George,Mcginnis,IND,A,80,3266,2071,0,1197,1197,267,159,40,393,325,1686,789,715,488,34,5
MCGLOJO01,1973,Jon,Mcglocklin,MIL,N,79,1910,730,33,106,139,241,43,7,0,128,693,329,80,72,0,0
MCGUIAL02,1973,Allie,Mcguire,NYK,N,2,10,4,0,2,2,1,0,0,0,2,4,2,0,0,0,0
MCINTKE01,1973,Kenny,Mcintosh,SEA,N,69,2056,511,111,250,361,94,52,29,0,178,573,223,107,65,0,0
MCKENST01,1973,Stan,Mckenzie,HOU,N,11,112,20,3,13,16,6,3,0,0,17,24,7,8,6,0,0
MCMILJI01,1973,Jim,Mcmillian,BUF,N,82,3322,1525,216,394,610,256,129,26,0,186,1214,600,379,325,0,0
MCNEILA01,1973,Larry,Mcneill,KCO,N,54,516,311,60,86,146,24,35,6,0,76,220,106,140,99,0,0
MEELYCL01,1973,Cliff,Meely,HOU,N,77,1754,750,103,336,439,124,53,77,0,234,773,330,140,90,0,0
MELCHBI01,1973,Bill,Melchionni,NYN,A,56,1146,296,0,77,77,207,51,5,86,94,276,116,71,59,23,5
MELCHGA01,1973,Gary,Melchionni,PHO,N,69,1251,496,46,96,142,142,41,9,0,85,439,202,107,92,0,0
MEMINDE01,1973,Dean,Meminger,NYK,N,78,2079,651,125,156,281,162,62,8,0,161,539,274,160,103,0,0
MENGEJO01,1973,John,Mengelt,DET,N,77,1555,680,40,166,206,148,68,7,0,164,558,249,229,182,0,0
MILLELA01,1973,Larry,Miller,VIR,A,80,1968,713,0,209,209,144,56,6,120,138,638,281,228,151,3,0
MIXST01,1973,Steve,Mix,PHI,N,82,2969,1218,305,559,864,152,212,37,0,305,1042,495,288,228,0,0
MONROEA01,1973,Earl,Monroe,NYK,N,41,1194,573,22,99,121,110,34,19,0,97,513,240,113,93,0,0
MOOREGE01,1973,Gene,Moore,SDQ,A,49,897,350,0,292,292,59,26,51,74,133,340,154,85,41,7,1
MOOREOT01,1973,Otto,Moore,KCO,N,65,633,211,60,140,200,47,16,31,0,62,171,88,54,35,0,0
MOOREOT01,1973,Otto,Moore,HOU,N,13,313,68,20,64,84,18,10,18,0,37,69,32,8,4,0,0
MOOREOT01,1973,Otto,Moore,TOT,N,78,946,279,80,204,284,65,26,49,0,99,240,120,62,39,0,0
MOUNTRI01,1973,Rick,Mount,UTS,A,52,753,429,0,60,60,66,27,1,48,77,410,179,71,59,46,12
MUELLER01,1973,Erwin,Mueller,MMT,A,3,20,2,0,3,3,2,0,0,3,5,4,0,5,2,0,0
MULLIJE01,1973,Jeff,Mullins,GSW,N,77,2498,1250,86,190,276,305,69,22,0,214,1144,541,192,168,0,0
MURPHCA01,1973,Calvin,Murphy,HOU,N,81,2922,1652,51,137,188,603,157,4,0,310,1285,671,357,310,0,0
NASHBO01,1973,Bob,Nash,DET,N,35,281,106,31,43,74,14,3,10,0,35,115,41,39,24,0,0
NATERSW01,1973,Swen,Nater,SAS,A,79,2375,1114,0,998,998,129,32,63,200,214,846,467,254,180,1,0
NEALLL01,1973,Lloyd,Neal,POR,N,80,1517,609,150,344,494,89,45,73,0,190,502,246,168,117,0,0
NELSODO01,1973,Don,Nelson,BOS,N,82,1748,943,90,255,345,162,19,13,0,189,717,364,273,215,0,0
NELSOLO01,1973,Louie,Nelson,CAP,N,49,556,239,26,44,70,52,31,2,0,62,215,93,73,53,0,0
NETOLBO01,1973,Bob,Netolicky,IND,A,75,1645,736,0,393,393,94,28,33,98,113,644,314,165,106,6,2
NEUMAJO01,1973,Johnny,Neumann,UTS,A,87,2056,1148,0,226,226,254,95,26,248,283,1070,482,215,166,74,18
NEWLIMI01,1973,Mike,Newlin,HOU,N,76,2591,1400,77,185,262,363,87,9,0,259,1139,510,444,380,0,0
NEWTOBI01,1973,Bill,Newton,IND,A,11,73,15,0,18,18,5,2,0,7,12,15,7,2,1,0,0
NORWOWI01,1973,Willie,Norwood,DET,N,74,1178,589,95,134,229,58,60,9,0,156,484,247,143,95,0,0
OBRIEJI01,1973,Jimmy,Obrien,KEN,A,72,1320,508,0,134,134,254,63,1,113,79,513,211,95,79,27,7
OBRIEJI02,1973,Jim,Obrien,NYN,A,11,54,39,0,17,17,6,3,3,8,5,37,15,15,9,4,0
OWENSJI01,1973,Jim,Owens,PHO,N,17,101,53,1,8,9,15,5,0,0,6,39,21,14,11,0,0
OWENSTO01,1973,Tom,Owens,CAR,A,81,2284,1116,0,717,717,127,54,41,171,308,843,444,294,226,6,2
PARKHBA01,1973,Barry,Parkhill,VIR,A,60,869,283,0,65,65,96,28,12,80,151,310,115,61,50,16,3
PATTEST01,1973,Steve,Patterson,CLE,N,76,1910,593,223,396,619,165,48,58,0,193,599,262,112,69,0,0
PATTETO01,1973,Tommy,Patterson,CAP,N,2,8,1,1,1,2,2,0,0,0,0,1,0,2,1,0,0
PAULTBI01,1973,Billy,Paultz,NYN,A,77,2596,1260,0,782,782,167,60,147,175,238,1051,519,308,222,1,0
PENDEJE01,1973,Jerry,Pender,SDQ,A,11,68,27,0,5,5,4,6,0,9,11,30,8,13,10,3,1
PERRYCU01,1973,Curtis,Perry,MIL,N,81,2386,728,242,461,703,183,104,97,0,301,729,325,134,78,0,0
PETRIGE01,1973,Geoff,Petrie,POR,N,73,2800,1771,64,144,208,315,84,15,0,199,1537,740,341,291,0,0
PORTEHO01,1973,Howard,Porter,CHI,N,73,1229,684,86,199,285,32,23,39,0,116,658,296,115,92,0,0
PORTEKE01,1973,Kevin,Porter,CAP,N,81,2339,1134,79,100,179,469,95,9,0,319,997,477,249,180,0,0
POWELCI01,1973,Cincy,Powell,VIR,A,82,2485,1275,0,519,519,136,46,32,186,270,1167,528,296,209,31,10
PRICEJI01,1973,Jim,Price,LAL,N,82,2628,1263,120,258,378,369,157,29,0,229,1197,538,234,187,0,0
RACKLLU01,1973,Luke,Rackley,PHI,N,9,68,18,5,17,22,0,3,4,0,11,13,5,11,8,0,0
RATLEED01,1973,Ed,Ratleff,HOU,N,81,1773,611,93,193,286,181,90,27,0,182,585,254,129,103,0,0
RATLIMI01,1973,Mike,Ratliff,KCO,N,2,4,0,0,0,0,0,0,0,0,0,0,0,0,0,0,0
RAYCL01,1973,Clifford,Ray,CHI,N,80,2632,747,285,692,977,246,58,173,0,281,612,313,199,121,0,0
REAVEJO01,1973,Joe,Reaves,MMT,A,19,210,80,0,54,54,7,4,13,17,23,81,36,17,8,0,0
REEDWI01,1973,Willis,Reed,NYK,N,19,500,210,47,94,141,30,12,21,0,49,184,84,53,42,0,0
RIKERTO01,1973,Tom,Riker,NYK,N,17,57,38,9,6,15,3,0,0,0,6,29,13,17,12,0,0
RILEYPA01,1973,Pat,Riley,LAL,N,72,1361,684,38,90,128,148,54,3,0,173,667,287,144,110,0,0
RILEYRO01,1973,Ron,Riley,KCO,N,12,170,62,13,43,56,8,3,2,0,27,57,24,24,14,0,0
RILEYRO01,1973,Ron,Riley,TOT,N,48,591,186,48,129,177,37,18,24,0,95,202,81,38,24,0,0
RILEYRO01,1973,Ron,Riley,HOU,N,36,421,124,35,86,121,29,15,22,0,68,145,57,14,10,0,0
RINALRI01,1973,Rich,Rinaldi,CAP,N,12,76,21,2,10,12,11,6,3,1,7,36,7,8,7,1,0
RIORDMI01,1973,Mike,Riordan,CAP,N,81,3230,1290,120,260,380,264,102,14,0,237,1223,577,174,136,0,0
ROBBIAU01,1973,Austin,Robbins,SDQ,A,80,1627,669,0,386,386,89,40,34,89,112,577,276,136,116,13,1
ROBERMA01,1973,Marv,Roberts,CAR,A,74,1599,662,0,371,371,119,47,7,100,153,598,266,164,129,1,1
ROBEROS01,1973,Oscar,Robertson,MIL,N,70,2477,888,71,208,279,446,77,4,0,132,772,338,254,212,0,0
ROBERRI01,1973,Rick,Roberson,POR,N,69,2060,933,251,450,701,133,65,55,0,252,797,364,316,205,0,0
ROBINFL01,1973,Flynn,Robinson,SDQ,A,49,779,430,0,78,78,112,23,2,50,72,405,185,68,52,30,8
ROBINRO01,1973,Ronnie,Robinson,MMT,A,62,1170,397,0,281,281,49,20,9,68,123,394,174,73,49,1,0
ROBINWI01,1973,Wil,Robinson,MMT,A,45,956,389,0,79,79,132,51,9,92,124,402,166,67,57,6,0
ROBISDA01,1973,Dave,Robisch,DEN,A,84,2469,1216,0,708,708,152,45,66,103,225,950,449,411,318,0,0
ROCHEJO01,1973,John,Roche,NYN,A,84,2180,978,0,122,122,363,57,15,184,157,829,397,177,148,105,36
ROWECU01,1973,Curtis,Rowe,DET,N,82,2499,878,167,348,515,136,49,36,0,177,769,380,169,118,0,0
RUFFNPA01,1973,Paul,Ruffner,BUF,N,20,51,30,4,7,11,0,1,1,0,10,27,11,13,8,0,0
RULEBO01,1973,Bob,Rule,CLE,N,26,540,186,43,60,103,47,12,10,0,71,192,76,46,34,0,0
RUSSECA01,1973,Cazzie,Russell,GSW,N,82,2574,1684,142,211,353,192,54,17,0,194,1531,738,249,208,0,0
SCHAEBI01,1973,Billy,Schaeffer,NYN,A,59,871,385,0,141,141,37,24,9,53,140,344,171,54,41,9,2
SCHLUDA01,1973,Dale,Schlueter,ATL,N,57,547,164,54,101,155,45,25,22,0,84,135,63,50,38,0,0
SCOTTCH01,1973,Charlie,Scott,PHO,N,52,2003,1322,64,158,222,271,99,22,0,194,1171,538,315,246,0,0
SEALSBR01,1973,Bruce,Seals,UTS,A,78,1358,545,0,279,279,54,57,57,81,199,605,229,108,68,90,19
SHEPHBI01,1973,Billy,Shepherd,SDQ,A,84,1738,507,0,107,107,371,97,10,120,102,530,200,66,42,202,65
SIBLEMA01,1973,Mark,Sibley,POR,N,28,124,46,9,16,25,13,4,1,0,23,56,20,7,6,0,0
SILASJA01,1973,James,Silas,SAS,A,84,3096,1321,0,343,343,319,90,8,220,256,1017,486,420,349,1,0
SILASPA01,1973,Paul,Silas,BOS,N,82,2599,944,334,581,915,186,63,20,0,246,772,340,337,264,0,0
SIMONWA01,1973,Walt,Simon,KEN,A,80,1164,525,0,209,209,117,38,10,77,133,492,233,68,57,13,2
SIMPSRA01,1973,Ralph,Simpson,DEN,A,75,2244,1404,0,326,326,191,103,12,196,190,1395,597,276,208,24,2
SLOANJE01,1973,Jerry,Sloan,CHI,N,77,2860,1018,150,406,556,149,183,10,0,273,921,412,273,194,0,0
SMITHAL01,1973,Al,Smith,DEN,A,76,2435,831,0,241,241,619,100,7,273,257,779,311,242,187,72,22
SMITHBI01,1973,Bingo,Smith,CLE,N,82,2612,1211,134,301,435,198,89,30,0,242,1179,536,169,139,0,0
SMITHDO01,1973,Don,Smith,HOU,N,79,2459,865,259,664,923,166,80,104,0,227,732,336,240,193,0,0
SMITHEL01,1973,Elmore,Smith,LAL,N,81,2922,1015,204,702,906,150,71,393,0,309,949,434,249,147,0,0
SMITHGR01,1973,Greg,Smith,POR,N,67,878,246,65,124,189,78,41,6,0,126,228,99,79,48,0,0
SMITHRA01,1973,Randy,Smith,BUF,N,82,2745,1267,87,228,315,383,203,4,0,261,1079,531,288,205,0,0
SNYDEDI01,1973,Dick,Snyder,SEA,N,74,2670,1338,90,216,306,265,90,26,0,257,1189,572,224,194,0,0
SOJOUWI01,1973,Willie,Sojourner,NYN,A,82,1316,458,0,335,335,54,24,88,85,205,419,202,64,54,3,0
STALLDA01,1973,Dave,Stallworth,CAP,N,45,458,197,52,73,125,25,28,4,0,61,187,75,55,47,0,0
STALLIS01,1973,Isaac,Stallworth,SEA,N,67,1019,424,51,123,174,33,21,12,0,129,479,188,77,48,0,0
STEELLA01,1973,Larry,Steele,POR,N,81,2648,785,89,221,310,323,217,32,0,295,680,325,171,135,0,0
STOVAPA01,1973,Paul,Stovall,SDQ,A,13,194,100,0,58,58,12,4,6,21,32,73,36,44,28,0,0
SWIFTSK01,1973,Skeeter,Swift,SAS,A,16,153,63,0,16,16,15,3,0,13,26,67,23,20,16,12,1
TAYLOBR01,1973,Brian,Taylor,NYN,A,75,2505,834,0,214,214,341,154,22,164,192,762,363,143,100,29,8
TAYLOFA01,1973,Fatty,Taylor,VIR,A,80,2812,772,0,377,377,416,215,15,279,270,709,292,256,185,19,3
TAYLOOL01,1973,Ollie,Taylor,CAR,A,31,519,190,0,88,88,54,20,6,58,63,150,65,86,58,4,2
TERRYCH01,1973,Chuck,Terry,SAS,A,68,1125,309,0,169,169,76,18,9,33,141,306,136,41,36,2,1
TERRYCL01,1973,Claude,Terry,DEN,A,60,587,300,0,71,71,73,12,3,57,64,255,113,69,60,35,14
THIGPJU01,1973,Justus,Thigpen,KCO,N,1,2,2,1,0,1,0,0,0,0,0,3,1,0,0,0,0
THOMARO01,1973,Ron,Thomas,KEN,A,71,976,294,0,289,289,62,48,7,71,156,273,128,63,37,7,1
THOMPGE01,1973,George,Thompson,MMT,A,78,2732,1498,0,273,273,396,117,24,210,234,1134,539,519,410,54,10
THURMNA01,1973,Nate,Thurmond,GSW,N,62,2463,807,249,629,878,165,41,179,0,179,694,308,287,191,0,0
TOMJARU01,1973,Rudy,Tomjanovich,HOU,N,80,3227,1961,230,487,717,250,89,66,0,230,1470,788,454,385,0,0
TRAPPGE01,1973,George,Trapp,DET,N,82,1489,765,97,216,313,81,47,33,0,226,693,333,134,99,0,0
TSCHOJO01,1973,John,Tschogl,ATL,N,64,499,128,33,43,76,33,17,20,0,69,166,59,17,10,0,0
TWARDDA01,1973,Dave,Twardzik,VIR,A,57,1413,497,0,181,181,170,60,8,118,173,343,163,214,168,15,3
UNSELWE01,1973,Wes,Unseld,CAP,N,56,1727,328,152,365,517,159,56,16,0,121,333,146,55,36,0,0
VANARDI01,1973,Dick,Vanarsdale,PHO,N,78,2832,1389,66,155,221,324,96,17,0,241,1028,514,423,361,0,0
VANARTO01,1973,Tom,Vanarsdale,PHI,N,78,3041,1526,88,305,393,202,62,3,0,300,1433,614,350,298,0,0
VANLINO01,1973,Norm,Vanlier,CHI,N,80,2863,1142,114,263,377,548,162,7,0,282,1051,427,370,288,0,0
VERGABO01,1973,Bob,Verga,POR,N,21,216,104,11,7,18,17,12,0,0,22,93,42,32,20,0,0
WALKECH01,1973,Chet,Walker,CHI,N,82,2661,1583,131,275,406,200,68,4,0,201,1178,572,502,439,0,0
WALKEJI01,1973,Jimmy,Walker,HOU,N,3,38,14,0,2,2,4,0,0,0,4,12,7,1,0,0,0
WALKEJI01,1973,Jimmy,Walker,KCO,N,72,2920,1423,39,163,202,303,81,9,0,166,1228,575,332,273,0,0
WALKEJI01,1973,Jimmy,Walker,TOT,N,75,2958,1437,39,165,204,307,81,9,0,170,1240,582,333,273,0,0
WALKNE01,1973,Neal,Walk,PHO,N,82,2549,1381,235,602,837,331,73,57,0,255,1245,573,297,235,0,0
WARNECO01,1973,Cornell,Warner,CLE,N,5,49,8,5,12,17,4,0,2,0,7,13,2,4,4,0,0
WARNECO01,1973,Cornell,Warner,TOT,N,72,1405,433,106,291,397,71,27,42,0,204,349,174,114,85,0,0
WARNECO01,1973,Cornell,Warner,MIL,N,67,1356,425,101,279,380,67,27,40,0,197,336,172,110,81,0,0
WARREBO01,1973,Bobby,Warren,SAS,A,59,799,283,0,104,104,74,21,13,62,73,255,110,73,63,6,0
WARREJO01,1973,Johnny,Warren,CLE,N,69,790,299,42,86,128,62,27,6,0,117,291,132,41,35,0,0
WASHIJI01,1973,Jim,Washington,ATL,N,73,2519,728,207,528,735,156,49,74,0,249,612,297,196,134,0,0
WASHIKE01,1973,Kermit,Washington,LAL,N,45,400,172,62,85,147,19,21,18,0,77,151,73,49,26,0,0
WATTSSL01,1973,Slick,Watts,SEA,N,62,1424,496,72,110,182,351,115,13,0,207,510,198,155,100,0,0
WEATHNI01,1973,Nick,Weatherspoon,CAP,N,65,1216,494,133,264,397,38,48,16,0,179,483,199,139,96,0,0
WEISSBO01,1973,Bob,Weiss,CHI,N,79,1708,668,32,71,103,303,104,12,0,156,564,263,170,142,0,0
WESLEWA01,1973,Walt,Wesley,CAP,N,39,400,168,63,73,136,14,9,20,0,74,151,71,43,26,0,0
WESTJE01,1973,Jerry,West,LAL,N,31,967,629,30,86,116,206,81,23,0,80,519,232,198,165,0,0
WESTPPA01,1973,Paul,Westphal,BOS,N,82,1165,588,49,94,143,171,39,34,0,173,475,238,153,112,0,0
WETZEJO01,1973,John,Wetzel,ATL,N,70,1232,255,39,131,170,138,73,19,0,147,252,107,57,41,0,0
WHITEJO01,1973,Jojo,White,BOS,N,82,3238,1488,100,251,351,448,105,25,0,185,1445,649,227,190,0,0
WICKSSI01,1973,Sidney,Wicks,POR,N,75,2853,1684,196,488,684,326,90,63,0,214,1492,685,412,314,0,0
WILKELE01,1973,Lenny,Wilkens,CLE,N,74,2483,1213,80,197,277,522,97,17,0,165,994,462,361,289,0,0
WILLIAR01,1973,Arthur,Williams,BOS,N,67,617,173,20,95,115,163,44,3,0,100,168,73,32,27,0,0
WILLIBE01,1973,Bernie,Williams,VIR,A,6,51,15,0,4,4,7,1,0,5,3,19,6,2,2,2,1
WILLICH02,1973,Chuck,Williams,SDQ,A,90,2876,1113,0,250,250,557,89,11,256,198,918,405,382,299,12,4
WILLIJO02,1973,John,Williamson,NYN,A,77,2264,1116,0,213,213,243,86,27,208,254,982,482,190,150,11,2
WILLIMI02,1973,Milt,Williams,SEA,N,53,505,165,19,28,47,103,25,0,0,82,149,62,63,41,0,0
WILLINA01,1973,Nate,Williams,KCO,N,82,2513,1269,118,226,344,182,149,34,0,290,1165,538,236,193,0,0
WILLIRO01,1973,Ron,Williams,MIL,N,71,1130,444,19,50,69,153,49,2,0,114,393,192,68,60,0,0
WINFILE01,1973,Lee,Winfield,BUF,N,36,433,107,19,24,43,47,15,5,0,42,105,37,52,33,0,0
WINGOHA01,1973,Harthorne,Wingo,NYK,N,60,536,212,72,94,166,25,7,14,0,85,172,82,76,48,0,0
WISEWI01,1973,Willie,Wise,UTS,A,82,3292,1826,0,623,623,302,118,43,202,246,1458,714,501,396,16,2
WITTELU01,1973,Luke,Witte,CLE,N,57,728,256,80,147,227,41,8,22,0,91,243,105,62,46,0,0
WOHLDA01,1973,Dave,Wohl,HOU,N,26,449,155,4,13,17,109,43,1,0,64,127,61,42,33,0,0
WOHLDA01,1973,Dave,Wohl,TOT,N,67,1055,317,11,35,46,236,76,2,0,136,277,121,102,75,0,0
WOHLDA01,1973,Dave,Wohl,BUF,N,41,606,162,7,22,29,127,33,1,0,72,150,60,60,42,0,0
WRIGHJO01,1973,Joby,Wright,MMT,A,3,31,12,0,14,14,0,0,1,4,7,16,5,2,2,0,0
WUYCIDE01,1973,Dennis,Wuycik,CAR,A,49,492,228,0,106,106,31,16,4,40,88,190,88,77,51,2,1
ABDULKA01,1974,Kareem,Abdul-jabbar,MIL,N,65,2747,1949,194,718,912,264,65,212,0,205,1584,812,426,325,0,0
ADAMSDO01,1974,Don,Adams,TOT,N,67,1718,400,63,249,312,129,82,22,27,217,413,169,100,62,1,0
ADAMSDO01,1974,Don,Adams,STL,A,16,342,101,21,47,68,54,13,2,27,38,98,42,22,17,1,0
ADAMSDO01,1974,Don,Adams,DET,N,51,1376,299,63,181,244,75,69,20,0,179,315,127,78,45,0,0
ADAMSGE01,1974,George,Adams,SDQ,A,75,1605,694,0,327,327,126,44,36,106,164,622,310,86,73,3,1
ADELMRI01,1974,Rick,Adelman,KCO,N,18,121,30,6,8,14,8,7,1,0,12,28,13,5,4,0,0
ADELMRI01,1974,Rick,Adelman,CHI,N,12,340,114,6,20,26,35,16,1,0,31,104,43,39,28,0,0
ADELMRI01,1974,Rick,Adelman,NOJ,N,28,613,175,13,42,55,69,47,6,0,58,159,67,59,41,0,0
ADELMRI01,1974,Rick,Adelman,TOT,N,58,1074,319,25,70,95,112,70,8,0,101,291,123,103,73,0,0
ALLENLU01,1974,Lucius,Allen,TOT,N,66,2353,1260,90,188,278,372,136,29,0,217,1170,511,306,238,0,0
ALLENLU01,1974,Lucius,Allen,LAL,N,56,2011,1093,81,166,247,319,122,28,0,194,1006,443,269,207,0,0
ALLENLU01,1974,Lucius,Allen,MIL,N,10,342,167,9,22,31,53,14,1,0,23,164,68,37,31,0,0
ANDERDA02,1974,Daniel,Anderson,POR,N,43,453,120,8,21,29,81,16,1,0,44,105,47,30,26,0,0
ARCHINA01,1974,Nate,Archibald,KCO,N,82,3244,2170,48,174,222,557,119,7,0,187,1664,759,748,652,0,0
ARDJI01,1974,Jim,Ard,BOS,N,59,719,226,59,140,199,40,13,32,0,96,266,89,65,48,0,0
AVERIWI01,1974,Bird,Averitt,KEN,A,84,2031,1100,0,185,185,319,87,13,232,212,1014,422,320,249,47,7
AWTREDE01,1974,Dennis,Awtrey,PHO,N,82,2837,810,242,462,704,342,60,52,0,227,722,339,195,132,0,0
BAILEGU01,1974,Gus,Bailey,HOU,N,47,446,122,23,59,82,59,17,16,0,52,126,51,41,20,0,0
BANTOMI01,1974,Mike,Bantom,PHO,N,82,2239,1021,211,342,553,159,62,47,0,273,907,418,259,185,0,0
BARNEJI02,1974,Jim,Barnett,NYK,N,28,538,183,15,36,51,39,12,0,0,51,172,70,50,43,0,0
BARNEJI02,1974,Jim,Barnett,NOJ,N,45,1238,586,45,83,128,137,35,16,0,109,480,215,188,156,0,0
BARNEJI02,1974,Jim,Barnett,TOT,N,73,1776,769,60,119,179,176,47,16,0,160,652,285,238,199,0,0
BARNEMA01,1974,Marvin,Barnes,STL,A,77,3076,1849,0,1202,1202,250,96,137,307,328,1561,777,440,295,3,0
BARRMI01,1974,Mike,Barr,STL,A,54,1341,300,0,95,95,176,67,14,100,117,269,136,41,28,2,0
BARRYRI01,1974,Rick,Barry,GSW,N,80,3235,2450,92,364,456,492,228,33,0,225,2217,1028,436,394,0,0
BASSETI01,1974,Tim,Bassett,SDQ,A,72,1998,573,0,526,526,117,45,36,97,159,518,244,146,82,4,3
BATTSLL01,1974,Lloyd,Batts,VIR,A,58,1317,598,0,197,197,106,73,6,89,104,680,249,94,58,147,42
BEARDBU01,1974,Butch,Beard,GSW,N,82,2521,1048,116,200,316,345,132,11,0,297,773,408,279,232,0,0
BEATYZE01,1974,Zelmo,Beaty,LAL,N,69,1213,380,93,234,327,74,45,29,0,130,310,136,135,108,0,0
BECKBY01,1974,Byron,Beck,DEN,A,84,1818,849,0,343,343,106,59,14,76,270,745,384,97,81,1,0
BEHAGRO01,1974,Ron,Behagen,KCO,N,81,2205,865,146,446,592,153,60,42,0,301,834,333,264,199,0,0
BELLAWA01,1974,Walt,Bellamy,NOJ,N,1,14,6,0,5,5,0,0,0,0,2,2,2,2,2,0,0
BELLDE01,1974,Dennis,Bell,NYK,N,52,465,156,48,57,105,25,22,9,0,54,181,68,36,20,0,0
BENBOLE01,1974,Leon,Benbow,CHI,N,39,252,85,14,24,38,25,11,6,0,41,94,35,18,15,0,0
BIBBYHE01,1974,Henry,Bibby,NYK,N,47,876,427,29,58,87,105,29,3,0,96,400,179,96,69,0,0
BIBBYHE01,1974,Henry,Bibby,NOJ,N,28,524,250,18,32,50,76,25,0,0,61,219,91,93,68,0,0
BIBBYHE01,1974,Henry,Bibby,TOT,N,75,1400,677,47,90,137,181,54,3,0,157,619,270,189,137,0,0
BILLILI01,1974,Lionel,Billingy,VIR,A,46,1022,393,0,280,280,49,40,10,122,112,351,150,143,93,2,0
BINGDA01,1974,Dave,Bing,DET,N,79,3222,1499,86,200,286,610,116,26,0,222,1333,578,424,343,0,0
BLOCKJO01,1974,John,Block,NOJ,N,4,57,27,6,12,18,7,4,1,0,11,29,9,10,9,0,0
BLOCKJO01,1974,John,Block,TOT,N,54,939,432,69,163,232,51,42,32,0,121,346,159,144,114,0,0
BLOCKJO01,1974,John,Block,CHI,N,50,882,405,63,151,214,44,38,31,0,110,317,150,134,105,0,0
BOERWTO01,1974,Tom,Boerwinkle,CHI,N,80,1175,337,105,275,380,272,25,45,0,163,271,132,95,73,0,0
BOONERO01,1974,Ron,Boone,UTS,A,84,3414,2117,0,406,406,372,126,34,335,265,1776,872,422,363,33,10
BOYDFR01,1974,Fred,Boyd,PHI,N,66,1362,465,16,73,89,161,43,4,0,134,495,205,115,55,0,0
BOYDKE01,1974,Ken,Boyd,NOJ,N,6,25,19,3,2,5,2,3,0,0,2,13,7,11,5,0,0
BRACEST01,1974,Steve,Bracey,GSW,N,42,340,133,10,28,38,52,14,1,0,41,130,54,38,25,0,0
BRADLBI01,1974,Bill,Bradley,NYK,N,79,2787,1048,65,186,251,247,74,18,0,283,1036,452,165,144,0,0
BRADLJI01,1974,Jim,Bradley,KEN,A,56,922,364,0,284,284,68,27,30,73,112,327,144,103,76,4,0
BREWEJI01,1974,Jim,Brewer,CLE,N,82,1991,685,205,304,509,128,77,43,0,150,639,291,159,103,0,0
BRIDGBI01,1974,Bill,Bridges,GSW,N,15,108,31,18,22,40,4,4,0,0,19,36,15,4,1,0,0
BRIDGBI01,1974,Bill,Bridges,LAL,N,17,307,56,46,48,94,27,7,5,0,46,57,20,30,16,0,0
BRIDGBI01,1974,Bill,Bridges,TOT,N,32,415,87,64,70,134,31,11,5,0,65,93,35,34,17,0,0
BRISKJO01,1974,John,Brisker,SEA,N,21,276,162,15,18,33,19,7,3,0,33,141,60,49,42,0,0
BRISTAL01,1974,Allan,Bristow,PHI,N,72,1101,447,111,143,254,99,25,2,0,101,393,163,153,121,0,0
BROKAGA01,1974,Gary,Brokaw,MIL,N,73,1639,594,36,111,147,221,31,18,0,176,514,234,184,126,0,0
BROWNFR01,1974,Fred,Brown,SEA,N,81,2669,1700,113,230,343,284,187,14,0,227,1537,737,272,226,0,0
BROWNJO01,1974,John,Brown,ATL,N,73,1986,815,180,254,434,133,54,15,0,228,684,315,250,185,0,0
BROWNRO01,1974,Rogera,Brown,UTS,A,56,1272,486,0,172,172,114,47,21,94,99,421,181,114,89,100,35
BURLETO01,1974,Tom,Burleson,SEA,N,82,1888,826,155,417,572,115,64,153,0,221,772,322,265,182,0,0
BUSEDO01,1974,Don,Buse,IND,A,80,2369,517,0,272,272,335,166,15,95,149,500,216,59,47,123,38
CALDWJO01,1974,Joe,Caldwell,STL,A,25,841,364,0,111,111,128,49,10,74,78,326,161,87,39,7,3
CALHOCO01,1974,Corky,Calhoun,TOT,N,70,1378,322,109,160,269,79,55,25,0,180,318,132,77,58,0,0
CALHOCO01,1974,Corky,Calhoun,PHO,N,13,108,38,14,19,33,4,6,2,0,20,32,12,15,14,0,0
CALHOCO01,1974,Corky,Calhoun,LAL,N,57,1270,284,95,141,236,75,49,23,0,160,286,120,62,44,0,0
CALVIMA01,1974,Mack,Calvin,DEN,A,74,2463,1444,0,210,210,570,140,8,279,206,996,483,530,475,16,3
CARRAU01,1974,Austin,Carr,CLE,N,41,1081,593,51,56,107,154,48,2,0,57,538,252,106,89,0,0
CARTEFR01,1974,Fred,Carter,PHI,N,77,3046,1686,73,267,340,336,82,20,0,257,1598,715,347,256,0,0
CARTEGE01,1974,George,Carter,MMS,A,82,3066,1508,0,581,581,255,92,33,198,276,1354,590,400,318,37,10
CATCHHA01,1974,Harvey,Catchings,PHI,N,37,528,98,49,104,153,21,10,60,0,82,74,41,25,16,0,0
CHANEDO01,1974,Don,Chaney,BOS,N,82,2208,775,171,199,370,181,122,66,0,244,750,321,165,133,0,0
CHARLKE01,1974,Ken,Charles,BUF,N,79,1690,600,68,96,164,171,87,20,0,165,515,240,146,120,0,0
CHENIPH01,1974,Phil,Chenier,WA1,N,77,2869,1681,74,218,292,248,176,58,0,158,1533,690,365,301,0,0
CHONEJI01,1974,Jim,Chones,CLE,N,72,2427,1044,156,521,677,132,49,120,0,247,916,446,224,152,0,0
CLARKAR01,1974,Archie,Clark,SEA,N,77,2481,1071,59,176,235,433,110,5,0,188,919,455,193,161,0,0
CLEAMJI01,1974,Jim,Cleamons,CLE,N,74,2691,882,97,232,329,381,84,21,0,194,768,369,181,144,0,0
CLEMEJO01,1974,John,Clemens,POR,N,77,952,381,33,128,161,76,68,2,0,139,355,168,60,45,0,0
CLYDEBE01,1974,Ben,Clyde,BOS,N,25,157,69,15,26,41,5,5,3,0,34,72,31,9,7,0,0
COLEMEC01,1974,E.c.,Coleman,NOJ,N,77,2176,622,189,360,549,105,82,37,0,277,568,253,166,116,0,0
COLLIDO01,1974,Doug,Collins,PHI,N,81,2820,1453,104,211,315,213,108,17,0,291,1150,561,392,331,0,0
COMBSGL01,1974,Glen,Combs,VIR,A,13,190,76,0,11,11,23,4,2,16,13,67,23,27,24,21,6
COUNTME01,1974,Mel,Counts,NOJ,N,75,1421,520,102,339,441,182,49,43,0,196,495,217,113,86,0,0
COWENDA01,1974,Dave,Cowens,BOS,N,65,2632,1329,229,729,958,296,87,73,0,243,1199,569,244,191,0,0
CUNNIBI01,1974,Billy,Cunningham,PHI,N,80,2859,1563,130,596,726,442,91,35,0,270,1423,609,444,345,0,0
CUNNIDI01,1974,Dick,Cunningham,MIL,N,2,8,0,0,2,2,1,0,0,0,1,0,0,0,0,0,0
DAMPILO01,1974,Lou,Dampier,KEN,A,83,2879,1395,0,211,211,449,92,53,146,140,1195,598,199,161,96,38
DANDRBO01,1974,Bob,Dandridge,MIL,N,80,3031,1593,142,409,551,243,122,48,0,330,1460,691,262,211,0,0
DANIEME01,1974,Mel,Daniels,MMS,A,71,1646,696,0,638,638,125,40,102,141,248,644,290,183,116,0,0
DANTMI01,1974,Mike,D'antoni,KCO,N,67,759,166,13,64,77,107,67,12,0,106,173,69,36,28,0,0
DARKJE01,1974,Jesse,Dark,NYK,N,47,401,170,15,22,37,30,3,1,0,48,157,74,40,22,0,0
DAVISDW01,1974,Dwight,Davis,CLE,N,78,1964,766,108,356,464,150,45,39,0,254,666,295,245,176,0,0
DAVISED01,1974,Edward,Davis,MIL,N,75,1077,426,0,237,237,79,30,5,0,103,363,174,88,78,0,0
DAVISJI01,1974,Jim,Davis,DET,N,79,1078,321,96,189,285,90,50,36,0,129,260,118,117,85,0,0
DAVISLE01,1974,Lee,Davis,SDQ,A,75,1838,891,0,492,492,110,40,40,92,179,733,387,169,113,16,4
DAVISME01,1974,Mel,Davis,NYK,N,62,903,356,70,251,321,54,16,8,0,105,395,154,70,48,0,0
DENTORA01,1974,Randy,Denton,UTS,A,75,1482,692,0,473,473,90,29,43,99,176,597,300,120,92,0,0
DERLIRO01,1974,Rod,Derline,SEA,N,58,666,327,12,47,59,45,23,4,0,47,332,142,56,43,0,0
DICKECL01,1974,Clyde,Dickey,UTS,A,57,458,150,0,54,54,46,14,0,45,45,193,66,21,16,15,2
DICKEDE01,1974,Derrek,Dickey,GSW,N,80,1859,614,190,360,550,125,52,19,0,199,569,274,99,66,0,0
DIETRCO01,1974,Coby,Dietrick,SAS,A,82,1724,522,0,524,524,168,82,55,117,266,444,222,99,76,4,2
DIGREER01,1974,Ernie,Digregorio,BUF,N,31,712,241,6,39,45,151,19,0,0,62,234,103,45,35,0,0
DOWNIST01,1974,Steve,Downing,BOS,N,3,9,0,0,2,2,0,0,0,0,0,2,0,2,0,0,0
DREWJO01,1974,John,Drew,ATL,N,78,2289,1442,357,479,836,138,119,39,0,274,1230,527,544,388,0,0
DRISCTE01,1974,Terry,Driscoll,STL,A,41,403,119,0,104,104,35,9,13,28,52,135,49,29,21,0,0
DUDLECH01,1974,Charles,Dudley,GSW,N,67,756,274,61,84,145,103,40,2,0,105,217,102,97,70,0,0
DURREKE01,1974,Ken,Durrett,KCO,N,21,175,75,14,26,40,8,5,4,0,30,78,32,20,11,0,0
DURREKE01,1974,Ken,Durrett,PHI,N,27,270,90,21,41,62,10,4,4,0,42,88,35,32,20,0,0
DURREKE01,1974,Ken,Durrett,TOT,N,48,445,165,35,67,102,18,9,8,0,72,166,67,52,31,0,0
DUVALDE01,1974,Dennis,Duval,WA1,N,37,137,60,8,15,23,14,16,2,0,34,65,24,18,12,0,0
EAKINJI01,1974,Jim,Eakins,UTS,A,84,2566,1051,0,604,604,146,57,85,173,259,756,380,348,291,0,0
EBERHAL01,1974,Al,Eberhard,DET,N,34,277,79,18,29,47,16,13,1,0,33,85,31,21,17,0,0
EDGECH01,1974,Charlie,Edge,IND,A,77,1142,453,0,340,340,39,53,35,82,103,386,195,114,63,3,0
ELLISLE01,1974,Leroy,Ellis,PHI,N,82,2183,646,195,387,582,117,44,55,0,178,623,287,99,72,0,0
ELMORLE01,1974,Len,Elmore,IND,A,77,1414,509,0,395,395,35,67,91,83,241,523,218,93,72,1,1
ELSTODA01,1974,Darrell,Elston,VIR,A,72,1869,596,0,163,163,202,82,9,126,166,613,250,123,93,18,3
ENGLISC01,1974,Scott,English,SDQ,A,71,1316,490,0,363,363,88,47,20,88,115,494,210,89,69,10,1
ERICKKE01,1974,Keith,Erickson,PHO,N,49,1469,604,70,173,243,170,50,12,0,150,557,237,156,130,0,0
ERVINJU01,1974,Julius,Erving,NYN,A,84,3402,2343,0,914,914,462,186,157,301,256,1806,914,608,486,87,29
FINCHLA01,1974,Larry,Finch,MMS,A,63,1888,663,0,143,143,190,52,6,90,164,593,264,133,115,53,20
FINKEHA01,1974,Hank,Finkel,BOS,N,62,518,127,33,79,112,32,7,3,0,72,129,52,43,23,0,0
FORDCH01,1974,Chris,Ford,DET,N,80,1962,475,93,176,269,230,113,26,0,187,435,206,95,63,0,0
FOSTEFR01,1974,Fred,Foster,CLE,N,73,1136,503,56,54,110,103,22,2,0,130,521,217,97,69,0,0
FOSTEJI01,1974,Jimmy,Foster,STL,A,41,806,183,0,75,75,143,39,5,88,118,209,78,34,27,6,0
FOXJI01,1974,Jim,Fox,SEA,N,75,1766,676,128,363,491,137,48,17,0,168,540,253,212,170,0,0
FRANKWI01,1974,Will,Franklin,SAS,A,24,179,79,0,82,82,10,3,2,18,37,85,32,23,15,1,0
FRAZIWA01,1974,Walt,Frazier,NYK,N,78,3204,1675,90,375,465,474,190,14,0,205,1391,672,400,331,0,0
FREEMDO01,1974,Donnie,Freeman,SAS,A,77,2381,1195,0,184,184,202,65,15,131,169,1012,453,352,289,5,0
FRYERBE01,1974,Bernie,Fryer,NOJ,N,40,696,197,16,52,68,78,50,6,17,54,174,71,71,55,1,0
GALEMI01,1974,Mike,Gale,NYN,A,72,1624,535,0,236,236,165,88,47,111,131,492,228,91,72,23,7
GARRERO01,1974,Rowland,Garrett,CHI,N,70,1183,533,80,167,247,43,24,13,0,124,474,228,97,77,0,0
GERARGU01,1974,Gus,Gerard,STL,A,84,2702,1315,0,655,655,189,63,111,207,274,1220,554,279,206,6,1
GERVIGE01,1974,George,Gervin,SAS,A,84,3113,1965,0,697,697,207,131,138,249,295,1655,784,458,380,55,17
GIANEJO01,1974,John,Gianelli,NYK,N,80,2797,821,214,475,689,163,38,118,0,263,726,343,195,135,0,0
GIBBSDI01,1974,Dick,Gibbs,WA1,N,59,424,196,26,35,61,19,12,3,0,60,190,74,64,48,0,0
GILLIHE01,1974,Herm,Gilliam,ATL,N,60,1393,722,76,128,204,170,77,13,0,124,736,314,113,94,0,0
GILMOAR01,1974,Artis,Gilmore,KEN,A,84,3493,1981,0,1361,1361,208,63,258,344,318,1351,784,592,412,2,1
GOODRGA01,1974,Gail,Goodrich,LAL,N,72,2668,1630,96,123,219,420,102,6,0,214,1429,656,378,318,0,0
GOVANGE01,1974,Gerald,Govan,UTS,A,84,2791,562,0,601,601,230,72,36,195,217,602,239,105,83,2,1
GRANTTR01,1974,Travis,Grant,SDQ,A,53,1998,1335,0,328,328,98,44,21,118,160,1058,576,218,182,2,1
GRAYLE01,1974,Leonard,Gray,SEA,N,75,2280,860,133,345,478,163,63,24,0,292,773,378,144,104,0,0
GREENLA01,1974,Lamar,Green,VIR,A,66,1136,327,0,364,364,63,18,63,60,143,340,139,74,49,0,0
GREENMI01,1974,Mike,Green,DEN,A,81,2557,1411,0,749,749,101,85,174,203,271,1095,593,305,225,4,0
GUOKAMA01,1974,Matt,Guokas,CHI,N,82,2089,588,24,115,139,178,45,17,0,154,500,255,103,78,0,0
HAIRSHA01,1974,Happy,Hairston,LAL,N,74,2283,759,304,642,946,173,52,11,0,218,536,271,271,217,0,0
HAMILJO01,1974,Joe,Hamilton,KEN,A,9,124,38,0,11,11,21,4,0,9,13,40,15,6,5,5,3
HANKIPH01,1974,Phil,Hankinson,BOS,N,3,24,12,1,6,7,2,1,0,0,3,11,6,0,0,0,0
HARRIBE01,1974,Bernie,Harris,BUF,N,11,25,5,2,6,8,1,0,1,0,0,11,2,2,1,0,0
HARRIBI01,1974,Billy,Harris,SDQ,A,76,1221,609,0,122,122,111,55,6,79,166,664,264,96,65,73,16
HASKICL01,1974,Clem,Haskins,WA1,N,70,702,283,29,51,80,79,23,6,0,73,290,115,63,53,0,0
HAVLIJO01,1974,John,Havlicek,BOS,N,82,3132,1573,154,330,484,432,110,16,0,231,1411,642,332,289,0,0
HAWESST01,1974,Steve,Hawes,HOU,N,55,897,325,80,195,275,88,36,36,0,99,279,140,55,45,0,0
HAWKICO01,1974,Connie,Hawkins,LAL,N,43,1026,346,54,144,198,120,51,23,0,116,324,139,99,68,0,0
HAWTHNA01,1974,Nate,Hawthorne,PHO,N,50,618,297,34,58,92,39,30,21,0,94,287,118,94,61,0,0
HAYESEL01,1974,Elvin,Hayes,WA1,N,82,3465,1887,221,783,1004,206,158,187,0,238,1668,739,534,409,0,0
HAYWOSP01,1974,Spencer,Haywood,SEA,N,68,2529,1525,198,432,630,137,54,108,0,173,1325,608,381,309,0,0
HEARDGA01,1974,Garfield,Heard,BUF,N,67,2148,742,185,481,666,190,106,120,0,242,819,318,188,106,0,0
HENDETO01,1974,Tom,Henderson,ATL,N,79,2131,902,51,161,212,314,105,7,0,149,893,367,241,168,0,0
HEWITBI01,1974,Bill,Hewitt,CHI,N,18,467,126,30,86,116,24,9,10,0,46,129,56,23,14,0,0
HIGGIBI01,1974,Bill,Higgins,VIR,A,15,348,138,0,21,21,32,8,1,40,41,139,61,23,15,5,1
HILLMDA01,1974,Darnell,Hillman,IND,A,81,2603,1124,0,747,747,131,73,132,209,330,923,486,202,152,4,0
HUDSOLO01,1974,Lou,Hudson,ATL,N,11,380,242,14,33,47,40,13,2,0,33,225,97,57,48,0,0
HUMMEJO01,1974,John,Hummer,SEA,N,43,568,96,28,76,104,38,8,7,0,63,108,41,51,14,0,0
INGELTO01,1974,Tom,Ingelsby,STL,A,22,344,109,0,50,50,38,14,1,17,19,90,44,27,20,5,1
IRVINGE01,1974,George,Irvine,VIR,A,59,1522,774,0,203,203,108,32,12,94,171,589,311,164,139,37,13
ISSELDA01,1974,Dan,Issel,KEN,A,83,2864,1465,0,710,710,188,76,48,157,197,1303,614,321,237,5,0
JABALWA01,1974,Warren,Jabali,SDQ,A,62,1861,749,0,257,257,358,112,19,184,188,648,254,227,179,193,62
JACKSGR01,1974,Greg,Jackson,TOT,N,49,802,182,19,50,69,96,23,9,0,130,176,73,62,36,0,0
JACKSGR01,1974,Greg,Jackson,NYK,N,5,27,8,2,0,2,3,0,0,0,5,10,4,0,0,0,0
JACKSGR01,1974,Greg,Jackson,PHO,N,44,775,174,17,50,67,93,23,9,0,125,166,69,62,36,0,0
JACKSMI01,1974,Mike,Jackson,VIR,A,82,2023,997,0,457,457,82,47,19,212,308,724,382,295,232,3,1
JACKSPH01,1974,Phil,Jackson,NYK,N,78,2285,841,137,463,600,136,84,53,0,330,712,324,253,193,0,0
JACKSWA01,1974,Wardell,Jackson,SEA,N,56,939,243,53,80,133,30,26,5,0,126,242,96,71,51,0,0
JAMESAA01,1974,Aaron,James,NOJ,N,76,1731,887,140,226,366,66,41,15,0,217,776,370,189,147,0,0
JOHNSCH01,1974,Charlie,Johnson,GSW,N,79,2171,863,134,177,311,233,138,8,0,204,957,394,102,75,0,0
JOHNSGE01,1974,George,Johnson,GSW,N,82,1439,364,217,357,574,67,32,136,0,206,319,152,91,60,0,0
JOHNSJO01,1974,John,Johnson,POR,N,80,2540,1290,162,339,501,240,75,39,0,249,1082,527,301,236,0,0
JOHNSMI01,1974,Mickey,Johnson,CHI,N,38,291,143,32,62,94,20,10,11,0,57,118,53,58,37,0,0
JOHNSOL01,1974,Ollie,Johnson,KCO,N,30,508,161,27,39,66,30,17,13,0,69,130,64,37,33,0,0
JOHNSOL01,1974,Ollie,Johnson,NOJ,N,43,1159,340,60,117,177,80,42,20,0,103,299,139,77,62,0,0
JOHNSOL01,1974,Ollie,Johnson,TOT,N,73,1667,501,87,156,243,110,59,33,0,172,429,203,114,95,0,0
JOHNSST03,1974,Stew,Johnson,MMS,A,81,2812,1431,0,493,493,138,96,26,118,228,1493,664,86,63,132,40
JONESBO01,1974,Bobby,Jones,DEN,A,84,2706,1245,0,692,692,303,167,153,234,263,876,529,269,187,1,0
JONESCA01,1974,Caldwell,Jones,SDQ,A,76,3004,1479,0,1074,1074,162,60,246,192,269,1240,606,335,264,11,3
JONESCO01,1974,Collis,Jones,MMS,A,81,1880,805,0,369,369,81,105,33,69,186,702,333,177,134,15,5
JONESDW01,1974,Dwight,Jones,ATL,N,75,2086,778,236,461,697,152,51,51,0,226,752,323,183,132,0,0
JONESJI01,1974,Jimmy,Jones,WA1,N,73,1424,517,36,101,137,162,76,10,0,190,400,207,142,103,0,0
JONESRI01,1974,Rich,Jones,SAS,A,83,3097,1598,0,645,645,270,88,32,210,297,1480,649,374,287,50,13
JONESST01,1974,Steve,Jones,STL,A,69,1884,749,0,194,194,197,53,7,147,131,654,287,206,171,19,4
JONESWA01,1974,Wali,Jones,UTS,A,71,1339,532,0,77,77,152,42,3,76,147,524,212,124,102,25,6
JONESWI01,1974,Wil,Jones,KEN,A,84,2689,1055,0,607,607,256,108,70,199,353,948,458,189,139,5,0
JOYCEKE01,1974,Kevin,Joyce,IND,A,81,2828,1210,0,163,163,322,107,23,151,259,1245,530,180,142,42,8
KARLGE01,1974,George,Karl,SAS,A,82,1629,663,0,155,155,334,96,7,158,207,534,261,177,137,23,4
KAUFFBO01,1974,Bob,Kauffman,ATL,N,73,797,285,67,115,182,81,19,4,0,103,261,113,84,59,0,0
KELLEBI01,1974,Billy,Keller,IND,A,79,1918,987,0,211,211,204,59,3,109,101,908,397,128,113,240,80
KENDRFR01,1974,Frank,Kendrick,GSW,N,24,121,80,19,17,36,6,11,3,0,22,77,31,22,18,0,0
KENNEGO01,1974,Goo,Kennedy,STL,A,74,1532,692,0,373,373,59,64,10,92,190,536,281,178,129,1,1
KENONLA01,1974,Larry,Kennon,NYN,A,84,3165,1570,0,900,900,122,107,30,206,229,1327,676,282,217,2,1
KEYEJU01,1974,Julius,Keye,MMS,A,12,233,30,0,55,55,2,4,5,8,26,47,12,8,6,0,0
KIMBATO01,1974,Toby,Kimball,NOJ,N,3,90,20,8,18,26,4,2,0,0,12,23,7,7,6,0,0
KNIGHBI01,1974,Billy,Knight,IND,A,80,2559,1371,0,632,632,168,115,29,236,194,1087,580,259,207,16,4
KOJISDO01,1974,Don,Kojis,KCO,N,21,232,112,14,25,39,10,12,1,0,31,98,46,30,20,0,0
KOSMALE01,1974,Len,Kosmalski,KCO,N,67,413,90,31,88,119,41,6,6,0,64,83,33,29,24,0,0
KOZELTO01,1974,Tom,Kozelko,WA1,N,73,754,151,50,90,140,41,28,5,0,125,167,60,36,31,0,0
KUBERST01,1974,Steve,Kuberski,MIL,N,59,517,168,52,71,123,35,11,3,0,59,159,62,56,44,0,0
KUNNEKE01,1974,Kevin,Kunnert,HOU,N,75,1801,808,214,417,631,108,34,84,0,223,676,346,169,116,0,0
LACEYSA01,1974,Sam,Lacey,KCO,N,81,3378,928,228,921,1149,428,139,168,0,274,917,392,191,144,0,0
LADNEWE01,1974,Wendell,Ladner,NYN,A,25,436,103,0,68,68,39,32,1,23,68,173,45,10,6,36,7
LAMARBO01,1974,Bo,Lamar,SDQ,A,77,2917,1606,0,239,239,427,129,12,238,150,1571,667,315,247,109,25
LANIEBO01,1974,Bob,Lanier,DET,N,76,2987,1823,225,689,914,350,75,172,0,237,1433,731,450,361,0,0
LANTZST01,1974,Stu,Lantz,TOT,N,75,1783,648,88,106,194,188,56,12,0,162,561,228,229,192,0,0
LANTZST01,1974,Stu,Lantz,NOJ,N,19,353,125,7,17,24,30,12,2,0,28,115,39,53,47,0,0
LANTZST01,1974,Stu,Lantz,LAL,N,56,1430,523,81,89,170,158,44,10,0,134,446,189,176,145,0,0
LEECL01,1974,Clyde,Lee,PHI,N,71,2279,415,264,423,687,97,29,16,0,260,391,164,138,87,0,0
LEECL01,1974,Clyde,Lee,TOT,N,80,2456,471,288,469,757,105,30,20,0,285,427,176,177,119,0,0
LEECL01,1974,Clyde,Lee,ATL,N,9,177,56,24,46,70,8,1,4,0,25,36,12,39,32,0,0
LEEGR01,1974,Greg,Lee,SDQ,A,5,63,18,0,3,3,13,4,0,6,6,15,8,2,2,0,0
LEERU01,1974,Russell,Lee,NOJ,N,15,139,65,15,16,31,7,11,3,0,17,76,29,14,7,0,0
LEWISFR01,1974,Freddie,Lewis,STL,A,69,2790,1531,0,265,265,367,147,3,206,161,1232,579,421,355,67,18
LIGONBI01,1974,Bill,Ligon,DET,N,38,272,126,14,12,26,25,8,9,0,31,143,55,25,16,0,0
LITTLGE01,1974,Gene,Littles,KEN,A,61,900,215,0,86,86,119,52,4,62,81,202,85,58,43,8,2
LOVEBO01,1974,Bob,Love,CHI,N,61,2401,1342,99,286,385,102,63,12,0,209,1256,539,318,264,0,0
LOVEST01,1974,Stan,Love,LAL,N,42,495,246,31,90,121,35,32,13,6,73,224,98,70,50,0,0
LUCASMA01,1974,Maurice,Lucas,STL,A,80,2464,1058,0,816,816,287,89,64,208,301,937,438,229,180,9,2
LUMPKPH01,1974,Phil,Lumpkin,POR,N,48,792,202,10,49,59,177,20,3,0,80,190,86,39,30,0,0
MALONMO01,1974,Moses,Malone,UTS,A,83,3205,1557,0,1209,1209,82,85,128,320,288,1035,591,591,375,1,0
MANNIED01,1974,Ed,Manning,NYN,A,70,992,241,0,212,212,58,40,9,57,144,243,103,42,35,2,0
MARAVPE02,1974,Pete,Maravich,NOJ,N,79,2853,1700,93,329,422,488,120,18,0,227,1562,655,481,390,0,0
MARINJA01,1974,Jack,Marin,BUF,N,81,2147,953,104,259,363,133,51,16,0,238,836,380,222,193,0,0
MARTILA01,1974,Larue,Martin,POR,N,81,1372,571,136,272,408,69,33,49,0,239,522,236,142,99,0,0
MAYDO01,1974,Don,May,KCO,N,29,139,64,4,9,13,5,4,2,0,21,54,27,12,10,0,0
MCADOBO01,1974,Bob,Mcadoo,BUF,N,82,3539,2831,307,848,1155,179,92,174,0,278,2138,1095,796,641,0,0
MCCLATE01,1974,Ted,Mcclain,KEN,A,72,1971,617,0,268,268,365,130,15,167,231,582,256,138,104,8,1
MCDONGL01,1974,Glenn,Mcdonald,BOS,N,62,395,168,20,48,68,24,8,5,0,58,182,70,37,28,0,0
MCFARPA01,1974,Pat,Mcfarland,DEN,A,70,945,454,0,120,120,116,47,5,108,60,424,200,66,52,16,2
MCGINGE01,1974,George,Mcginnis,IND,A,79,3193,2353,0,1126,1126,495,206,56,422,303,1934,873,753,545,175,62
MCGLOJO01,1974,Jon,Mcglocklin,MIL,N,79,1853,709,25,94,119,255,51,6,0,142,651,323,72,63,0,0
MCINTKE01,1974,Kenny,Mcintosh,SEA,N,6,101,18,6,9,15,7,4,3,0,12,29,6,9,6,0,0
MCMILJI01,1974,Jim,Mcmillian,BUF,N,62,2132,888,127,258,385,156,69,15,0,129,695,347,231,194,0,0
MCNEILA01,1974,Larry,Mcneill,KCO,N,80,1749,781,149,348,497,73,69,27,0,229,645,296,241,189,0,0
MCPIPRO01,1974,Roy,Mcpipe,UTS,A,5,44,21,0,5,5,1,1,0,10,5,24,8,4,3,4,2
MEELYCL01,1974,Cliff,Meely,HOU,N,48,753,380,55,109,164,45,21,21,0,117,349,156,94,68,0,0
MELCHBI01,1974,Bill,Melchionni,NYN,A,77,1384,472,0,75,75,320,69,7,106,105,413,201,78,62,27,8
MELCHGA01,1974,Gary,Melchionni,PHO,N,68,1529,578,45,142,187,156,48,12,0,116,539,232,141,114,0,0
MEMINDE01,1974,Dean,Meminger,ATL,N,80,2177,634,84,130,214,397,118,11,0,160,500,233,263,168,0,0
MENGEJO01,1974,John,Mengelt,DET,N,80,1995,883,38,153,191,201,72,4,0,198,701,336,248,211,0,0
MILLELA01,1974,Larry,Miller,UTS,A,5,26,9,0,1,1,4,1,0,2,0,9,3,3,3,0,0
MIXST01,1974,Steve,Mix,PHI,N,46,1748,719,155,345,500,99,79,21,0,175,582,280,205,159,0,0
MONEYER01,1974,Eric,Money,DET,N,66,889,319,27,61,88,101,33,2,0,121,319,144,45,31,0,0
MONROEA01,1974,Earl,Monroe,NYK,N,78,2814,1633,56,271,327,270,108,29,0,200,1462,668,359,297,0,0
MOOREGE01,1974,Gene,Moore,STL,A,13,108,30,0,42,42,5,4,7,12,11,32,13,4,4,0,0
MOOREOT01,1974,Otto,Moore,DET,N,2,11,3,0,2,2,1,0,1,0,2,4,1,2,1,0,0
MOOREOT01,1974,Otto,Moore,TOT,N,42,1066,282,92,238,330,83,21,40,0,148,262,118,69,46,0,0
MOOREOT01,1974,Otto,Moore,NOJ,N,40,1055,279,92,236,328,82,21,39,0,146,258,117,67,45,0,0
MOUNTRI01,1974,Rick,Mount,MMS,A,26,895,445,0,51,51,79,28,7,41,44,431,181,73,63,47,20
MULLIJE01,1974,Jeff,Mullins,GSW,N,66,1141,539,46,77,123,153,57,14,0,123,514,234,87,71,0,0
MURPHCA01,1974,Calvin,Murphy,HOU,N,78,2513,1455,52,121,173,381,128,4,0,281,1152,557,386,341,0,0
NASHBO01,1974,Bob,Nash,SDQ,A,17,175,67,0,55,55,12,4,2,16,30,78,27,18,13,2,0
NATERSW01,1974,Swen,Nater,SAS,A,78,2713,1175,0,1279,1279,97,43,87,185,240,914,495,246,185,1,0
NEALLL01,1974,Lloyd,Neal,POR,N,82,2278,1007,186,501,687,139,43,87,0,239,869,409,295,189,0,0
NELSODO01,1974,Don,Nelson,BOS,N,79,2052,1109,127,342,469,181,32,15,0,239,785,423,318,263,0,0
NELSOLO01,1974,Louie,Nelson,NOJ,N,72,1898,806,75,121,196,178,65,6,0,186,679,307,250,192,0,0
NETOLBO01,1974,Bob,Netolicky,IND,A,59,1077,442,0,231,231,49,9,18,55,108,375,189,98,62,12,2
NEUMAJO01,1974,Johnny,Neumann,IND,A,52,931,445,0,89,89,135,26,11,82,131,445,186,75,52,78,21
NEWLIMI01,1974,Mike,Newlin,HOU,N,79,2709,1137,55,205,260,403,111,7,0,288,905,436,305,265,0,0
NORMACO01,1974,Connie,Norman,PHI,N,12,72,48,3,9,12,4,3,1,0,9,44,23,3,2,0,0
NORWOWI01,1974,Willie,Norwood,DET,N,24,347,159,31,57,88,16,23,0,0,51,123,64,42,31,0,0
OBRIEJI01,1974,Jimmy,Obrien,SDQ,A,79,2036,549,0,186,186,443,89,2,192,147,525,210,142,125,34,4
OBRIEJI02,1974,Jim,Obrien,MMS,A,47,611,229,0,121,121,81,38,23,73,56,203,88,60,47,26,6
OWENSJI01,1974,Jim,Owens,PHO,N,41,432,124,7,36,43,49,16,2,0,27,145,56,16,12,0,0
OWENSTO01,1974,Tom,Owens,MMS,A,82,2647,1239,0,905,905,208,36,82,153,261,969,511,289,217,2,0
PACKWA01,1974,Wayne,Pack,IND,A,21,189,61,0,20,20,13,6,0,13,21,60,23,12,10,17,5
PARKHBA01,1974,Barry,Parkhill,VIR,A,78,1870,607,0,133,133,226,50,11,170,228,638,266,100,75,8,0
PATTEST01,1974,Steve,Patterson,CLE,N,81,1269,370,112,217,329,93,21,20,0,128,387,161,73,48,0,0
PAULTBI01,1974,Billy,Paultz,NYN,A,80,2826,1262,0,772,772,179,59,137,149,273,1080,524,286,214,3,0
PERRYAU01,1974,Aulcie,Perry,VIR,A,21,415,181,0,105,105,20,12,16,34,58,186,81,30,19,1,0
PERRYCU01,1974,Curtis,Perry,PHO,N,79,2688,1058,347,593,940,186,108,78,0,288,917,437,256,184,0,0
PETRIGE01,1974,Geoff,Petrie,POR,N,80,3109,1465,38,171,209,424,81,13,0,215,1319,602,311,261,0,0
PORTEHO01,1974,Howard,Porter,NYK,N,17,133,33,13,25,38,2,3,1,0,17,36,13,9,7,0,0
PORTEHO01,1974,Howard,Porter,DET,N,41,1030,435,66,150,216,17,20,25,0,76,376,188,70,59,0,0
PORTEHO01,1974,Howard,Porter,TOT,N,58,1163,468,79,175,254,19,23,26,0,93,412,201,79,66,0,0
PORTEKE01,1974,Kevin,Porter,WA1,N,81,2589,943,55,97,152,650,152,11,0,320,827,406,186,131,0,0
POWELCI01,1974,Cincy,Powell,VIR,A,60,1224,552,0,206,206,94,27,8,91,138,530,214,180,119,17,5
PRICEJI01,1974,Jim,Price,TOT,N,50,1870,803,62,136,198,286,111,24,0,182,717,317,194,169,0,0
PRICEJI01,1974,Jim,Price,MIL,N,41,1531,612,45,110,155,223,90,21,0,146,550,242,149,128,0,0
PRICEJI01,1974,Jim,Price,LAL,N,9,339,191,17,26,43,63,21,3,0,36,167,75,45,41,0,0
RATLEED01,1974,Ed,Ratleff,HOU,N,80,2563,941,185,274,459,259,146,51,0,231,851,392,190,157,0,0
RAYCL01,1974,Clifford,Ray,GSW,N,82,2519,769,259,611,870,178,95,116,0,305,573,299,284,171,0,0
RESTAKE01,1974,Kevin,Restani,MIL,N,76,1755,411,131,272,403,119,36,19,0,172,427,188,49,35,0,0
RIKERTO01,1974,Tom,Riker,NYK,N,51,483,152,40,67,107,19,15,5,0,64,147,53,82,46,0,0
RILEYPA01,1974,Pat,Riley,LAL,N,46,1016,507,25,60,85,121,36,4,0,128,523,219,93,69,0,0
RILEYRO01,1974,Ron,Riley,HOU,N,77,1578,463,137,243,380,130,56,22,0,197,470,196,97,71,0,0
RIORDMI01,1974,Mike,Riordan,WA1,N,74,2191,1138,90,194,284,198,72,6,0,238,1057,520,117,98,0,0
ROBBIAU01,1974,Austin,Robbins,VIR,A,57,1777,779,0,415,415,114,31,31,97,106,648,307,187,162,10,3
ROBERMA01,1974,Marv,Roberts,KEN,A,83,1370,529,0,246,246,103,27,4,100,200,467,201,164,127,1,0
ROBERRI01,1974,Rick,Roberson,NOJ,N,16,339,119,39,79,118,23,7,8,0,49,108,48,40,23,0,0
ROBINRO01,1974,Ronnie,Robinson,MMS,A,10,102,40,0,27,27,4,5,0,7,14,38,18,6,4,0,0
ROBINTR01,1974,Truck,Robinson,WA1,N,76,995,442,94,207,301,40,36,32,0,132,393,191,115,60,0,0
ROBISDA01,1974,Dave,Robisch,DEN,A,84,1899,1088,0,503,503,153,46,48,108,205,779,392,346,304,1,0
ROCHEJO01,1974,John,Roche,UTS,A,58,1387,580,0,93,93,191,49,7,105,103,509,241,106,85,44,13
ROWECU01,1974,Curtis,Rowe,DET,N,82,2787,1015,174,411,585,121,50,44,0,190,874,422,227,171,0,0
ROYALRE01,1974,Reggie,Royals,SDQ,A,2,11,4,0,0,0,0,0,0,0,1,4,2,0,0,0,0
RUFFNPA01,1974,Paul,Ruffner,BUF,N,22,103,45,12,10,22,7,3,3,0,22,47,22,5,1,0,0
RULEBO01,1974,Bob,Rule,MIL,N,1,11,0,0,0,0,2,0,0,0,2,1,0,0,0,0,0
RUSSECA01,1974,Cazzie,Russell,LAL,N,40,1055,629,34,81,115,109,27,2,0,56,580,264,113,101,0,0
RUSSECA02,1974,Campy,Russell,CLE,N,68,754,424,43,109,152,45,21,3,0,100,365,150,165,124,0,0
SAUNDFR01,1974,Fred,Saunders,PHO,N,69,1059,418,82,171,253,80,41,15,0,151,406,176,95,66,0,0
SCHAEBI01,1974,Billy,Schaeffer,NYN,A,27,280,139,0,37,37,20,9,2,18,36,131,61,25,15,7,2
SCHLUDA01,1974,Dale,Schlueter,BUF,N,76,962,268,78,186,264,104,18,42,0,163,178,92,121,84,0,0
SCOTTCH01,1974,Charlie,Scott,PHO,N,69,2592,1680,72,201,273,311,111,24,0,296,1594,703,351,274,0,0
SEALSBR01,1974,Bruce,Seals,UTS,A,35,371,140,0,97,97,13,15,16,24,67,142,60,26,20,3,0
SHEPHBI01,1974,Billy,Shepherd,MMS,A,69,1315,434,0,79,79,278,66,9,91,68,386,161,72,52,143,60
SILASJA01,1974,James,Silas,SAS,A,82,3105,1586,0,310,310,398,111,17,230,232,1136,578,486,430,2,0
SILASPA01,1974,Paul,Silas,BOS,N,82,2661,868,348,677,1025,224,60,22,0,229,749,312,344,244,0,0
SIMPSRA01,1974,Ralph,Simpson,DEN,A,82,2863,1692,0,391,391,442,166,19,314,214,1374,694,402,303,12,1
SKINNAL01,1974,Al,Skinner,NYN,A,51,773,333,0,120,120,121,29,13,68,111,266,130,94,72,3,1
SKINNTA01,1974,Talvin,Skinner,SEA,N,73,1574,347,135,209,344,85,49,17,0,161,347,142,97,63,0,0
SLOANJE01,1974,Jerry,Sloan,CHI,N,78,2577,953,177,361,538,161,171,17,0,265,865,380,258,193,0,0
SMITHAL01,1974,Al,Smith,UTS,A,80,2037,641,0,147,147,375,59,3,201,230,582,225,193,157,94,34
SMITHBI01,1974,Bingo,Smith,CLE,N,82,2636,1302,108,299,407,229,80,26,0,227,1212,585,160,132,0,0
SMITHDO01,1974,Don,Smith,HOU,N,65,1450,629,154,334,488,84,37,74,0,128,538,235,203,159,0,0
SMITHDO02,1974,Don,Smith,PHI,N,54,538,283,14,16,30,47,20,3,0,45,321,131,21,21,0,0
SMITHEL01,1974,Elmore,Smith,LAL,N,74,2341,804,210,600,810,145,84,216,0,255,702,346,231,112,0,0
SMITHGR01,1974,Greg,Smith,POR,N,55,519,174,29,60,89,27,22,6,0,96,146,71,48,32,0,0
SMITHPH01,1974,Phil,Smith,GSW,N,74,1055,569,51,89,140,135,62,0,0,141,464,221,158,127,0,0
SMITHRA01,1974,Randy,Smith,BUF,N,82,3001,1456,95,249,344,534,137,3,0,247,1261,610,295,236,0,0
SNYDEDI01,1974,Dick,Snyder,CLE,N,82,2590,1161,37,201,238,281,69,43,0,226,988,498,195,165,0,0
SOJOUMI01,1974,Mike,Sojourner,ATL,N,73,2129,851,196,446,642,93,35,57,0,217,775,378,146,95,0,0
SOJOUWI01,1974,Willie,Sojourner,NYN,A,79,1020,360,0,275,275,42,16,64,63,190,324,155,70,49,3,1
STACOKE01,1974,Kevin,Stacom,BOS,N,61,447,173,30,25,55,49,11,3,0,65,159,72,33,29,0,0
STALLDA01,1974,Dave,Stallworth,NYK,N,7,57,10,6,14,20,2,3,3,0,10,18,5,0,0,0,0
STALLIS01,1974,Isaac,Stallworth,NOJ,N,73,1668,721,78,168,246,46,59,11,0,208,710,298,182,125,0,0
STEELLA01,1974,Larry,Steele,POR,N,76,2389,652,86,140,226,287,183,16,0,254,484,265,146,122,0,0
TAYLOBR01,1974,Brian,Taylor,NYN,A,79,2611,1104,0,232,232,282,221,26,152,216,920,472,196,150,46,10
TAYLOFA01,1974,Fatty,Taylor,DEN,A,76,2018,637,0,221,221,337,172,16,248,238,586,251,172,129,21,6
TEMPLCO01,1974,Collis,Temple,SAS,A,24,102,42,0,31,31,15,4,4,12,29,41,17,10,8,1,0
TERRYCH01,1974,Chuck,Terry,SAS,A,79,1186,338,0,217,217,69,37,3,37,146,313,148,53,39,8,3
TERRYCL01,1974,Claude,Terry,DEN,A,70,989,466,0,140,140,111,33,2,80,82,364,193,92,70,25,10
THOMARO01,1974,Ron,Thomas,KEN,A,79,830,288,0,300,300,46,51,14,71,133,256,115,119,57,3,1
THOMPGE01,1974,George,Thompson,MIL,N,73,1983,780,50,131,181,225,66,6,0,203,691,306,214,168,0,0
THURMNA01,1974,Nate,Thurmond,CHI,N,80,2756,632,259,645,904,328,46,195,0,271,686,250,224,132,0,0
TOLSODE01,1974,Dean,Tolson,SEA,N,19,87,43,12,10,22,5,4,6,0,12,37,16,17,11,0,0
TOMJARU01,1974,Rudy,Tomjanovich,HOU,N,81,3134,1677,184,429,613,236,76,24,0,230,1323,694,366,289,0,0
TRAPPGE01,1974,George,Trapp,DET,N,78,1472,675,71,205,276,63,37,14,0,210,652,288,131,99,0,0
TSCHOJO01,1974,John,Tschogl,PHI,N,39,623,119,52,59,111,30,25,25,0,80,148,53,22,13,0,0
TWARDDA01,1974,Dave,Twardzik,VIR,A,76,2679,1036,0,247,247,404,132,11,266,238,657,359,384,317,6,1
UNSELWE01,1974,Wes,Unseld,WA1,N,73,2904,672,318,759,1077,297,115,68,0,180,544,273,184,126,0,0
VANARDI01,1974,Dick,Vanarsdale,PHO,N,70,2419,1124,52,137,189,195,81,11,0,177,895,421,339,282,0,0
VANARTO01,1974,Tom,Vanarsdale,PHI,N,9,273,126,7,22,29,16,13,0,0,26,116,49,41,28,0,0
VANARTO01,1974,Tom,Vanarsdale,ATL,N,73,2570,1382,70,179,249,207,78,3,0,231,1269,544,383,294,0,0
VANARTO01,1974,Tom,Vanarsdale,TOT,N,82,2843,1508,77,201,278,223,91,3,0,257,1385,593,424,322,0,0
VANBRJA01,1974,Jan,Vanbredakolff,DEN,A,84,1639,487,0,358,358,181,48,43,122,164,342,155,211,177,3,0
VANLINO01,1974,Norm,Vanlier,CHI,N,70,2590,1050,86,242,328,403,139,14,0,246,970,407,298,236,0,0
VAUGHDA01,1974,David,Vaughn,VIR,A,83,2507,969,0,894,894,132,79,126,195,274,998,422,229,125,2,0
WALKECH01,1974,Chet,Walker,CHI,N,76,2452,1461,114,318,432,169,49,6,0,181,1076,524,480,413,0,0
WALKEFO01,1974,Foots,Walker,CLE,N,72,1070,302,47,99,146,192,80,7,0,126,275,111,117,80,0,0
WALKEJI01,1974,Jimmy,Walker,KCO,N,81,3122,1353,51,188,239,226,85,13,0,222,1164,553,289,247,0,0
WALKNE01,1974,Neal,Walk,NYK,N,30,274,116,18,59,77,22,7,3,0,55,115,47,25,22,0,0
WALKNE01,1974,Neal,Walk,TOT,N,67,1125,482,91,248,339,123,37,23,0,177,473,198,105,86,0,0
WALKNE01,1974,Neal,Walk,NOJ,N,37,851,366,73,189,262,101,30,20,0,122,358,151,80,64,0,0
WALTOBI01,1974,Bill,Walton,POR,N,35,1153,448,92,349,441,167,29,94,0,115,345,177,137,94,0,0
WARBIPE01,1974,Perry,Warbington,PHI,N,5,70,10,2,6,8,16,0,0,0,16,21,4,2,2,0,0
WARNECO01,1974,Cornell,Warner,MIL,N,79,2519,602,238,574,812,127,49,54,0,267,541,248,155,106,0,0
WARREBO01,1974,Bobby,Warren,SAS,A,71,992,333,0,112,112,91,35,9,68,109,265,127,91,77,7,2
WASHIDO01,1974,Don,Washington,DEN,A,50,438,196,0,89,89,30,12,19,49,92,183,79,56,38,2,0
WASHIJI01,1974,Jim,Washington,ATL,N,38,905,269,52,141,193,68,23,13,0,86,259,114,55,41,0,0
WASHIJI01,1974,Jim,Washington,BUF,N,42,674,175,58,139,197,43,11,13,0,81,162,77,38,21,0,0
WASHIJI01,1974,Jim,Washington,TOT,N,80,1579,444,110,280,390,111,34,26,0,167,421,191,93,62,0,0
WASHIKE01,1974,Kermit,Washington,LAL,N,55,949,246,106,244,350,66,25,32,0,155,207,87,122,72,0,0
WASHIST01,1974,Stan,Washington,WA1,N,1,4,0,0,0,0,0,0,0,0,1,1,0,0,0,0,0
WATTSSL01,1974,Slick,Watts,SEA,N,82,2056,557,95,167,262,499,190,12,0,254,551,232,153,93,0,0
WEATHNI01,1974,Nick,Weatherspoon,WA1,N,82,1347,615,132,214,346,51,65,21,0,212,562,256,138,103,0,0
WEDMASC01,1974,Scott,Wedman,KCO,N,80,2554,889,202,288,490,129,81,27,0,270,806,375,170,139,0,0
WEISSBO01,1974,Bob,Weiss,BUF,N,76,1338,258,21,83,104,260,82,19,0,146,261,102,67,54,0,0
WELLSOW01,1974,Owen,Wells,HOU,N,33,214,99,12,23,35,22,9,3,0,38,100,42,22,15,0,0
WESLEWA01,1974,Walt,Wesley,PHI,N,4,33,12,4,4,8,1,0,0,0,8,9,5,4,2,0,0
WESLEWA01,1974,Walt,Wesley,TOT,N,45,247,100,18,45,63,12,7,5,0,51,93,42,27,16,0,0
WESLEWA01,1974,Walt,Wesley,MIL,N,41,214,88,14,41,55,11,7,5,0,43,84,37,23,14,0,0
WESTPPA01,1974,Paul,Westphal,BOS,N,82,1581,803,44,119,163,235,78,33,0,192,670,342,156,119,0,0
WETZEJO01,1974,John,Wetzel,ATL,N,63,785,242,34,80,114,77,51,8,0,108,204,87,77,68,0,0
WHITEJO01,1974,Jojo,White,BOS,N,82,3220,1502,84,227,311,458,128,17,0,207,1440,658,223,186,0,0
WICKSSI01,1974,Sidney,Wicks,POR,N,82,3162,1778,231,646,877,287,108,80,0,289,1391,692,558,394,0,0
WILKEJA01,1974,Jamaal,Wilkes,GSW,N,82,2515,1164,203,468,671,183,107,22,0,222,1135,502,218,160,0,0
WILKELE01,1974,Lenny,Wilkens,POR,N,65,1161,420,38,82,120,235,77,9,0,96,305,134,198,152,0,0
WILLIAR01,1974,Art,Williams,SDQ,A,7,89,16,0,12,12,20,7,0,10,15,12,8,0,0,0,0
WILLICH02,1974,Chuck,Williams,MMS,A,81,3171,1174,0,220,220,576,115,18,171,165,963,476,260,212,24,10
WILLIEA01,1974,Earl,Williams,PHO,N,79,1040,371,156,300,456,95,28,32,0,146,394,163,103,45,0,0
WILLIFL01,1974,Fly,Williams,STL,A,71,1239,665,0,181,181,142,64,10,177,156,643,297,101,69,14,2
WILLIHA01,1974,Hank,Williams,UTS,A,40,468,173,0,96,96,26,14,4,32,74,173,76,23,18,22,3
WILLIJO02,1974,John,Williamson,NYN,A,75,1872,866,0,149,149,197,61,23,148,188,768,370,147,123,13,3
WILLIMI02,1974,Milt,Williams,STL,A,4,95,22,0,13,13,12,10,0,10,10,19,11,0,0,0,0
WILLINA01,1974,Nate,Williams,NOJ,N,35,814,502,44,114,158,67,44,6,0,99,404,209,102,84,0,0
WILLINA01,1974,Nate,Williams,KCO,N,50,1131,627,58,121,179,78,53,24,0,152,584,265,118,97,0,0
WILLINA01,1974,Nate,Williams,TOT,N,85,1945,1129,102,235,337,145,97,30,0,251,988,474,220,181,0,0
WILLIRO01,1974,Ron,Williams,MIL,N,46,526,148,10,33,43,71,23,2,0,70,165,62,29,24,0,0
WILSOBO03,1974,Bobby,Wilson,CHI,N,48,425,276,18,34,52,36,22,1,0,54,225,115,58,46,0,0
WINFILE01,1974,Lee,Winfield,BUF,N,68,1259,377,45,81,126,134,43,30,0,106,312,164,68,49,0,0
WINGOHA01,1974,Harthorne,Wingo,NYK,N,82,1686,607,163,293,456,84,48,35,0,215,506,233,187,141,0,0
WINTEBR01,1974,Brian,Winters,LAL,N,68,1516,794,39,99,138,195,74,18,0,168,810,359,92,76,0,0
WISEWI01,1974,Willie,Wise,VIR,A,16,574,334,0,102,102,54,26,3,45,50,296,128,111,77,4,1
WITTELU01,1974,Luke,Witte,CLE,N,39,271,85,38,54,92,15,4,22,0,42,96,33,31,19,0,0
WOHLDA01,1974,Dave,Wohl,HOU,N,75,1722,485,26,86,112,340,75,9,0,184,462,203,106,79,0,0
WUYCIDE01,1974,Dennis,Wuycik,STL,A,25,219,79,0,38,38,18,6,1,25,40,74,34,19,11,1,0
ABDULKA01,1975,Kareem,Abdul-jabbar,LAL,N,82,3379,2275,272,1111,1383,413,119,338,0,292,1728,914,636,447,0,0
ADAMSAL01,1975,Alvan,Adams,PHO,N,80,2656,1519,215,512,727,450,121,116,0,274,1341,629,355,261,0,0
ADAMSDO01,1975,Don,Adams,BUF,N,76,1429,435,38,223,261,161,68,14,52,208,421,166,140,103,2,0
ALLENLU01,1975,Lucius,Allen,LAL,N,76,2388,1119,64,150,214,357,101,20,0,241,1004,461,254,197,0,0
ANDERDA02,1975,Daniel,Anderson,POR,N,52,614,227,15,47,62,85,20,2,0,58,181,88,61,51,0,0
ANDERJE01,1975,Jerome,Anderson,BOS,N,22,126,61,4,9,13,6,3,3,0,25,45,25,16,11,0,0
ARCHINA01,1975,Nate,Archibald,KCO,N,78,3184,1935,67,146,213,615,126,15,0,169,1583,717,625,501,0,0
ARDJI01,1975,Jim,Ard,BOS,N,81,853,285,96,193,289,48,12,36,0,141,294,107,100,71,0,0
AVERIWI01,1975,Bird,Averitt,KEN,A,78,2272,1398,0,213,213,297,106,22,221,208,1274,546,346,266,128,40
AWTREDE01,1975,Dennis,Awtrey,PHO,N,74,1376,359,93,200,293,159,21,22,0,153,304,142,109,75,0,0
BAILEGU01,1975,Gus,Bailey,HOU,N,30,262,70,20,30,50,41,14,8,0,33,77,28,28,14,0,0
BAKERJI01,1975,Jimmie,Baker,KEN,A,5,40,6,0,14,14,4,0,3,6,11,15,3,2,0,0,0
BANTOMI01,1975,Mike,Bantom,PHO,N,7,68,21,7,16,23,3,2,2,0,13,26,8,5,5,0,0
BANTOMI01,1975,Mike,Bantom,SEA,N,66,1503,555,133,235,368,102,26,26,0,208,450,212,194,131,0,0
BANTOMI01,1975,Mike,Bantom,TOT,N,73,1571,576,140,251,391,105,28,28,0,221,476,220,199,136,0,0
BARNEJI02,1975,Jim,Barnett,NYK,N,71,1026,418,48,40,88,90,24,3,0,86,371,164,114,90,0,0
BARNEMA01,1975,Marvin,Barnes,STL,A,67,2487,1616,0,725,725,149,124,134,230,273,1355,681,339,251,11,3
BARNENA01,1975,Nate,Barnett,IND,A,12,73,27,0,8,8,8,3,1,8,22,26,12,8,3,1,0
BARRMI01,1975,Mike,Barr,STL,A,56,1048,300,0,109,109,174,64,7,83,76,240,124,55,46,16,6
BARRYRI01,1975,Rick,Barry,GSW,N,81,3122,1701,74,422,496,496,202,27,0,215,1624,707,311,287,0,0
BASKEJE01,1975,Jerry,Baskerville,PHI,N,21,105,26,13,15,28,3,6,5,0,32,26,8,16,10,0,0
BASSETI01,1975,Tim,Bassett,NYN,A,84,1790,405,0,531,531,65,47,41,97,247,396,173,98,58,6,1
BEARDBU01,1975,Butch,Beard,CLE,N,15,255,97,14,29,43,45,10,2,0,36,90,35,37,27,0,0
BEARDBU01,1975,Butch,Beard,TOT,N,75,1704,600,103,207,310,218,81,8,0,216,496,228,192,144,0,0
BEARDBU01,1975,Butch,Beard,NYK,N,60,1449,503,89,178,267,173,71,6,0,180,406,193,155,117,0,0
BECKBY01,1975,Byron,Beck,DEN,A,80,1586,770,0,354,354,116,48,20,91,192,646,334,116,97,11,5
BEHAGRO01,1975,Ron,Behagen,NOJ,N,66,1733,760,190,363,553,139,67,26,0,222,691,308,179,144,0,0
BELLDE01,1975,Dennis,Bell,NYK,N,10,76,19,4,10,14,3,6,1,0,11,21,8,7,3,0,0
BENBOLE01,1975,Leon,Benbow,CHI,N,76,1586,543,65,111,176,158,62,11,0,186,551,219,140,105,0,0
BENNEME01,1975,Mel,Bennett,VIR,A,75,2193,904,0,526,526,97,77,47,176,266,819,329,403,246,2,0
BIBBYHE01,1975,Henry,Bibby,NOJ,N,79,1772,732,58,121,179,225,62,3,0,165,622,266,251,200,0,0
BIGELBO01,1975,Bob,Bigelow,KCO,N,31,163,56,9,20,29,9,4,1,0,18,47,16,33,24,0,0
BINGDA01,1975,Dave,Bing,WA1,N,82,2945,1326,94,143,237,492,118,23,0,262,1113,497,422,332,0,0
BLOCKJO01,1975,John,Block,CHI,N,2,7,4,0,2,2,0,1,0,0,2,4,2,2,0,0,0
BOERWTO01,1975,Tom,Boerwinkle,CHI,N,74,2045,648,263,529,792,283,47,52,0,263,530,265,177,118,0,0
BOONERO01,1975,Ron,Boone,STL,A,78,2961,1719,0,319,319,387,154,15,276,243,1467,713,318,277,43,16
BOSWETO01,1975,Tom,Boswell,BOS,N,35,275,96,26,45,71,16,2,1,0,70,93,41,24,14,0,0
BOYDFR01,1975,Fred,Boyd,NOJ,N,30,584,172,4,26,30,78,27,7,0,54,165,72,49,28,0,0
BOYDFR01,1975,Fred,Boyd,TOT,N,36,617,177,4,28,32,80,28,7,0,59,171,74,51,29,0,0
BOYDFR01,1975,Fred,Boyd,PHI,N,6,33,5,0,2,2,2,1,0,0,5,6,2,2,1,0,0
BRADLBI01,1975,Bill,Bradley,NYK,N,82,2709,914,47,187,234,247,68,18,0,256,906,392,148,130,0,0
BRADLJI01,1975,Jim,Bradley,DEN,A,7,107,32,0,30,30,11,5,5,5,26,38,15,3,2,0,0
BREWEJI01,1975,Jim,Brewer,CLE,N,82,2913,940,298,593,891,209,94,89,0,214,874,400,214,140,0,0
BRIDGJU01,1975,Junior,Bridgeman,MIL,N,81,1646,700,113,181,294,157,52,21,0,235,651,286,161,128,0,0
BRISTAL01,1975,Allan,Bristow,SAS,A,47,882,328,0,174,174,121,24,2,63,81,271,125,92,78,1,0
BROKAGA01,1975,Gary,Brokaw,MIL,N,75,1468,633,26,99,125,246,37,17,0,138,519,237,227,159,0,0
BROWNFR01,1975,Fred,Brown,SEA,N,76,2516,1757,111,206,317,207,143,18,0,186,1522,742,314,273,0,0
BROWNJO01,1975,John,Brown,ATL,N,75,1758,592,146,257,403,126,45,16,0,235,486,215,209,162,0,0
BROWNRO02,1975,Rogerw,Brown,DEN,A,37,291,74,0,75,75,22,8,22,17,63,61,28,24,16,2,2
BROWNRO02,1975,Roger,Brown,DET,N,29,454,72,47,83,130,12,6,25,0,76,72,29,18,14,0,0
BRYANJO01,1975,Joe,Bryant,PHI,N,75,1203,558,97,181,278,61,44,23,0,165,552,233,147,92,0,0
BUCCIGE01,1975,George,Bucci,NYN,A,33,237,128,0,37,37,15,12,3,22,19,124,50,41,28,4,0
BURDELU01,1975,Luther,Burden,VIR,A,71,2181,1413,0,202,202,131,103,9,181,188,1247,561,369,283,36,8
BURLETO01,1975,Tom,Burleson,SEA,N,82,2647,1283,258,484,742,180,70,150,0,273,1032,496,388,291,0,0
BUSEDO01,1975,Don,Buse,IND,A,84,3380,1051,0,322,322,689,346,31,159,194,887,400,220,179,208,72
CALHOCO01,1975,Corky,Calhoun,LAL,N,76,1816,409,117,224,341,85,62,35,0,216,368,172,83,65,0,0
CALVIMA01,1975,Mack,Calvin,VIR,A,45,1658,872,0,128,128,271,71,1,192,122,717,306,285,253,26,7
CARLSAL01,1975,Al,Carlson,SEA,N,28,279,72,30,43,73,13,7,11,0,39,79,27,29,18,0,0
CARRAU01,1975,Austin,Carr,CLE,N,65,1282,658,67,65,132,122,37,2,0,92,625,276,134,106,0,0
CARRML01,1975,M.l.,Carr,STL,A,74,2174,906,0,459,459,224,127,44,162,225,786,380,206,137,24,9
CARTEFR01,1975,Fred,Carter,PHI,N,82,2992,1549,113,186,299,372,137,13,0,286,1594,665,312,219,0,0
CARTEGE01,1975,George,Carter,UTS,A,10,180,82,0,31,31,15,5,3,16,27,65,25,41,32,0,0
CATCHHA01,1975,Harvey,Catchings,PHI,N,75,1731,264,191,329,520,63,21,164,0,262,242,103,96,58,0,0
CHANEDO01,1975,Don,Chaney,STL,A,48,1475,447,0,234,234,169,66,36,119,170,457,191,82,64,4,1
CHARLKE01,1975,Ken,Charles,BUF,N,81,2247,817,58,161,219,204,123,48,0,257,719,328,205,161,0,0
CHENIPH01,1975,Phil,Chenier,WA1,N,80,2952,1590,84,236,320,255,158,45,0,186,1355,654,341,282,0,0
CHONEJI01,1975,Jim,Chones,CLE,N,82,2741,1298,197,542,739,163,42,93,0,241,1258,563,260,172,0,0
CLARKAR01,1975,Archie,Clark,DET,N,79,1589,600,27,110,137,218,62,4,0,157,577,250,116,100,0,0
CLEAMJI01,1975,Jim,Cleamons,CLE,N,82,2835,1000,124,230,354,428,124,20,0,214,887,413,218,174,0,0
CLEMEJO01,1975,John,Clemens,POR,N,49,443,171,27,43,70,33,27,7,0,57,143,70,35,31,0,0
COLEMEC01,1975,E.c.,Coleman,NOJ,N,67,1850,491,124,295,419,87,56,30,0,227,479,216,89,59,0,0
COLLIDO01,1975,Doug,Collins,PHI,N,77,2995,1600,126,181,307,191,110,24,0,249,1196,614,445,372,0,0
CONNEJI01,1975,Jimmy,Conner,KEN,A,24,240,106,0,28,28,38,11,5,32,35,86,42,29,22,3,0
COUNTME01,1975,Mel,Counts,NOJ,N,30,319,90,27,73,100,38,16,8,0,74,91,37,21,16,0,0
COWENDA01,1975,Dave,Cowens,BOS,N,78,3101,1479,335,911,1246,325,94,71,0,314,1305,611,340,257,0,0
CREIGJI01,1975,Jim,Creighton,ATL,N,32,172,31,13,32,45,4,2,9,0,23,43,12,16,7,0,0
CUNNIBI01,1975,Billy,Cunningham,PHI,N,20,640,274,29,118,147,107,24,10,0,57,251,103,88,68,0,0
DAMPILO01,1975,Lou,Dampier,KEN,A,82,2835,1068,0,159,159,467,60,46,148,141,949,455,146,126,87,32
DANDRBO01,1975,Bob,Dandridge,MIL,N,73,2735,1571,171,369,540,206,111,38,0,263,1296,650,329,271,0,0
DANTMI01,1975,Mike,D'antoni,KCO,N,9,101,16,4,10,14,16,10,0,0,18,27,7,2,2,0,0
DANTOMI01,1975,Mike,Dantoni,STL,A,50,798,173,0,76,76,115,63,14,47,134,162,77,26,19,4,0
DARNERI01,1975,Rick,Darnell,VIR,A,11,120,26,0,36,36,9,5,3,14,30,30,11,7,4,0,0
DAVISDW01,1975,Dwight,Davis,GSW,N,72,866,300,86,139,225,46,20,28,0,141,269,111,113,78,0,0
DAVISED01,1975,Edward,Davis,MIL,N,45,411,160,0,84,84,37,13,2,0,36,152,55,63,50,0,0
DAVISLE01,1975,Lee,Davis,SDS,A,7,51,5,0,5,5,1,0,0,1,12,11,2,2,1,0,0
DAVISME01,1975,Mel,Davis,NYK,N,42,408,174,43,105,148,31,16,5,0,56,193,76,29,22,0,0
DAWKIDA01,1975,Darryl,Dawkins,PHI,N,37,165,90,15,34,49,3,2,9,0,40,82,41,24,8,0,0
DENTORA01,1975,Randy,Denton,STL,A,67,1540,649,0,519,519,89,37,32,83,180,634,283,99,83,1,0
DERLIRO01,1975,Rod,Derline,SEA,N,49,339,191,8,19,27,26,11,1,0,22,181,73,56,45,0,0
DICKEDE01,1975,Derrek,Dickey,GSW,N,79,1207,502,114,235,349,83,26,11,0,141,473,220,79,62,0,0
DICKEHE01,1975,Henry,Dickerson,DET,N,17,112,28,3,0,3,8,2,1,0,17,29,9,16,10,0,0
DIETRCO01,1975,Coby,Dietrick,SAS,A,81,1467,469,0,349,349,159,67,43,112,257,403,200,82,68,7,1
DIGREER01,1975,Ernie,Digregorio,BUF,N,67,1364,450,15,97,112,265,37,1,0,158,474,182,94,86,0,0
DILLADU01,1975,Duane,Dillard,UTS,A,3,19,4,0,9,9,2,2,2,5,7,3,1,2,2,0,0
DREWJO01,1975,John,Drew,ATL,N,77,2351,1660,286,374,660,150,138,30,0,261,1168,586,656,488,0,0
DUDLECH01,1975,Charles,Dudley,GSW,N,82,1456,521,112,157,269,239,77,2,0,170,345,182,245,157,0,0
DUVALDE01,1975,Dennis,Duval,ATL,N,13,130,36,1,7,8,20,6,2,0,15,43,15,9,6,0,0
EAKINJI01,1975,Jim,Eakins,NYN,A,73,1667,628,0,439,439,88,34,70,114,220,477,215,223,198,0,0
EBERHAL01,1975,Al,Eberhard,DET,N,81,2066,757,139,251,390,83,87,15,0,250,683,283,229,191,0,0
ELLISLE01,1975,Leroy,Ellis,PHI,N,29,489,139,47,75,122,21,16,9,0,62,132,61,28,17,0,0
ELMORLE01,1975,Len,Elmore,IND,A,76,2591,1112,0,819,819,122,136,178,175,310,1193,480,206,152,3,0
ERICKKE01,1975,Keith,Erickson,PHO,N,74,1850,744,106,226,332,185,79,6,0,196,649,305,157,134,0,0
ERVINJU01,1975,Julius,Erving,NYN,A,84,3244,2462,0,925,925,423,207,160,307,221,1873,949,662,530,103,34
FERNSER01,1975,Eric,Fernsten,CLE,N,4,9,0,0,1,1,0,0,0,0,1,2,0,0,0,0,0
FERNSER01,1975,Eric,Fernsten,CHI,N,33,259,92,25,44,69,19,7,14,0,20,84,33,37,26,0,0
FERNSER01,1975,Eric,Fernsten,TOT,N,37,268,92,25,45,70,19,7,14,0,21,86,33,37,26,0,0
FLYNNMI01,1975,Mike,Flynn,IND,A,67,1097,421,0,133,133,133,44,9,81,112,439,166,111,64,99,25
FOGLELA01,1975,Larry,Fogle,NYK,N,2,14,2,1,2,3,0,1,0,0,4,5,1,0,0,0,0
FORDCH01,1975,Chris,Ford,DET,N,82,2198,685,80,211,291,272,178,24,0,222,707,301,115,83,0,0
FORDDO01,1975,Don,Ford,LAL,N,76,1838,726,118,215,333,111,50,14,0,186,710,311,139,104,0,0
FOSTEJI01,1975,Jimmy,Foster,DEN,A,48,352,148,0,42,42,47,19,4,63,78,145,54,64,39,8,1
FOXJI01,1975,Jim,Fox,MIL,N,70,918,272,82,153,235,42,27,16,0,129,203,105,79,62,0,0
FRANKWI01,1975,Will,Franklin,SAS,A,10,95,33,0,29,29,5,3,3,5,16,22,12,16,9,0,0
FRAZIWA01,1975,Walt,Frazier,NYK,N,59,2427,1126,79,321,400,351,106,9,0,163,969,470,226,186,0,0
FREEMDO01,1975,Donnie,Freeman,LAL,N,64,1480,689,72,108,180,171,57,11,0,160,606,263,199,163,0,0
FREEWO01,1975,World,Free,PHI,N,71,1121,590,64,61,125,104,37,6,0,107,533,239,186,112,0,0
GALEMI01,1975,Mike,Gale,SAS,A,78,1782,527,0,207,207,244,123,40,143,145,506,230,80,64,17,3
GARDNKE01,1975,Kenny,Gardner,UTS,A,9,51,14,0,13,13,3,2,1,1,9,18,6,2,2,0,0
GARRERO01,1975,Rowland,Garrett,TOT,N,55,540,269,45,72,117,17,25,7,0,68,258,108,65,53,0,0
GARRERO01,1975,Rowland,Garrett,CLE,N,41,216,117,18,24,42,10,17,3,0,36,127,51,21,15,0,0
GARRERO01,1975,Rowland,Garrett,CHI,N,14,324,152,27,48,75,7,8,4,0,32,131,57,44,38,0,0
GERARGU01,1975,Gus,Gerard,DEN,A,82,1727,843,0,437,437,147,69,72,186,238,795,332,238,175,9,4
GERVIGE01,1975,George,Gervin,SAS,A,81,2748,1768,0,546,546,201,110,119,217,288,1414,706,399,342,55,14
GIANEJO01,1975,John,Gianelli,NYK,N,82,2332,764,187,365,552,115,25,62,0,194,687,325,160,114,0,0
GIBBSDI01,1975,Dick,Gibbs,BUF,N,72,866,335,42,64,106,49,16,14,0,133,301,129,93,77,0,0
GILLIHE01,1975,Herm,Gilliam,SEA,N,81,1644,688,56,164,220,202,82,12,0,139,676,299,116,90,0,0
GILMOAR01,1975,Artis,Gilmore,KEN,A,84,3286,2067,0,1303,1303,211,58,205,295,341,1401,773,764,521,0,0
GOODRGA01,1975,Gail,Goodrich,LAL,N,75,2646,1459,94,120,214,421,123,17,0,238,1321,583,346,293,0,0
GOVANGE01,1975,Gerald,Govan,VIR,A,24,658,137,0,161,161,54,7,11,47,65,131,57,28,23,0,0
GRANTTR01,1975,Travis,Grant,IND,A,56,828,448,0,140,140,43,16,18,55,98,398,198,69,52,0,0
GRAYLE01,1975,Leonard,Gray,SEA,N,66,2139,914,109,289,398,203,75,36,0,260,831,394,169,126,0,0
GREENMI01,1975,Mike,Green,VIR,A,54,1719,924,0,519,519,82,68,80,136,187,832,385,198,154,4,0
GREENST01,1975,Steve,Green,STL,A,52,1068,474,0,194,194,64,31,10,72,150,438,195,108,84,5,0
GREVEKE01,1975,Kevin,Grevey,WA1,N,56,504,210,24,36,60,27,13,3,0,65,213,79,58,52,0,0
GROSSBO01,1975,Bob,Gross,POR,N,76,1474,515,138,169,307,163,91,43,0,186,400,209,142,97,0,0
GUOKAMA01,1975,Matt,Guokas,CHI,N,18,278,81,4,12,16,28,5,1,0,23,74,36,11,9,0,0
GUOKAMA01,1975,Matt,Guokas,KCO,N,38,515,83,18,29,47,42,13,2,0,53,99,37,16,9,0,0
GUOKAMA01,1975,Matt,Guokas,TOT,N,56,793,164,22,41,63,70,18,3,0,76,173,73,27,18,0,0
HACKERU01,1975,Rudy,Hackett,STL,A,22,414,141,0,78,78,28,15,8,24,48,131,55,49,31,0,0
HAIRSLI01,1975,Lindsay,Hairston,DET,N,47,651,273,65,114,179,21,21,32,0,84,228,104,112,65,0,0
HAMILJO01,1975,Joe,Hamilton,UTS,A,13,131,77,0,14,14,15,8,0,6,12,78,31,13,9,21,6
HANSEGL01,1975,Glenn,Hansen,KCO,N,66,1145,431,77,110,187,67,47,13,0,144,420,173,117,85,0,0
HASKICL01,1975,Clem,Haskins,WA1,N,55,737,350,12,42,54,73,23,8,0,79,269,148,65,54,0,0
HAVLIJO01,1975,John,Havlicek,BOS,N,76,2598,1289,116,198,314,278,97,29,0,204,1121,504,333,281,0,0
HAWESST01,1975,Steve,Hawes,TOT,N,72,1411,485,171,326,497,115,44,25,0,169,403,199,120,87,0,0
HAWESST01,1975,Steve,Hawes,HOU,N,6,51,10,5,13,18,10,0,0,0,6,13,5,0,0,0,0
HAWESST01,1975,Steve,Hawes,POR,N,66,1360,475,166,313,479,105,44,25,0,163,390,194,120,87,0,0
HAWKICO01,1975,Connie,Hawkins,ATL,N,74,1907,610,102,343,445,212,80,46,0,172,530,237,191,136,0,0
HAWKIRO01,1975,Robert,Hawkins,GSW,N,32,153,126,16,14,30,16,10,8,0,31,104,53,31,20,0,0
HAWTHNA01,1975,Nate,Hawthorne,PHO,N,79,1144,479,86,123,209,46,33,15,0,147,423,182,170,115,0,0
HAYESEL01,1975,Elvin,Hayes,WA1,N,80,2975,1585,210,668,878,121,104,202,0,293,1381,649,457,287,0,0
HAYWOSP01,1975,Spencer,Haywood,NYK,N,78,2892,1549,234,644,878,92,53,80,0,255,1360,605,448,339,0,0
HEARDGA01,1975,Garfield,Heard,BUF,N,50,1527,496,138,373,511,126,66,55,0,183,492,207,135,82,0,0
HEARDGA01,1975,Garfield,Heard,PHO,N,36,1220,446,109,249,358,64,51,41,0,120,409,185,113,76,0,0
HEARDGA01,1975,Garfield,Heard,TOT,N,86,2747,942,247,622,869,190,117,96,0,303,901,392,248,158,0,0
HENDETO01,1975,Tom,Henderson,ATL,N,81,2900,1154,58,207,265,374,137,10,0,195,1136,469,305,216,0,0
HILLMDA01,1975,Darnell,Hillman,IND,A,74,2166,994,0,670,670,147,80,80,196,306,828,375,336,243,4,1
HOLLAWI01,1975,Wilbur,Holland,ATL,N,33,351,192,15,26,41,26,20,2,0,48,213,85,34,22,0,0
HOLLILI01,1975,Lionel,Hollins,POR,N,74,1891,800,39,136,175,306,131,28,0,235,738,311,247,178,0,0
HUDSOLO01,1975,Lou,Hudson,ATL,N,81,2558,1375,104,196,300,214,124,17,0,241,1205,569,291,237,0,0
HUGHEKI01,1975,Kim,Hughes,NYN,A,84,2162,692,0,775,775,55,98,120,102,292,566,300,202,92,0,0
HUMMEJO01,1975,John,Hummer,SEA,N,29,364,81,21,56,77,25,6,9,0,71,67,32,41,17,0,0
INGELTO01,1975,Tom,Ingelsby,SDS,A,5,14,4,0,3,3,0,0,0,0,1,3,1,2,2,0,0
IRVINGE01,1975,George,Irvine,DEN,A,3,14,4,0,1,1,0,0,0,1,1,6,2,0,0,1,0
ISSELDA01,1975,Dan,Issel,DEN,A,84,2856,1930,0,923,923,201,100,56,200,266,1472,752,521,425,4,1
JACKSMI01,1975,Mike,Jackson,VIR,A,80,2230,979,0,607,607,113,45,29,190,306,781,390,250,199,5,0
JACKSPH01,1975,Phil,Jackson,NYK,N,80,1461,480,80,263,343,105,41,20,0,275,387,185,150,110,0,0
JAMESAA01,1975,Aaron,James,NOJ,N,75,1346,677,93,156,249,59,33,6,0,172,594,262,204,153,0,0
JOHNSCH01,1975,Charlie,Johnson,GSW,N,81,1549,744,77,125,202,122,100,7,0,178,732,342,79,60,0,0
JOHNSGE01,1975,George,Johnson,GSW,N,82,1745,400,200,427,627,82,51,174,0,275,341,165,104,70,0,0
JOHNSJO01,1975,John,Johnson,POR,N,9,212,105,13,27,40,20,7,8,0,31,88,41,27,23,0,0
JOHNSJO01,1975,John,Johnson,TOT,N,76,1697,752,94,238,332,217,57,36,0,194,697,316,155,120,0,0
JOHNSJO01,1975,John,Johnson,HOU,N,67,1485,647,81,211,292,197,50,28,0,163,609,275,128,97,0,0
JOHNSMI01,1975,Mickey,Johnson,CHI,N,81,2390,1239,279,479,758,130,93,66,0,292,1033,478,360,283,0,0
JOHNSOL01,1975,Ollie,Johnson,KCO,N,81,2150,821,116,241,357,146,67,42,0,217,678,348,149,125,0,0
JOHNSST03,1975,Stew,Johnson,SDS,A,20,350,141,0,48,48,23,8,1,13,35,197,61,22,18,13,1
JONESBO01,1975,Bobby,Jones,DEN,A,83,2845,1235,0,791,791,331,170,184,232,253,878,510,308,215,0,0
JONESCA01,1975,Caldwell,Jones,STL,A,76,2674,986,0,853,853,147,81,218,166,321,900,423,186,140,7,0
JONESDW01,1975,Dwight,Jones,ATL,N,66,1762,665,171,353,524,83,52,61,0,214,542,251,219,163,0,0
JONESJI01,1975,Jimmy,Jones,WA1,N,64,1133,378,32,99,131,120,33,5,0,127,308,153,94,72,0,0
JONESRI01,1975,Rich,Jones,NYN,A,83,2427,1096,0,428,428,131,81,21,159,294,1153,441,261,199,67,15
JONESST01,1975,Steve,Jones,POR,N,64,819,414,13,62,75,63,17,6,0,96,380,168,94,78,0,0
JONESWA01,1975,Wali,Jones,DET,N,1,19,8,0,0,0,2,2,0,0,2,11,4,0,0,0,0
JONESWA01,1975,Wali,Jones,PHI,N,16,157,47,0,9,9,31,4,0,0,25,38,19,13,9,0,0
JONESWA01,1975,Wali,Jones,TOT,N,17,176,55,0,9,9,33,6,0,0,27,49,23,13,9,0,0
JONESWI01,1975,Wil,Jones,KEN,A,83,2635,1127,0,625,625,209,84,54,200,326,1015,483,204,158,6,3
JORDACH01,1975,Charles,Jordan,IND,A,71,855,369,0,216,216,53,33,13,84,184,373,162,72,43,10,2
JOYCEKE01,1975,Kevin,Joyce,KEN,A,43,916,285,0,49,49,130,31,3,91,96,311,114,74,55,12,2
KARLGE01,1975,George,Karl,SAS,A,75,1200,381,0,66,66,250,60,3,108,149,334,150,106,81,9,0
KELLEBI01,1975,Billy,Keller,IND,A,78,2311,1107,0,228,228,307,59,5,148,116,1011,410,183,164,349,123
KELLERI01,1975,Rich,Kelley,NOJ,N,75,1346,527,193,335,528,155,52,60,0,209,379,184,205,159,0,0
KENNEGO01,1975,Goo,Kennedy,UTS,A,16,271,100,0,80,80,11,10,2,12,43,69,38,37,24,0,0
KENONLA01,1975,Larry,Kennon,SAS,A,81,2920,1515,0,897,897,151,91,43,243,165,1344,647,283,221,1,0
KNIGHBI01,1975,Billy,Knight,IND,A,70,2775,1969,0,708,708,259,92,23,299,206,1567,774,501,415,15,6
KOSMALE01,1975,Len,Kosmalski,KCO,N,9,93,20,9,16,25,12,3,4,0,11,20,8,7,4,0,0
KOZELTO01,1975,Tom,Kozelko,WA1,N,67,584,115,19,63,82,33,19,4,0,74,99,48,30,19,0,0
KROPPTO01,1975,Tom,Kropp,WA1,N,25,72,19,5,10,15,8,2,0,0,20,30,7,6,5,0,0
KUBERST01,1975,Steve,Kuberski,BUF,N,10,85,17,4,21,25,3,1,2,0,10,17,7,3,3,0,0
KUBERST01,1975,Steve,Kuberski,BOS,N,60,882,324,86,148,234,44,11,11,0,123,274,128,76,68,0,0
KUBERST01,1975,Steve,Kuberski,TOT,N,70,967,341,90,169,259,47,12,13,0,133,291,135,79,71,0,0
KUNNEKE01,1975,Kevin,Kunnert,HOU,N,80,2335,1032,267,520,787,155,57,105,0,315,954,465,156,102,0,0
KUPECCH01,1975,Charles,Kupec,LAL,N,16,55,27,4,19,23,5,3,0,0,7,40,10,11,7,0,0
LACEYSA01,1975,Sam,Lacey,KCO,N,81,3083,1035,218,806,1024,378,132,134,0,286,1019,409,286,217,0,0
LAMARBO01,1975,Bo,Lamar,IND,A,41,1130,657,0,116,116,171,42,2,95,58,668,277,106,79,86,24
LAMBEJO01,1975,John,Lambert,CLE,N,54,333,123,37,65,102,16,8,12,0,54,110,49,37,25,0,0
LANIEBO01,1975,Bob,Lanier,DET,N,64,2363,1366,217,529,746,217,79,86,0,203,1017,541,370,284,0,0
LANTZST01,1975,Stu,Lantz,LAL,N,53,853,250,28,71,99,76,27,3,0,105,204,85,89,80,0,0
LASKOJO01,1975,John,Laskowski,CHI,N,71,1570,655,52,167,219,55,56,10,0,90,690,284,120,87,0,0
LEECL01,1975,Clyde,Lee,PHI,N,79,1421,309,164,289,453,59,23,27,0,188,282,123,95,63,0,0
LEEGR01,1975,Greg,Lee,POR,N,5,35,6,0,2,2,11,2,0,0,6,4,2,2,2,0,0
LEWISFR01,1975,Freddie,Lewis,STL,A,74,2266,1096,0,213,213,293,109,7,193,183,953,403,317,259,106,31
LOVEBO01,1975,Bob,Love,CHI,N,76,2823,1448,191,319,510,145,63,10,0,233,1391,543,452,362,0,0
LUCASMA01,1975,Maurice,Lucas,KEN,A,86,2861,1460,0,970,970,224,75,57,298,332,1346,620,283,217,18,3
LUMPKPH01,1975,Phil,Lumpkin,PHO,N,34,370,70,7,16,23,48,15,0,0,26,65,22,30,26,0,0
MALONMO01,1975,Moses,Malone,STL,A,43,1168,614,0,413,413,58,25,28,140,113,490,251,183,112,2,0
MANNIED01,1975,Ed,Manning,IND,A,12,134,60,0,37,37,14,4,2,7,18,60,24,17,12,0,0
MARAVPE02,1975,Pete,Maravich,NOJ,N,62,2373,1604,46,254,300,332,87,23,0,197,1316,604,488,396,0,0
MARINJA01,1975,Jack,Marin,BUF,N,12,278,109,10,30,40,23,7,6,0,30,94,41,33,27,0,0
MARINJA01,1975,Jack,Marin,TOT,N,79,1909,847,69,183,252,141,45,11,0,164,812,343,188,161,0,0
MARINJA01,1975,Jack,Marin,CHI,N,67,1631,738,59,153,212,118,38,5,0,134,718,302,155,134,0,0
MARTILA01,1975,Larue,Martin,POR,N,63,889,275,68,243,311,72,6,23,0,126,302,109,77,57,0,0
MAYESCL01,1975,Clyde,Mayes,MIL,N,65,948,284,97,166,263,37,9,42,0,154,248,114,97,56,0,0
MAYFIKE01,1975,Ken,Mayfield,NYK,N,13,64,37,1,7,8,4,0,0,0,18,46,17,3,3,0,0
MCADOBO01,1975,Bob,Mcadoo,BUF,N,78,3328,2427,241,724,965,315,93,160,0,298,1918,934,734,559,0,0
MCCLATE01,1975,Ted,Mcclain,KEN,A,73,1927,673,0,208,208,310,138,23,194,277,631,267,170,136,12,3
MCDANJI01,1975,Jim,Mcdaniels,LAL,N,64,607,270,26,172,198,36,68,18,37,57,267,119,37,32,0,0
MCDONGL01,1975,Glenn,Mcdonald,BOS,N,75,1019,422,56,79,135,68,39,20,0,123,456,191,56,40,0,0
MCELRJI01,1975,Jim,Mcelroy,NOJ,N,51,1134,383,34,76,110,107,44,4,0,70,296,151,110,81,0,0
MCFARPA01,1975,Pat,Mcfarland,SDS,A,11,275,132,0,44,44,39,6,1,29,20,120,55,22,21,2,1
MCGINGE01,1975,George,Mcginnis,PHI,N,77,2946,1769,260,707,967,359,198,41,0,334,1552,647,642,475,0,0
MCGLOJO01,1975,Jon,Mcglocklin,MIL,N,33,336,135,3,14,17,38,8,0,0,18,148,63,10,9,0,0
MCMILJI01,1975,Jim,Mcmillian,BUF,N,74,2610,1172,134,256,390,205,88,14,0,141,918,492,219,188,0,0
MCMILTO01,1975,Tom,Mcmillen,BUF,N,50,708,233,64,122,186,69,7,6,0,87,222,96,54,41,0,0
MCNEILA01,1975,Larry,Mcneill,KCO,N,82,1613,797,157,353,510,72,51,32,0,244,610,295,273,207,0,0
MEELYCL01,1975,Cliff,Meely,TOT,N,34,313,137,22,75,97,19,14,8,0,61,132,52,48,33,0,0
MEELYCL01,1975,Cliff,Meely,LAL,N,20,139,64,10,35,45,9,5,4,0,30,51,20,32,24,0,0
MEELYCL01,1975,Cliff,Meely,HOU,N,14,174,73,12,40,52,10,9,4,0,31,81,32,16,9,0,0
MELCHBI01,1975,Bill,Melchionni,NYN,A,67,1191,386,0,88,88,266,52,8,95,66,358,149,93,79,23,9
MEMINDE01,1975,Dean,Meminger,ATL,N,68,1418,410,65,86,151,222,54,8,0,116,379,155,152,100,0,0
MENGEJO01,1975,John,Mengelt,DET,N,67,1105,720,27,88,115,108,40,5,0,138,540,264,237,192,0,0
MERIWJO01,1975,Joe,Meriweather,HOU,N,81,2042,830,163,353,516,82,36,120,0,219,684,338,239,154,0,0
MEYERDA01,1975,Dave,Meyers,MIL,N,72,1589,531,121,324,445,100,72,25,0,145,472,198,210,135,0,0
MIXST01,1975,Steve,Mix,PHI,N,81,3039,1129,215,447,662,216,158,29,0,288,844,421,351,287,0,0
MONEYER01,1975,Eric,Money,DET,N,80,2267,1043,77,130,207,338,137,11,0,243,947,449,180,145,0,0
MONROEA01,1975,Earl,Monroe,NYK,N,76,2889,1574,48,225,273,304,111,22,0,209,1354,647,356,280,0,0
MOOREOT01,1975,Otto,Moore,NOJ,N,81,2407,730,162,631,793,216,85,136,0,250,672,293,226,144,0,0
MULLIJE01,1975,Jeff,Mullins,GSW,N,29,311,139,12,20,32,39,14,1,0,36,120,58,29,23,0,0
MURPHAL01,1975,Allen,Murphy,KEN,A,29,248,113,0,47,47,13,10,8,27,52,114,43,37,27,1,0
MURPHCA01,1975,Calvin,Murphy,HOU,N,82,2995,1722,52,157,209,596,151,6,0,294,1369,675,410,372,0,0
NATERSW01,1975,Swen,Nater,NYN,A,76,1790,748,0,766,766,55,31,51,170,238,651,320,155,108,4,0
NEALLL01,1975,Lloyd,Neal,POR,N,68,2320,1056,145,440,585,118,53,107,0,254,904,435,268,186,0,0
NELSODO01,1975,Don,Nelson,BOS,N,75,943,477,56,126,182,77,14,7,0,115,379,175,161,127,0,0
NELSOLO01,1975,Louie,Nelson,NOJ,N,66,2030,823,81,121,202,169,82,6,0,147,755,327,230,169,0,0
NETOLBO01,1975,Bob,Netolicky,IND,A,4,53,19,0,12,12,0,0,1,5,2,21,8,3,3,0,0
NEUMAJO01,1975,Johnny,Neumann,KEN,A,77,1589,1008,0,201,201,171,68,26,174,222,949,393,189,151,208,71
NEWLIMI01,1975,Mike,Newlin,HOU,N,82,3065,1523,72,264,336,457,106,5,0,263,1123,569,445,385,0,0
NORMACO01,1975,Connie,Norman,PHI,N,65,818,386,51,50,101,66,28,7,0,87,422,183,24,20,0,0
NORWOWI01,1975,Willie,Norwood,SEA,N,64,1004,444,91,138,229,59,42,4,0,139,301,146,203,152,0,0
OLBERMA01,1975,Mark,Olberding,SAS,A,81,2055,795,0,530,530,142,50,37,141,249,607,302,247,191,0,0
OLEYNFR01,1975,Frank,Oleynick,SEA,N,52,650,307,10,35,45,53,21,6,0,62,316,127,77,53,0,0
OWENSTO01,1975,Tom,Owens,SAS,A,74,1107,448,0,317,317,69,11,41,74,200,369,178,129,92,0,0
PARKHBA01,1975,Barry,Parkhill,STL,A,35,377,80,0,26,26,64,9,7,29,46,100,37,8,5,11,1
PATTEST01,1975,Steve,Patterson,CLE,N,14,136,38,7,21,28,9,3,5,0,11,38,15,10,8,0,0
PATTEST01,1975,Steve,Patterson,CHI,N,52,782,164,73,127,200,71,13,11,0,82,182,69,44,26,0,0
PATTEST01,1975,Steve,Patterson,TOT,N,66,918,202,80,148,228,80,16,16,0,93,220,84,54,34,0,0
PAULTBI01,1975,Billy,Paultz,SAS,A,83,2958,1370,0,862,862,340,61,253,231,232,1124,566,324,238,2,0
PERRYCU01,1975,Curtis,Perry,PHO,N,71,2353,947,197,487,684,182,84,66,0,269,776,386,239,175,0,0
PETRIGE01,1975,Geoff,Petrie,POR,N,72,2557,1363,38,130,168,330,82,5,0,194,1177,543,334,277,0,0
PONDECL01,1975,Cliff,Pondexter,CHI,N,75,1326,434,113,268,381,90,28,26,0,134,380,156,182,122,0,0
PORTEHO01,1975,Howard,Porter,DET,N,75,1482,669,81,214,295,25,31,36,0,133,635,298,97,73,0,0
PORTEKE01,1975,Kevin,Porter,DET,N,19,687,240,14,30,44,193,35,3,0,83,235,99,56,42,0,0
PRICEJI01,1975,Jim,Price,MIL,N,80,2525,937,74,187,261,395,148,32,0,264,958,398,166,141,0,0
RATLEED01,1975,Ed,Ratleff,HOU,N,72,2401,796,107,272,379,260,114,37,0,234,647,314,206,168,0,0
RAYCL01,1975,Clifford,Ray,GSW,N,82,2184,564,270,506,776,149,78,83,0,247,404,212,230,140,0,0
RESTAKE01,1975,Kevin,Restani,MIL,N,82,1650,492,115,261,376,96,36,12,0,151,493,234,42,24,0,0
RILEYPA01,1975,Pat,Riley,TOT,N,62,813,289,16,34,50,57,22,6,0,112,301,117,77,55,0,0
RILEYPA01,1975,Pat,Riley,LAL,N,2,23,11,1,2,3,0,1,1,0,5,13,5,3,1,0,0
RILEYPA01,1975,Pat,Riley,PHO,N,60,790,278,15,32,47,57,21,5,0,107,288,112,74,54,0,0
RILEYRO01,1975,Ron,Riley,HOU,N,65,1049,268,91,213,304,75,32,21,0,137,280,115,56,38,0,0
RIORDMI01,1975,Mike,Riordan,WA1,N,78,1943,653,44,143,187,122,54,13,0,201,662,291,96,71,0,0
ROBERMA01,1975,Marv,Roberts,KEN,A,72,1559,625,0,236,236,120,36,8,100,151,621,259,137,107,0,0
ROBERRI01,1975,Rick,Roberson,KCO,N,74,709,188,74,159,233,53,18,17,0,126,180,73,103,42,0,0
ROBINBI01,1975,Bill,Robinzine,KCO,N,75,1327,603,128,227,355,60,80,8,0,290,499,229,198,145,0,0
ROBINTR01,1975,Truck,Robinson,WA1,N,82,2055,919,139,418,557,113,42,107,0,239,779,354,314,211,0,0
ROBISDA01,1975,Dave,Robisch,IND,A,87,2789,1196,0,794,794,166,71,59,113,200,1033,436,381,324,3,0
ROCHEJO01,1975,John,Roche,UTS,A,16,484,264,0,25,25,79,14,1,51,47,212,112,41,31,26,9
ROCHEJO01,1975,John,Roche,LAL,N,15,52,8,0,3,3,6,0,0,0,7,14,3,4,2,0,0
ROGERHA01,1975,Harry,Rogers,STL,A,18,298,137,0,96,96,15,12,6,21,34,124,60,24,17,2,0
ROUNDDA01,1975,Dan,Roundfield,IND,A,67,767,339,0,259,259,35,31,43,64,161,309,131,122,77,2,0
ROWECU01,1975,Curtis,Rowe,DET,N,80,2998,1280,231,466,697,183,47,45,0,209,1098,514,342,252,0,0
RUFFNPA01,1975,Paul,Ruffner,STL,A,2,5,4,0,3,3,0,0,0,0,0,3,2,0,0,0,0
RUSSECA01,1975,Cazzie,Russell,LAL,N,74,1625,874,50,133,183,122,53,3,0,122,802,371,148,132,0,0
RUSSECA02,1975,Campy,Russell,CLE,N,82,1961,1232,134,211,345,107,69,10,0,231,1003,483,344,266,0,0
SAUNDFR01,1975,Fred,Saunders,PHO,N,17,146,62,11,26,37,13,5,1,0,23,64,28,11,6,0,0
SCHAEBI01,1975,Billy,Schaeffer,VIR,A,51,637,278,0,111,111,37,19,9,35,72,258,114,63,48,10,2
SCHLUDA01,1975,Dale,Schlueter,BUF,N,71,773,176,58,166,224,80,13,17,0,141,122,61,81,54,0,0
SCOTTCH01,1975,Charlie,Scott,BOS,N,82,2913,1443,106,252,358,341,103,24,0,356,1309,588,335,267,0,0
SEALSBR01,1975,Bruce,Seals,SEA,N,81,2435,957,157,350,507,119,64,44,0,314,889,388,267,181,0,0
SEARCED01,1975,Ed,Searcy,BOS,N,4,12,6,0,0,0,1,0,0,0,4,6,2,2,2,0,0
SHORTGE01,1975,Gene,Short,NYK,N,27,185,71,17,24,41,8,8,3,0,31,80,26,30,19,0,0
SHORTGE01,1975,Gene,Short,TOT,N,34,222,84,19,29,48,10,8,3,0,36,91,32,32,20,0,0
SHORTGE01,1975,Gene,Short,SEA,N,7,37,13,2,5,7,2,0,0,0,5,11,6,2,1,0,0
SHUMAJO01,1975,John,Shumate,TOT,N,75,1976,876,143,411,554,127,82,34,0,159,592,332,326,212,0,0
SHUMAJO01,1975,John,Shumate,PHO,N,43,930,487,61,179,240,62,44,16,0,76,338,186,183,115,0,0
SHUMAJO01,1975,John,Shumate,BUF,N,32,1046,389,82,232,314,65,38,18,0,83,254,146,143,97,0,0
SILASJA01,1975,James,Silas,SAS,A,84,3112,2000,0,335,335,452,155,24,254,263,1384,718,647,564,2,0
SILASPA01,1975,Paul,Silas,BOS,N,81,2662,866,365,660,1025,203,56,33,0,227,740,315,333,236,0,0
SIMPSRA01,1975,Ralph,Simpson,DEN,A,84,3121,1515,0,454,454,597,153,23,360,183,1211,619,350,273,24,4
SKINNAL01,1975,Al,Skinner,NYN,A,83,2082,865,0,307,307,280,91,50,169,252,702,330,241,203,8,2
SKINNTA01,1975,Talvin,Skinner,SEA,N,72,1224,313,89,175,264,67,50,7,0,116,285,132,80,49,0,0
SLOANJE01,1975,Jerry,Sloan,CHI,N,22,617,223,40,76,116,22,27,5,0,77,210,84,78,55,0,0
SMITHAL01,1975,Al,Smith,UTS,A,15,392,138,0,37,37,73,10,2,29,45,105,42,59,48,17,6
SMITHBI01,1975,Bingo,Smith,CLE,N,81,2338,1101,83,258,341,155,58,36,0,231,1121,495,136,111,0,0
SMITHDO01,1975,Don,Smith,SEA,N,27,223,86,30,46,76,16,8,15,0,29,75,35,29,16,0,0
SMITHEL01,1975,Elmore,Smith,MIL,N,78,2809,1218,201,692,893,97,78,238,0,268,962,498,351,222,0,0
SMITHGR01,1975,Greg,Smith,POR,N,1,3,0,0,0,0,0,0,0,0,2,1,0,0,0,0,0
SMITHKE03,1975,Ken,Smith,SAS,A,19,164,82,0,24,24,7,4,0,8,22,83,34,16,13,5,1
SMITHPH01,1975,Phil,Smith,GSW,N,82,2793,1641,133,243,376,362,108,18,0,223,1383,659,410,323,0,0
SMITHRA01,1975,Randy,Smith,BUF,N,82,3167,1787,104,313,417,484,153,4,0,274,1422,702,469,383,0,0
SNYDEDI01,1975,Dick,Snyder,CLE,N,82,2274,1037,50,148,198,220,59,33,0,215,881,441,188,155,0,0
SOBERRI01,1975,Ricky,Sobers,PHO,N,78,1898,718,80,179,259,215,106,7,0,253,623,280,192,158,0,0
SOJOUMI01,1975,Mike,Sojourner,ATL,N,67,1602,576,126,323,449,58,38,40,0,174,524,248,119,80,0,0
STACOKE01,1975,Kevin,Stacom,BOS,N,77,1114,408,62,99,161,128,23,5,0,117,387,170,91,68,0,0
STALLIS01,1975,Isaac,Stallworth,NOJ,N,56,1051,507,42,103,145,53,30,17,0,135,483,211,124,85,0,0
STEELLA01,1975,Larry,Steele,POR,N,81,2382,798,77,215,292,324,170,19,0,289,651,322,203,154,0,0
TAYLOBR01,1975,Brian,Taylor,NYN,A,54,1733,904,0,162,162,204,125,22,153,138,724,354,207,164,76,32
TAYLOFA01,1975,Fatty,Taylor,VIR,A,76,2483,622,0,341,341,401,206,16,247,212,600,243,173,125,51,11
TERRYCH01,1975,Chuck,Terry,NYN,A,66,970,220,0,144,144,38,36,6,21,116,246,96,29,22,21,6
TERRYCL01,1975,Claude,Terry,DEN,A,79,1349,557,0,152,152,146,40,5,96,116,500,232,89,80,55,13
THOMARO01,1975,Ron,Thomas,KEN,A,83,1117,324,0,371,371,67,61,18,71,168,277,134,94,55,2,1
THOMATE01,1975,Terry,Thomas,DET,N,28,136,77,15,21,36,3,4,2,0,21,65,28,29,21,0,0
THOMPDA01,1975,David,Thompson,DEN,A,83,3101,2158,0,525,525,308,136,102,250,282,1567,807,681,541,19,3
THURMNA01,1975,Nate,Thurmond,CHI,N,13,260,48,14,57,71,26,4,12,0,15,45,20,18,8,0,0
THURMNA01,1975,Nate,Thurmond,CLE,N,65,1133,298,101,243,344,68,18,86,0,145,292,122,105,54,0,0
THURMNA01,1975,Nate,Thurmond,TOT,N,78,1393,346,115,300,415,94,22,98,0,160,337,142,123,62,0,0
TOMJARU01,1975,Rudy,Tomjanovich,HOU,N,79,2912,1465,167,499,666,188,42,19,0,206,1202,622,288,221,0,0
TOWEMO01,1975,Monte,Towe,DEN,A,64,576,189,0,55,55,136,37,5,81,84,179,72,44,36,42,9
TRAPPGE01,1975,George,Trapp,DET,N,76,1091,619,79,150,229,50,33,23,0,167,602,278,88,63,0,0
TWARDDA01,1975,Dave,Twardzik,VIR,A,43,871,316,0,89,89,125,62,3,93,107,216,100,139,113,16,3
UNSELWE01,1975,Wes,Unseld,WA1,N,78,2922,750,271,765,1036,404,84,59,0,203,567,318,195,114,0,0
VANARDI01,1975,Dick,Vanarsdale,PHO,N,58,1870,747,39,98,137,140,52,11,0,113,570,276,235,195,0,0
VANARTO01,1975,Tom,Vanarsdale,ATL,N,75,2026,818,35,151,186,146,57,7,0,202,785,346,166,126,0,0
VANBRJA01,1975,Jan,Vanbredakolff,KEN,A,80,1978,613,0,436,436,182,65,96,144,164,488,223,198,165,6,2
VANLINO01,1975,Norm,Vanlier,CHI,N,76,3026,957,138,272,410,500,150,26,0,298,987,361,319,235,0,0
VANZADE01,1975,Dennis,Vanzant,SAS,A,1,2,2,0,1,1,0,0,0,0,1,0,0,2,2,0,0
VAUGHDA01,1975,David,Vaughn,VIR,A,10,86,29,0,19,19,3,0,2,5,15,33,12,8,5,0,0
WALKEFO01,1975,Foots,Walker,CLE,N,81,1280,370,53,129,182,288,98,5,0,136,369,143,108,84,0,0
WALKEJI01,1975,Jimmy,Walker,KCO,N,73,2490,1149,49,128,177,176,87,14,0,186,950,459,267,231,0,0
WALKNE01,1975,Neal,Walk,NYK,N,82,1340,603,98,291,389,119,26,22,0,209,607,262,99,79,0,0
WALTOBI01,1975,Bill,Walton,POR,N,51,1687,823,132,549,681,220,49,82,0,144,732,345,228,133,0,0
WARDHE01,1975,Henry,Ward,SAS,A,61,688,330,0,140,140,35,16,10,45,99,333,154,27,16,23,6
WARNECO01,1975,Cornell,Warner,LAL,N,81,2512,591,223,499,722,106,55,46,0,283,524,251,128,89,0,0
WARREBO01,1975,Bobby,Warren,SDS,A,10,265,101,0,59,59,23,9,6,23,35,81,36,32,28,3,1
WASHIDO01,1975,Don,Washington,UTS,A,6,58,24,0,13,13,3,1,1,3,19,18,12,0,0,0,0
WASHIJI01,1975,Jim,Washington,BUF,N,1,7,0,1,0,1,1,0,0,0,0,1,0,0,0,0,0
WASHIKE01,1975,Kermit,Washington,LAL,N,36,492,123,51,114,165,20,11,26,0,76,90,39,66,45,0,0
WATTSSL01,1975,Slick,Watts,SEA,N,82,2776,1065,112,253,365,661,261,16,0,270,1015,433,344,199,0,0
WEATHNI01,1975,Nick,Weatherspoon,WA1,N,64,1083,532,85,189,274,55,46,16,0,172,458,218,137,96,0,0
WEBSTMA01,1975,Marvin,Webster,DEN,A,38,398,165,0,174,174,30,9,52,38,60,120,55,78,55,1,0
WEDMASC01,1975,Scott,Wedman,KCO,N,82,2968,1267,199,407,606,199,103,36,0,280,1181,538,245,191,0,0
WEISSBO01,1975,Bob,Weiss,BUF,N,66,995,213,13,53,66,150,48,14,0,94,183,89,48,35,0,0
WESLEWA01,1975,Walt,Wesley,LAL,N,1,7,4,0,1,1,1,0,0,0,2,2,1,4,2,0,0
WESTPPA01,1975,Paul,Westphal,PHO,N,82,2960,1679,74,185,259,440,210,38,0,218,1329,657,440,365,0,0
WETZEJO01,1975,John,Wetzel,PHO,N,37,249,64,8,30,38,19,9,3,0,30,46,22,24,20,0,0
WHITEJO01,1975,Jojo,White,BOS,N,82,3257,1552,61,252,313,445,107,20,0,183,1492,670,253,212,0,0
WHITERU01,1975,Rudy,White,HOU,N,32,284,102,13,25,38,30,19,5,0,32,102,42,25,18,0,0
WICKSSI01,1975,Sidney,Wicks,POR,N,79,3044,1505,245,467,712,244,77,53,0,250,1201,580,512,345,0,0
WILKEJA01,1975,Jamaal,Wilkes,GSW,N,82,2716,1461,193,527,720,167,102,31,0,222,1334,617,294,227,0,0
WILLICH02,1975,Chuck,Williams,DEN,A,79,2529,866,0,210,210,375,115,7,180,215,660,339,231,188,4,0
WILLIEA01,1975,Earl,Williams,DET,N,46,562,168,103,148,251,18,22,20,0,81,152,73,44,22,0,0
WILLIGU01,1975,Gus,Williams,GSW,N,77,1728,903,62,97,159,240,140,26,0,143,853,365,233,173,0,0
WILLIJO02,1975,John,Williamson,NYN,A,76,2255,1233,0,190,190,188,76,33,185,224,1153,519,232,187,42,8
WILLINA01,1975,Nate,Williams,NOJ,N,81,1935,1039,135,225,360,107,109,17,0,253,948,421,239,197,0,0
WILLIRO01,1975,Ron,Williams,LAL,N,9,158,44,2,17,19,21,3,0,0,15,43,17,13,10,0,0
WILLOBI01,1975,Bill,Willoughby,ATL,N,62,870,292,103,185,288,31,37,29,0,87,284,113,100,66,0,0
WILSOBO03,1975,Bobby,Wilson,CHI,N,58,856,437,32,62,94,52,25,2,0,96,489,197,58,43,0,0
WINFILE01,1975,Lee,Winfield,KCO,N,22,214,73,8,16,24,19,10,6,0,14,66,32,14,9,0,0
WINGOHA01,1975,Harthorne,Wingo,NYK,N,57,533,184,46,61,107,18,19,8,0,59,163,72,60,40,0,0
WINTEBR01,1975,Brian,Winters,MIL,N,78,2795,1416,66,183,249,366,124,25,0,240,1333,618,217,180,0,0
WISESK01,1975,Skip,Wise,SAS,A,2,10,4,0,3,3,1,0,0,2,4,4,2,0,0,0,0
WISEWI01,1975,Willie,Wise,VIR,A,46,1343,629,0,262,262,125,53,13,125,135,595,247,175,135,6,0
WITTELU01,1975,Luke,Witte,CLE,N,22,99,31,9,29,38,4,1,1,0,14,32,11,15,9,0,0
WOHLDA01,1975,Dave,Wohl,HOU,N,50,700,170,9,47,56,112,26,1,0,112,163,66,49,38,0,0
WRIGHJO01,1975,Joby,Wright,VIR,A,23,305,121,0,59,59,2,5,4,24,54,109,50,38,21,0,0
ABDULKA01,1976,Kareem,Abdul-jabbar,LAL,N,82,3016,2152,266,824,1090,319,101,261,0,262,1533,888,536,376,0,0
ABERNTO01,1976,Tom,Abernethy,LAL,N,70,1378,439,113,178,291,98,49,10,0,118,349,169,134,101,0,0
ADAMSAL01,1976,Alvan,Adams,PHO,N,72,2278,1296,180,472,652,322,95,87,0,260,1102,522,334,252,0,0
ADAMSDO01,1976,Don,Adams,BUF,N,77,1710,561,130,241,371,150,74,16,0,201,526,216,173,129,0,0
ALLENLU01,1976,Lucius,Allen,LAL,N,78,2482,1139,58,193,251,405,116,19,0,183,1035,472,252,195,0,0
ANDERJE01,1976,Jerome,Anderson,IND,N,27,164,66,9,3,12,10,6,2,0,26,59,26,20,14,0,0
ARCHINA01,1976,Nate,Archibald,NYN,N,34,1277,697,22,58,80,254,59,11,0,77,560,250,251,197,0,0
ARDJI01,1976,Jim,Ard,BOS,N,63,969,241,77,219,296,53,18,28,0,128,254,96,76,49,0,0
AVERIWI01,1976,William,Averitt,BUF,N,75,1136,589,20,58,78,134,30,5,0,127,619,234,169,121,0,0
AWTREDE01,1976,Dennis,Awtrey,PHO,N,72,1760,411,111,245,356,182,23,31,0,170,373,160,126,91,0,0
BANTOMI01,1976,Mike,Bantom,NYN,N,33,1114,614,101,184,285,50,28,28,0,120,474,224,226,166,0,0
BANTOMI01,1976,Mike,Bantom,SEA,N,44,795,332,83,103,186,52,35,21,0,113,281,137,84,58,0,0
BANTOMI01,1976,Mike,Bantom,TOT,N,77,1909,946,184,287,471,102,63,49,0,233,755,361,310,224,0,0
BARKETO01,1976,Tom,Barker,ATL,N,59,1354,476,111,290,401,60,33,41,0,223,436,182,164,112,0,0
BARNEJI02,1976,Jim,Barnett,PHI,N,16,231,66,7,7,14,23,4,0,0,28,64,28,18,10,0,0
BARNEMA01,1976,Marvin,Barnes,DET,N,53,989,510,69,184,253,45,38,33,0,139,452,202,156,106,0,0
BARNHNO01,1976,Norton,Barnhill,SEA,N,4,10,4,2,1,3,1,0,0,0,5,6,2,0,0,0,0
BARRMI01,1976,Mike,Barr,KCK,N,73,1224,285,33,97,130,175,52,18,0,96,279,122,57,41,0,0
BARRYRI01,1976,Rick,Barry,GSW,N,79,2904,1723,73,349,422,475,172,58,0,194,1551,682,392,359,0,0
BASSETI01,1976,Tim,Bassett,NYN,N,76,2442,687,175,466,641,109,95,53,0,246,739,293,177,101,0,0
BEARDBU01,1976,Butch,Beard,NYK,N,70,1082,371,50,113,163,144,57,5,0,137,293,148,109,75,0,0
BECKBY01,1976,Byron,Beck,DEN,N,53,480,250,45,51,96,33,15,1,0,59,246,107,44,36,0,0
BEHAGRO01,1976,Ron,Behagen,NOJ,N,60,1170,516,144,287,431,83,41,19,0,166,509,213,126,90,0,0
BENNEME01,1976,Mel,Bennett,IND,N,67,911,314,110,127,237,70,37,33,0,155,294,101,187,112,0,0
BIBBYHE01,1976,Henry,Bibby,PHI,N,81,2639,825,86,187,273,356,108,5,0,200,702,302,282,221,0,0
BIGELBO01,1976,Bob,Bigelow,KCK,N,29,162,85,8,19,27,8,3,1,0,17,70,35,17,15,0,0
BINGDA01,1976,Dave,Bing,WA1,N,64,1516,678,54,89,143,275,61,5,0,150,597,271,176,136,0,0
BOERWTO01,1976,Tom,Boerwinkle,CHI,N,82,1070,302,101,211,312,189,19,19,0,147,273,134,63,34,0,0
BOONERO01,1976,Ron,Boone,KCK,N,82,3021,1818,128,193,321,338,119,19,0,258,1577,747,384,324,0,0
BOSWETO01,1976,Tom,Boswell,BOS,N,70,1083,446,111,195,306,85,27,8,0,237,340,175,135,96,0,0
BOYDFR01,1976,Fred,Boyd,NOJ,N,47,1212,467,19,71,90,147,44,6,0,78,406,194,98,79,0,0
BRADLBI01,1976,Bill,Bradley,NYK,N,67,1027,288,27,76,103,128,25,8,0,122,274,127,42,34,0,0
BREWEJI01,1976,Jim,Brewer,CLE,N,81,2672,689,275,487,762,195,94,82,0,214,657,296,178,97,0,0
BRIDGJU01,1976,Junior,Bridgeman,MIL,N,82,2410,1179,129,287,416,205,82,26,0,221,1094,491,228,197,0,0
BRISTAL01,1976,Allan,Bristow,SAS,N,82,2017,936,119,229,348,240,89,2,0,195,747,365,258,206,0,0
BROKAGA01,1976,Gary,Brokaw,MIL,N,41,891,365,10,54,64,111,22,23,0,85,324,130,137,105,0,0
BROKAGA01,1976,Gary,Brokaw,TOT,N,80,1487,647,22,101,123,228,36,36,0,164,564,242,219,163,0,0
BROKAGA01,1976,Gary,Brokaw,CLE,N,39,596,282,12,47,59,117,14,13,0,79,240,112,82,58,0,0
BROWNFR01,1976,Fred,Brown,SEA,N,72,2098,1236,68,164,232,176,124,19,0,140,1114,534,190,168,0,0
BROWNJO01,1976,John,Brown,ATL,N,77,1405,441,75,161,236,103,46,7,0,217,350,160,150,121,0,0
BROWNRO02,1976,Roger,Brown,DET,N,43,322,60,31,59,90,12,15,18,0,68,56,21,26,18,0,0
BRYANJO01,1976,Joe,Bryant,PHI,N,61,612,267,45,72,117,48,36,13,0,84,240,107,70,53,0,0
BUCKNQU01,1976,Quinn,Buckner,MIL,N,79,2095,681,91,173,264,372,192,21,0,291,689,299,154,83,0,0
BURDELU01,1976,Luther,Burden,NYK,N,61,608,347,26,40,66,62,47,1,0,88,352,148,85,51,0,0
BURLETO01,1976,Tom,Burleson,SEA,N,82,1803,796,184,367,551,93,74,117,0,259,652,288,301,220,0,0
BUSEDO01,1976,Don,Buse,IND,N,81,2947,646,66,204,270,685,281,16,0,129,639,266,145,114,0,0
CALHOCO01,1976,Corky,Calhoun,POR,N,70,743,236,40,104,144,35,24,8,0,123,183,85,85,66,0,0
CALVIMA01,1976,Mack,Calvin,LAL,N,12,207,95,6,10,16,21,11,1,0,16,82,27,48,41,0,0
CALVIMA01,1976,Mack,Calvin,SAS,N,35,606,309,11,20,31,104,23,1,0,58,237,93,146,123,0,0
CALVIMA01,1976,Mack,Calvin,DEN,N,29,625,323,19,30,49,115,27,1,0,53,225,100,144,123,0,0
CALVIMA01,1976,Mack,Calvin,TOT,N,76,1438,727,36,60,96,240,61,3,0,127,544,220,338,287,0,0
CARRAU01,1976,Austin,Carr,CLE,N,82,2409,1329,120,120,240,220,57,10,0,221,1221,558,268,213,0,0
CARRML01,1976,M.l.,Carr,DET,N,82,2643,1091,211,420,631,181,165,58,0,287,931,443,279,205,0,0
CARTEFR01,1976,Fred,Carter,PHI,N,14,237,96,10,14,24,21,11,2,0,29,101,43,19,10,0,0
CARTEFR01,1976,Fred,Carter,TOT,N,61,1112,486,55,62,117,125,39,9,0,125,500,209,96,68,0,0
CARTEFR01,1976,Fred,Carter,MIL,N,47,875,390,45,48,93,104,28,7,0,96,399,166,77,58,0,0
CASHCO01,1976,Cornelius,Cash,DET,N,6,49,21,8,8,16,1,2,1,0,8,23,9,6,3,0,0
CATCHHA01,1976,Harvey,Catchings,PHI,N,53,864,157,64,170,234,30,23,78,0,130,123,62,47,33,0,0
CHANEDO01,1976,Don,Chaney,LAL,N,81,2408,496,120,210,330,308,140,33,0,224,522,213,94,70,0,0
CHARLKE01,1976,Ken,Charles,ATL,N,82,2487,913,41,127,168,295,141,45,0,240,855,354,256,205,0,0
CHENIPH01,1976,Phil,Chenier,WA1,N,78,2842,1578,56,243,299,294,120,39,0,166,1472,654,321,270,0,0
CHONEJI01,1976,Jim,Chones,CLE,N,82,2378,1055,208,480,688,104,32,77,0,258,972,450,212,155,0,0
CLEAMJI01,1976,Jim,Cleamons,CLE,N,60,2045,626,99,174,273,308,66,23,0,126,592,257,148,112,0,0
COLEMEC01,1976,E.c.,Coleman,NOJ,N,77,2369,662,149,399,548,103,62,32,0,280,628,290,112,82,0,0
COLLIDO01,1976,Doug,Collins,PHI,N,58,2037,1062,64,131,195,271,70,15,0,174,823,426,250,210,0,0
COOKNO01,1976,Norm,Cook,BOS,N,25,138,63,10,17,27,5,10,3,0,27,72,27,17,9,0,0
COWENDA01,1976,Dave,Cowens,BOS,N,50,1888,818,147,550,697,248,46,49,0,181,756,328,198,162,0,0
DAMPILO01,1976,Lou,Dampier,SAS,N,80,1634,530,22,54,76,234,49,15,0,93,507,233,86,64,0,0
DANDRBO01,1976,Bob,Dandridge,MIL,N,70,2501,1453,146,294,440,268,95,28,0,222,1253,585,367,283,0,0
DANIEME01,1976,Mel,Daniels,NYN,N,11,126,39,10,24,34,6,3,11,0,29,35,13,23,13,0,0
DANTLAD01,1976,Adrian,Dantley,BUF,N,77,2816,1564,251,336,587,144,91,15,0,215,1046,544,582,476,0,0
DANTMI01,1976,Mike,D'antoni,SAS,N,2,9,3,0,2,2,2,0,0,0,3,3,1,2,1,0,0
DAVISDW01,1976,Dwight,Davis,GSW,N,33,552,159,34,61,95,29,11,8,0,93,124,55,72,49,0,0
DAVISED01,1976,Edward,Davis,MIL,N,19,165,81,0,29,29,20,6,4,0,11,68,29,25,23,0,0
DAVISJO01,1976,Johnny,Davis,POR,N,79,1451,634,62,64,126,148,41,11,0,128,531,234,209,166,0,0
DAVISME01,1976,Mel,Davis,NYK,N,22,342,104,30,70,100,24,9,1,0,45,110,41,31,22,0,0
DAVISME01,1976,Mel,Davis,NYN,N,34,752,296,68,125,193,47,22,4,0,85,354,127,60,42,0,0
DAVISME01,1976,Mel,Davis,TOT,N,56,1094,400,98,195,293,71,31,5,0,130,464,168,91,64,0,0
DAVISRO01,1976,Ron,Davis,ATL,N,7,67,20,2,5,7,2,7,0,0,9,35,8,13,4,0,0
DAWKIDA01,1976,Darryl,Dawkins,PHI,N,59,684,310,59,171,230,24,12,49,0,129,215,135,79,40,0,0
DENTORA01,1976,Randy,Denton,ATL,N,45,700,239,81,137,218,33,14,16,0,100,256,103,47,33,0,0
DICKEDE01,1976,Derrek,Dickey,GSW,N,49,856,361,100,140,240,63,20,11,0,101,345,158,61,45,0,0
DICKEHE01,1976,Henry,Dickerson,ATL,N,6,63,17,0,2,2,11,1,0,0,13,12,6,8,5,0,0
DIETRCO01,1976,Coby,Dietrick,SAS,N,82,1772,689,111,261,372,148,88,57,0,267,620,285,166,119,0,0
DIGREER01,1976,Ernie,Digregorio,BUF,N,81,2267,868,52,132,184,378,57,3,0,150,875,365,146,138,0,0
DOUGLLE01,1976,Leon,Douglas,DET,N,82,1626,617,181,345,526,68,44,81,0,294,512,245,229,127,0,0
DREWJO01,1976,John,Drew,ATL,N,74,2688,1790,280,395,675,133,102,29,0,275,1416,689,577,412,0,0
DUDLECH01,1976,Charles,Dudley,GSW,N,79,1682,569,119,177,296,347,67,6,0,169,421,220,203,129,0,0
DUNLEMI01,1976,Mike,Dunleavy,PHI,N,32,359,154,10,24,34,56,13,2,0,64,145,60,45,34,0,0
EAKINJI01,1976,Jim,Eakins,KCK,N,82,1338,490,112,249,361,119,29,49,0,195,336,151,222,188,0,0
EBERHAL01,1976,Al,Eberhard,DET,N,68,1219,471,76,145,221,50,45,15,0,197,380,181,138,109,0,0
ELMORLE01,1976,Len,Elmore,IND,N,6,46,18,7,8,15,2,0,4,0,11,17,7,5,4,0,0
ELSTODA01,1976,Darrell,Elston,IND,N,5,40,5,1,5,6,2,1,0,0,6,14,2,2,1,0,0
ENGLIAL01,1976,Alex,English,MIL,N,60,648,310,68,100,168,25,17,18,0,78,277,132,60,46,0,0
ERICKKE01,1976,Keith,Erickson,PHO,N,50,949,321,36,108,144,104,30,7,0,122,294,142,50,37,0,0
ERVINJU01,1976,Julius,Erving,PHI,N,82,2940,1770,192,503,695,306,159,113,0,251,1373,685,515,400,0,0
FEHERBU01,1976,Butch,Feher,PHO,N,48,487,248,18,56,74,36,11,7,0,46,162,86,99,76,0,0
FERNSER01,1976,Eric,Fernsten,CHI,N,5,61,14,9,7,16,6,1,3,0,9,15,3,11,8,0,0
FLYNNMI01,1976,Mike,Flynn,IND,N,73,1324,601,76,111,187,179,57,6,0,106,573,250,142,101,0,0
FORDCH01,1976,Chris,Ford,DET,N,82,2539,1005,96,174,270,337,179,26,0,192,918,437,170,131,0,0
FORDDO01,1976,Don,Ford,LAL,N,82,1782,597,105,248,353,133,60,21,0,170,570,262,102,73,0,0
FOSTEFR01,1976,Fred,Foster,BUF,N,59,689,228,33,43,76,48,16,0,0,92,247,99,44,30,0,0
FOXJI01,1976,Jim,Fox,NYN,N,71,1165,463,100,229,329,49,20,25,0,158,398,184,114,95,0,0
FRAZIWA01,1976,Walt,Frazier,NYK,N,76,2687,1323,52,241,293,403,132,9,0,194,1089,532,336,259,0,0
FREEWO01,1976,World,Free,PHI,N,78,2253,1268,97,140,237,266,75,25,0,207,1022,467,464,334,0,0
FURLOTE01,1976,Terry,Furlow,PHI,N,32,174,84,18,21,39,19,7,2,0,11,100,34,18,16,0,0
GALEMI01,1976,Mike,Gale,SAS,N,82,2598,843,54,219,273,473,191,50,0,224,754,353,167,137,0,0
GARRERO01,1976,Rowland,Garrett,CLE,N,29,215,98,10,30,40,7,7,3,0,30,93,40,22,18,0,0
GARRERO01,1976,Rowland,Garrett,MIL,N,33,383,155,27,45,72,20,14,7,0,50,146,66,29,23,0,0
GARRERO01,1976,Rowland,Garrett,TOT,N,62,598,253,37,75,112,27,21,10,0,80,239,106,51,41,0,0
GERARGU01,1976,Gus,Gerard,TOT,N,65,1048,480,89,128,217,92,44,62,0,164,454,201,117,78,0,0
GERARGU01,1976,Gus,Gerard,BUF,N,41,592,240,51,66,117,43,23,32,0,91,244,100,61,40,0,0
GERARGU01,1976,Gus,Gerard,DEN,N,24,456,240,38,62,100,49,21,30,0,73,210,101,56,38,0,0
GERVIGE01,1976,George,Gervin,SAS,N,82,2705,1895,134,320,454,238,105,104,0,286,1335,726,532,443,0,0
GIANEJO01,1976,John,Gianelli,NYK,N,19,630,207,60,118,178,26,14,28,0,54,182,86,48,35,0,0
GIANEJO01,1976,John,Gianelli,BUF,N,57,1283,397,94,203,297,57,21,70,0,117,397,171,77,55,0,0
GIANEJO01,1976,John,Gianelli,TOT,N,76,1913,604,154,321,475,83,35,98,0,171,579,257,125,90,0,0
GILLIHE01,1976,Herm,Gilliam,POR,N,80,1665,744,64,137,201,170,76,6,0,168,744,326,120,92,0,0
GILMOAR01,1976,Artis,Gilmore,CHI,N,82,2877,1527,313,757,1070,199,44,203,0,266,1091,570,586,387,0,0
GOODRGA01,1976,Gail,Goodrich,NOJ,N,27,609,340,25,36,61,74,22,2,0,43,305,136,85,68,0,0
GRAYLE01,1976,Leonard,Gray,SEA,N,25,643,287,23,84,107,55,27,13,0,84,262,114,78,59,0,0
GRAYLE01,1976,Leonard,Gray,TOT,N,83,1639,634,84,209,293,124,58,31,0,273,592,258,158,118,0,0
GRAYLE01,1976,Leonard,Gray,WA1,N,58,996,347,61,125,186,69,31,18,0,189,330,144,80,59,0,0
GREENMI01,1976,Mike,Green,SEA,N,76,1928,746,191,312,503,120,45,129,0,201,658,290,235,166,0,0
GREENST01,1976,Steve,Green,IND,N,70,918,450,79,98,177,46,46,12,0,157,424,183,113,84,0,0
GREVEKE01,1976,Kevin,Grevey,WA1,N,76,1306,527,73,105,178,68,29,9,0,148,530,224,119,79,0,0
GRIFFPA01,1976,Paul,Griffin,NOJ,N,81,1645,425,167,328,495,167,50,43,0,241,256,140,201,145,0,0
GROSSBO01,1976,Bob,Gross,POR,N,82,2232,935,173,221,394,242,107,57,0,255,711,376,215,183,0,0
HACKERU01,1976,Rudy,Hackett,IND,N,5,38,12,3,7,10,3,0,1,0,7,8,3,9,6,0,0
HACKERU01,1976,Rudy,Hackett,NYN,N,1,8,2,1,2,3,0,0,0,0,1,2,0,5,2,0,0
HACKERU01,1976,Rudy,Hackett,TOT,N,6,46,14,4,9,13,3,0,1,0,8,10,3,14,8,0,0
HANSEGL01,1976,Glenn,Hansen,KCK,N,41,289,157,28,31,59,25,13,3,0,44,155,67,32,23,0,0
HAVLIJO01,1976,John,Havlicek,BOS,N,79,2913,1395,109,273,382,400,84,18,0,208,1283,580,288,235,0,0
HAWESST01,1976,Steve,Hawes,ATL,N,44,945,361,78,183,261,63,36,24,0,141,305,147,88,67,0,0
HAWKIRO01,1976,Robert,Hawkins,NYN,N,52,1481,1006,67,87,154,93,77,26,0,163,909,406,282,194,0,0
HAYESEL01,1976,Elvin,Hayes,WA1,N,82,3364,1942,289,740,1029,158,87,220,0,312,1516,760,614,422,0,0
HAYWOSP01,1976,Spencer,Haywood,NYK,N,31,1021,513,77,203,280,50,14,29,0,72,449,202,131,109,0,0
HEARDGA01,1976,Garfield,Heard,PHO,N,46,1363,446,120,320,440,89,55,55,0,139,457,173,138,100,0,0
HENDETO01,1976,Tom,Henderson,TOT,N,87,2791,975,43,196,239,598,138,17,0,148,826,371,313,233,0,0
HENDETO01,1976,Tom,Henderson,ATL,N,46,1568,518,18,106,124,386,79,8,0,74,453,196,168,126,0,0
HENDETO01,1976,Tom,Henderson,WA1,N,41,1223,457,25,90,115,212,59,9,0,74,373,175,145,107,0,0
HICKSPH01,1976,Phil,Hicks,CHI,N,35,255,93,25,40,65,23,7,0,0,36,87,41,13,11,0,0
HICKSPH01,1976,Phil,Hicks,TOT,N,37,262,93,26,40,66,24,8,0,0,37,89,41,13,11,0,0
HICKSPH01,1976,Phil,Hicks,HOU,N,2,7,0,1,0,1,1,1,0,0,1,2,0,0,0,0,0
HILLAR01,1976,Armond,Hill,ATL,N,81,1825,489,39,104,143,403,85,6,0,245,439,175,174,139,0,0
HILLMDA01,1976,Darnell,Hillman,IND,N,82,2302,879,228,465,693,166,95,106,0,353,811,359,244,161,0,0
HOLLAWI01,1976,Wilbur,Holland,CHI,N,79,2453,1176,78,175,253,253,169,16,0,201,1120,509,192,158,0,0
HOLLILI01,1976,Lionel,Hollins,POR,N,76,2224,1119,52,158,210,313,166,38,0,265,1046,452,287,215,0,0
HOWARMO01,1976,Mo,Howard,CLE,N,9,28,21,2,3,5,5,1,2,0,7,15,8,6,5,0,0
HOWARMO01,1976,Mo,Howard,TOT,N,32,345,152,17,22,39,42,17,8,0,51,132,64,35,24,0,0
HOWARMO01,1976,Mo,Howard,NOJ,N,23,317,131,15,19,34,37,16,6,0,44,117,56,29,19,0,0
HUDSOLO01,1976,Lou,Hudson,ATL,N,58,1745,968,48,81,129,155,67,19,0,160,905,413,169,142,0,0
HUGHEKI01,1976,Kim,Hughes,NYN,N,81,2081,321,189,375,564,98,122,119,0,308,354,151,69,19,0,0
ISSELDA01,1976,Dan,Issel,DEN,N,79,2507,1765,211,485,696,177,91,29,0,246,1282,660,558,445,0,0
JACKSPH01,1976,Phil,Jackson,NYK,N,76,1033,255,75,154,229,85,33,18,0,184,232,102,71,51,0,0
JAMESAA01,1976,Aaron,James,NOJ,N,52,1059,565,56,130,186,55,20,5,0,127,486,238,114,89,0,0
JOHNSCH01,1976,Charlie,Johnson,GSW,N,79,1196,559,50,91,141,91,77,7,0,134,583,255,69,49,0,0
JOHNSDE01,1976,Dennis,Johnson,SEA,N,81,1667,749,161,141,302,123,123,57,0,221,566,285,287,179,0,0
JOHNSGE01,1976,George,Johnson,GSW,N,39,597,171,87,124,211,26,15,73,0,105,150,73,31,25,0,0
JOHNSGE01,1976,George,Johnson,BUF,N,39,1055,296,117,283,400,78,22,104,0,141,279,125,67,46,0,0
JOHNSGE01,1976,George,Johnson,TOT,N,78,1652,467,204,407,611,104,37,177,0,246,429,198,98,71,0,0
JOHNSJO01,1976,John,Johnson,HOU,N,79,1738,732,75,191,266,163,47,24,0,199,696,319,132,94,0,0
JOHNSMI01,1976,Mickey,Johnson,CHI,N,81,2847,1400,297,531,828,195,103,64,0,315,1205,538,407,324,0,0
JOHNSOL01,1976,Ollie,Johnson,KCK,N,81,1386,537,68,144,212,105,43,21,0,169,446,218,115,101,0,0
JONESBO01,1976,Bobby,Jones,DEN,N,82,2419,1238,174,504,678,264,186,162,0,238,879,501,329,236,0,0
JONESCA01,1976,Caldwell,Jones,PHI,N,82,2023,494,190,476,666,92,43,200,0,301,424,215,116,64,0,0
JONESDW01,1976,Dwight,Jones,HOU,N,74,1239,435,98,186,284,48,38,19,0,175,338,167,126,101,0,0
JONESJI01,1976,Jimmy,Jones,WA1,N,3,33,6,1,3,4,1,2,0,0,4,9,2,4,2,0,0
JONESRI01,1976,Rich,Jones,NYN,N,34,877,360,48,146,194,46,38,11,0,109,348,134,121,92,0,0
JONESRO01,1976,Robin,Jones,POR,N,63,1065,344,103,193,296,80,37,38,0,124,299,139,109,66,0,0
JONESWI01,1976,Wil,Jones,IND,N,80,2709,1042,218,386,604,189,102,80,0,305,1019,438,223,166,0,0
KARLGE01,1976,George,Karl,SAS,N,29,251,79,4,13,17,46,10,0,0,36,73,25,42,29,0,0
KELLERI01,1976,Rich,Kelley,NOJ,N,76,1505,524,210,377,587,208,45,63,0,244,386,184,197,156,0,0
KENNEEU01,1976,Eugene,Kennedy,HOU,N,32,277,65,0,51,51,6,7,5,0,45,58,31,8,3,0,0
KENONLA01,1976,Larry,Kenon,SAS,N,78,2936,1705,282,597,879,229,167,60,0,190,1435,706,356,293,0,0
KNIGHBI01,1976,Billy,Knight,IND,N,78,3117,2075,223,359,582,260,117,19,0,197,1687,831,506,413,0,0
KROPPTO01,1976,Tom,Kropp,CHI,N,53,480,174,21,26,47,39,18,1,0,77,152,73,41,28,0,0
KUBERST01,1976,Steve,Kuberski,BOS,N,76,860,325,76,133,209,39,7,5,0,89,312,131,83,63,0,0
KUNNEKE01,1976,Kevin,Kunnert,HOU,N,81,2050,759,210,459,669,154,35,105,0,361,685,333,126,93,0,0
KUPCHMI01,1976,Mitch,Kupchak,WA1,N,82,1513,852,183,311,494,62,22,34,0,204,596,341,246,170,0,0
KUPECCH01,1976,Charles,Kupec,LAL,N,82,908,384,76,123,199,53,18,4,0,113,342,153,101,78,0,0
LACEYSA01,1976,Sam,Lacey,KCK,N,82,2595,869,189,545,734,386,119,133,0,292,774,327,282,215,0,0
LAMARBO01,1976,Dwight,Lamar,LAL,N,71,1165,502,30,62,92,177,59,3,0,73,561,228,68,46,0,0
LAMBEJO01,1976,John,Lambert,CLE,N,63,555,159,62,92,154,31,16,18,0,75,157,67,36,25,0,0
LANIEBO01,1976,Bob,Lanier,DET,N,64,2446,1616,200,545,745,214,70,126,0,174,1269,678,318,260,0,0
LASKOJO01,1976,John,Laskowski,CHI,N,47,562,177,16,47,63,44,32,2,0,22,212,75,30,27,0,0
LAYTODE01,1976,Dennis,Layton,NYK,N,56,765,326,0,47,47,154,21,6,0,87,277,134,73,58,0,0
LEERO01,1976,Ron,Lee,PHO,N,82,1849,836,99,200,299,263,156,33,0,276,786,347,210,142,0,0
LEWISFR01,1976,Freddie,Lewis,IND,N,32,552,224,17,30,47,56,18,2,0,58,199,81,77,62,0,0
LLOYDSC01,1976,Scott,Lloyd,MIL,N,69,1025,401,81,129,210,33,21,13,0,158,324,153,126,95,0,0
LOVEBO01,1976,Bob,Love,NYN,N,13,228,131,15,23,38,4,1,2,0,23,106,49,39,33,0,0
LOVEBO01,1976,Bob,Love,TOT,N,59,1174,433,79,119,198,48,22,6,0,120,428,162,132,109,0,0
LOVEBO01,1976,Bob,Love,SEA,N,32,450,131,26,61,87,21,13,2,0,50,121,45,47,41,0,0
LOVEBO01,1976,Bob,Love,CHI,N,14,496,171,38,35,73,23,8,2,0,47,201,68,46,35,0,0
LUCASJO01,1976,John,Lucas,HOU,N,82,2531,911,55,164,219,463,125,19,0,174,814,388,171,135,0,0
LUCASMA01,1976,Maurice,Lucas,POR,N,79,2863,1599,271,628,899,229,83,56,0,294,1357,632,438,335,0,0
MALONMO01,1976,Moses,Malone,BUF,N,2,6,0,0,1,1,0,0,0,0,1,0,0,0,0,0,0
MALONMO01,1976,Moses,Malone,TOT,N,82,2506,1083,437,635,1072,89,67,181,0,275,810,389,440,305,0,0
MALONMO01,1976,Moses,Malone,HOU,N,80,2500,1083,437,634,1071,89,67,181,0,274,810,389,440,305,0,0
MARAVPE02,1976,Pete,Maravich,NOJ,N,73,3041,2273,90,284,374,392,84,22,0,191,2047,886,600,501,0,0
MARINJA01,1976,Jack,Marin,CHI,N,54,869,365,27,64,91,62,13,6,0,85,359,167,39,31,0,0
MAYESCL01,1976,Clyde,Mayes,BUF,N,2,7,2,0,3,3,0,0,0,0,2,3,0,3,2,0,0
MAYESCL01,1976,Clyde,Mayes,POR,N,5,24,4,6,0,6,0,0,2,0,5,9,2,0,0,0,0
MAYESCL01,1976,Clyde,Mayes,IND,N,2,21,7,4,3,7,3,0,2,0,5,7,3,4,1,0,0
MAYESCL01,1976,Clyde,Mayes,TOT,N,9,52,13,10,6,16,3,0,4,0,12,19,5,7,3,0,0
MAYSC01,1976,Scott,May,CHI,N,72,2369,1050,141,296,437,145,78,17,0,185,955,431,227,188,0,0
MCADOBO01,1976,Bob,Mcadoo,BUF,N,20,767,474,66,198,264,65,16,34,0,74,400,182,158,110,0,0
MCADOBO01,1976,Bob,Mcadoo,TOT,N,72,2798,1861,199,727,926,205,77,99,0,262,1445,740,516,381,0,0
MCADOBO01,1976,Bob,Mcadoo,NYK,N,52,2031,1387,133,529,662,140,61,65,0,188,1045,558,358,271,0,0
MCCARAN01,1976,Andre,Mccarter,KCK,N,59,725,270,16,39,55,99,23,0,0,63,257,119,45,32,0,0
MCCLATE01,1976,Ted,Mcclain,DEN,N,72,2002,589,52,177,229,324,106,13,0,255,551,245,133,99,0,0
MCCRAPA01,1976,Paul,Mccracken,CHI,N,9,119,47,6,10,16,14,6,0,0,17,47,18,18,11,0,0
MCDONGL01,1976,Glenn,Mcdonald,MIL,N,9,79,19,8,4,12,7,4,0,0,11,34,8,4,3,0,0
MCELRJI01,1976,Jim,Mcelroy,NOJ,N,73,2029,771,55,128,183,260,60,8,0,119,640,301,217,169,0,0
MCGINGE01,1976,George,Mcginnis,PHI,N,79,2769,1690,324,587,911,302,163,37,0,299,1439,659,546,372,0,0
MCMILJI01,1976,Jim,Mcmillian,NYK,N,67,2158,663,66,241,307,139,63,5,0,103,642,298,86,67,0,0
MCMILTO01,1976,Tom,Mcmillen,BUF,N,20,270,116,29,43,72,16,1,2,0,29,92,45,36,26,0,0
MCMILTO01,1976,Tom,Mcmillen,NYK,N,56,1222,528,85,232,317,51,10,4,0,134,471,229,87,70,0,0
MCMILTO01,1976,Tom,Mcmillen,TOT,N,76,1492,644,114,275,389,67,11,6,0,163,563,274,123,96,0,0
MCNEILA01,1976,Larry,Mcneill,TOT,N,24,230,146,28,47,75,6,10,2,0,32,112,47,61,52,0,0
MCNEILA01,1976,Larry,Mcneill,NYN,N,8,93,60,10,16,26,3,4,1,0,13,51,18,30,24,0,0
MCNEILA01,1976,Larry,Mcneill,GSW,N,16,137,86,18,31,49,3,6,1,0,19,61,29,31,28,0,0
MEMINDE01,1976,Dean,Meminger,NYK,N,32,254,43,12,14,26,29,8,1,0,17,36,15,23,13,0,0
MENGEJO01,1976,John,Mengelt,CHI,N,61,1178,507,29,81,110,114,37,4,0,102,458,209,113,89,0,0
MERIWJO01,1976,Joe,Meriweather,ATL,N,73,2068,820,216,380,596,82,41,82,0,324,607,319,255,182,0,0
MEYERDA01,1976,Dave,Meyers,MIL,N,50,1262,485,122,219,341,86,42,32,0,152,383,179,192,127,0,0
MIXST01,1976,Steve,Mix,PHI,N,75,1958,791,127,249,376,152,90,20,0,167,551,288,263,215,0,0
MONEYER01,1976,Eric,Money,DET,N,73,1586,748,43,81,124,243,91,14,0,199,631,329,114,90,0,0
MONROEA01,1976,Earl,Monroe,NYK,N,77,2656,1533,45,178,223,366,91,23,0,197,1185,613,366,307,0,0
MOOREOT01,1976,Otto,Moore,NOJ,N,81,2084,477,170,466,636,181,54,117,0,231,477,193,134,91,0,0
MURPHAL01,1976,Allen,Murphy,LAL,N,2,18,5,3,1,4,0,0,0,0,5,5,1,7,3,0,0
MURPHCA01,1976,Calvin,Murphy,HOU,N,82,2764,1464,54,118,172,386,144,8,0,281,1216,596,307,272,0,0
NATERSW01,1976,Swen,Nater,MIL,N,72,1960,938,266,599,865,108,54,51,0,214,725,383,228,172,0,0
NEALLL01,1976,Lloyd,Neal,POR,N,58,955,397,87,168,255,58,8,35,0,148,340,160,114,77,0,0
NELSOLO01,1976,Louie,Nelson,SAS,N,4,57,18,2,5,7,3,2,0,0,9,14,7,7,4,0,0
NEUMAJO01,1976,Johnny,Neumann,BUF,N,4,49,35,5,4,9,4,3,2,0,7,34,15,6,5,0,0
NEUMAJO01,1976,Johnny,Neumann,LAL,N,59,888,346,19,44,63,137,28,8,0,127,363,146,81,54,0,0
NEUMAJO01,1976,Johnny,Neumann,TOT,N,63,937,381,24,48,72,141,31,10,0,134,397,161,87,59,0,0
NEWLIMI01,1976,Mike,Newlin,HOU,N,82,2119,1043,53,151,204,320,60,3,0,226,850,387,304,269,0,0
NORWOWI01,1976,Willie,Norwood,SEA,N,76,1647,583,127,165,292,99,62,6,0,191,461,216,206,151,0,0
OLBERMA01,1976,Mark,Olberding,SAS,N,82,1949,853,162,287,449,119,59,29,0,277,598,301,316,251,0,0
OLEYNFR01,1976,Frank,Oleynick,SEA,N,50,516,201,13,32,45,60,13,4,0,48,223,81,53,39,0,0
OWENSTO01,1976,Tom,Owens,HOU,N,46,462,188,47,95,142,18,4,13,0,96,135,68,76,52,0,0
PACEJO01,1976,Joe,Pace,WA1,N,30,119,64,16,18,34,4,2,17,0,29,55,24,29,16,0,0
PARISRO01,1976,Robert,Parish,GSW,N,77,1384,697,201,342,543,74,55,94,0,224,573,288,171,121,0,0
PARKESO01,1976,Sonny,Parker,GSW,N,65,889,379,85,88,173,59,53,26,0,77,292,154,92,71,0,0
PAULTBI01,1976,Billy,Paultz,SAS,N,82,2694,1280,192,495,687,223,55,173,0,262,1102,521,320,238,0,0
PERRYCU01,1976,Curtis,Perry,PHO,N,44,1391,470,149,246,395,79,49,28,0,163,414,179,142,112,0,0
PONDECL01,1976,Cliff,Pondexter,CHI,N,78,996,256,77,159,236,41,34,11,0,82,257,107,65,42,0,0
PORTEHO01,1976,Howard,Porter,DET,N,78,2200,1033,155,303,458,53,50,73,0,202,962,465,120,103,0,0
PORTEKE01,1976,Kevin,Porter,DET,N,81,2117,717,28,70,98,592,88,8,0,271,605,310,133,97,0,0
PRICEJI01,1976,Jim,Price,TOT,N,81,1828,589,50,181,231,261,128,20,0,247,567,253,103,83,0,0
PRICEJI01,1976,Jim,Price,BUF,N,20,333,105,5,29,34,38,25,5,0,52,104,44,20,17,0,0
PRICEJI01,1976,Jim,Price,DEN,N,55,1384,435,41,143,184,208,96,14,0,181,422,188,74,59,0,0
PRICEJI01,1976,Jim,Price,MIL,N,6,111,49,4,9,13,15,7,1,0,14,41,21,9,7,0,0
RATLEED01,1976,Ed,Ratleff,HOU,N,37,533,166,24,53,77,43,20,6,0,45,161,70,42,26,0,0
RAYCL01,1976,Clifford,Ray,GSW,N,77,2018,631,199,416,615,112,74,81,0,242,450,263,199,105,0,0
RESTAKE01,1976,Kevin,Restani,MIL,N,64,1116,358,81,181,262,88,33,11,0,102,334,173,24,12,0,0
RIORDMI01,1976,Mike,Riordan,WA1,N,49,289,79,7,20,27,20,3,2,0,33,94,34,15,11,0,0
ROBERMA01,1976,Marv,Roberts,LAL,N,28,209,58,9,16,25,19,4,2,0,34,76,27,6,4,0,0
ROBINBI01,1976,Bill,Robinzine,KCK,N,75,1594,773,164,310,474,95,86,13,0,283,677,307,216,159,0,0
ROBINTR01,1976,Truck,Robinson,WA1,N,41,1328,656,119,247,366,45,28,18,0,123,552,264,189,128,0,0
ROBINTR01,1976,Truck,Robinson,ATL,N,36,1449,806,133,329,462,97,38,20,0,130,648,310,241,186,0,0
ROBINTR01,1976,Truck,Robinson,TOT,N,77,2777,1462,252,576,828,142,66,38,0,253,1200,574,430,314,0,0
ROBISDA01,1976,Dave,Robisch,IND,N,80,1966,951,171,383,554,158,55,37,0,169,811,369,256,213,0,0
ROGERMA01,1976,Marshall,Rogers,GSW,N,26,176,100,6,5,11,10,8,3,0,33,116,43,15,14,0,0
ROUNDDA01,1976,Dan,Roundfield,IND,N,61,1645,848,179,339,518,69,61,131,0,243,734,342,239,164,0,0
ROWECU01,1976,Curtis,Rowe,BOS,N,79,2190,800,188,375,563,107,24,47,0,215,632,315,240,170,0,0
RUSSECA01,1976,Cazzie,Russell,LAL,N,82,2583,1344,86,208,294,210,86,7,0,163,1179,578,219,188,0,0
RUSSECA02,1976,Campy,Russell,CLE,N,70,2109,1158,144,275,419,189,70,24,0,196,1003,435,370,288,0,0
SAUNDFR01,1976,Fred,Saunders,BOS,N,68,1051,403,73,150,223,85,26,7,0,191,395,184,53,35,0,0
SCHLUDA01,1976,Dale,Schlueter,PHO,N,39,337,70,30,50,80,38,8,8,0,62,72,26,31,18,0,0
SCOTTCH01,1976,Charlie,Scott,BOS,N,43,1581,781,52,139,191,196,60,12,0,155,734,326,173,129,0,0
SEALSBR01,1976,Bruce,Seals,SEA,N,81,1977,894,118,236,354,93,49,58,0,262,851,378,195,138,0,0
SELLEPH01,1976,Phil,Sellers,DET,N,44,329,198,19,22,41,25,22,0,0,56,190,73,72,52,0,0
SHELTLO01,1976,Lonnie,Shelton,NYK,N,82,2104,955,220,413,633,149,125,98,0,363,836,398,225,159,0,0
SHUMAJO01,1976,John,Shumate,BUF,N,74,2601,1116,163,538,701,159,90,84,0,197,810,407,450,302,0,0
SILASJA01,1976,James,Silas,SAS,N,22,356,209,7,25,32,50,13,3,0,36,142,61,107,87,0,0
SILASPA01,1976,Paul,Silas,DEN,N,81,1959,582,236,370,606,132,58,23,0,183,572,206,255,170,0,0
SIMPSRA01,1976,Ralph,Simpson,DET,N,77,1597,850,48,133,181,180,68,5,0,100,834,356,195,138,0,0
SKINNAL01,1976,Al,Skinner,NYN,N,79,2256,995,112,251,363,289,103,53,0,279,887,382,292,231,0,0
SMITHBI01,1976,Bingo,Smith,CLE,N,81,2135,1174,92,225,317,152,61,30,0,211,1149,513,181,148,0,0
SMITHDO01,1976,Don,Smith,BUF,N,22,195,83,41,49,90,7,3,9,0,21,74,25,43,33,0,0
SMITHEL01,1976,Elmore,Smith,MIL,N,34,789,287,52,156,208,30,19,69,0,109,253,113,105,61,0,0
SMITHEL01,1976,Elmore,Smith,TOT,N,70,1464,599,114,325,439,43,35,144,0,207,507,241,213,117,0,0
SMITHEL01,1976,Elmore,Smith,CLE,N,36,675,312,62,169,231,13,16,75,0,98,254,128,108,56,0,0
SMITHPH01,1976,Phil,Smith,GSW,N,82,2880,1557,101,231,332,328,98,29,0,227,1318,631,376,295,0,0
SMITHRA01,1976,Randy,Smith,BUF,N,82,3094,1698,134,323,457,441,176,8,0,264,1504,702,386,294,0,0
SMITHWI01,1976,Willie,Smith,CHI,N,2,11,0,0,0,0,0,0,0,0,1,1,0,0,0,0,0
SNYDEDI01,1976,Dick,Snyder,CLE,N,82,1685,759,47,102,149,160,45,30,0,177,693,316,149,127,0,0
SOBERRI01,1976,Ricky,Sobers,PHO,N,79,2005,1071,82,152,234,238,93,14,0,258,834,414,289,243,0,0
SOJOUMI01,1976,Mike,Sojourner,ATL,N,51,551,231,49,97,146,21,15,9,0,66,203,95,57,41,0,0
STACOKE01,1976,Kevin,Stacom,BOS,N,79,1051,404,40,57,97,117,19,3,0,65,438,179,58,46,0,0
STALLIS01,1976,Isaac,Stallworth,NOJ,N,40,526,269,19,52,71,23,19,11,0,76,272,126,29,17,0,0
STARRKE01,1976,Keith,Starr,CHI,N,17,65,14,6,4,10,6,1,0,0,11,24,6,2,2,0,0
STEELLA01,1976,Larry,Steele,POR,N,81,1680,835,71,117,188,172,118,13,0,216,652,326,227,183,0,0
TATUMEA01,1976,Earl,Tatum,LAL,N,68,1249,638,83,153,236,118,85,22,0,168,607,283,100,72,0,0
TAYLOBR01,1976,Brian,Taylor,KCK,N,72,2488,1227,88,150,238,320,199,16,0,206,995,501,275,225,0,0
TAYLORO02,1976,Roland,Taylor,DEN,N,79,1548,301,0,211,211,288,132,9,0,202,314,132,65,37,0,0
TERREIR01,1976,Ira,Terrell,PHO,N,78,1751,665,99,288,387,103,41,47,0,165,545,277,176,111,0,0
TERRYCH01,1976,Chuck,Terry,NYN,N,61,1075,304,43,100,143,39,58,10,0,120,318,128,62,48,0,0
TERRYCL01,1976,Claude,Terry,ATL,N,12,241,112,8,10,18,25,9,1,0,21,87,47,21,18,0,0
TERRYCL01,1976,Claude,Terry,BUF,N,33,304,116,4,24,28,33,11,0,0,27,104,49,23,18,0,0
TERRYCL01,1976,Claude,Terry,TOT,N,45,545,228,12,34,46,58,20,1,0,48,191,96,44,36,0,0
THOMPDA01,1976,David,Thompson,DEN,N,82,3001,2125,138,196,334,337,114,53,0,236,1626,824,623,477,0,0
THURMNA01,1976,Nate,Thurmond,CLE,N,49,997,268,121,253,374,83,16,81,0,128,246,100,106,68,0,0
TOLSODE01,1976,Dean,Tolson,SEA,N,60,587,359,73,84,157,27,32,21,0,83,242,137,159,85,0,0
TOMJARU01,1976,Rudy,Tomjanovich,HOU,N,81,3130,1753,172,512,684,172,57,27,0,198,1437,733,342,287,0,0
TOWEMO01,1976,Monte,Towe,DEN,N,51,409,130,8,26,34,87,16,0,0,61,138,56,25,18,0,0
TRAPPGE01,1976,George,Trapp,DET,N,6,68,33,4,6,10,3,0,1,0,13,29,15,4,3,0,0
TWARDDA01,1976,Dave,Twardzik,POR,N,74,1937,765,75,127,202,247,128,15,0,228,430,263,284,239,0,0
UNSELWE01,1976,Wes,Unseld,WA1,N,82,2860,640,243,634,877,363,87,45,0,253,551,270,166,100,0,0
VANARDI01,1976,Dick,Vanarsdale,PHO,N,78,1535,599,31,86,117,120,35,5,0,94,498,227,166,145,0,0
VANARTO01,1976,Tom,Vanarsdale,PHO,N,77,1425,444,47,137,184,67,20,3,0,163,395,171,145,102,0,0
VANBRJA01,1976,Jan,Vanbredakolff,NYN,N,72,2398,737,156,304,460,117,74,68,0,205,609,271,228,195,0,0
VANLINO01,1976,Norm,Vanlier,CHI,N,82,3097,838,108,262,370,636,129,16,0,268,729,300,306,238,0,0
WALKEAN02,1976,Andy,Walker,NOJ,N,40,438,180,23,52,75,32,20,7,0,59,156,72,47,36,0,0
WALKEFO01,1976,Foots,Walker,CLE,N,62,1216,403,55,105,160,254,83,4,0,124,349,157,115,89,0,0
WALKEWA01,1976,Wally,Walker,POR,N,66,627,341,45,63,108,51,14,2,0,92,305,137,100,67,0,0
WALKNE01,1976,Neal,Walk,NYK,N,11,135,62,5,22,27,6,4,3,0,22,57,28,7,6,0,0
WALTOBI01,1976,Bill,Walton,POR,N,65,2264,1210,211,723,934,245,66,211,0,174,930,491,327,228,0,0
WALTOLL01,1976,Lloyd,Walton,MIL,N,53,678,229,15,36,51,141,40,2,0,52,188,88,65,53,0,0
WARDHE01,1976,Henry,Ward,SAS,N,27,171,83,10,23,33,6,6,5,0,30,90,34,17,15,0,0
WARNECO01,1976,Cornell,Warner,LAL,N,14,170,54,21,48,69,11,1,2,0,28,53,25,6,4,0,0
WASHIKE01,1976,Kermit,Washington,LAL,N,53,1342,514,182,310,492,48,43,52,0,183,380,191,187,132,0,0
WASHIRI01,1976,Richard,Washington,KCK,N,82,2265,1069,201,497,698,85,63,90,0,324,1034,446,254,177,0,0
WATTSSL01,1976,Slick,Watts,SEA,N,79,2627,1028,81,226,307,630,214,25,0,256,1015,428,293,172,0,0
WEATHNI01,1976,Nick,Weatherspoon,TOT,N,62,1657,711,120,308,428,53,52,28,0,168,690,310,144,91,0,0
WEATHNI01,1976,Nick,Weatherspoon,WA1,N,11,152,59,11,13,24,2,3,5,0,19,76,27,8,5,0,0
WEATHNI01,1976,Nick,Weatherspoon,SEA,N,51,1505,652,109,295,404,51,49,23,0,149,614,283,136,86,0,0
WEBSTMA01,1976,Marvin,Webster,DEN,N,80,1276,539,152,332,484,62,23,118,0,149,400,198,220,143,0,0
WEDMASC01,1976,Scott,Wedman,KCK,N,81,2743,1248,187,319,506,227,100,23,0,226,1133,521,241,206,0,0
WEISSBO01,1976,Bob,Weiss,WA1,N,62,768,153,15,54,69,130,53,7,0,66,133,62,37,29,0,0
WESTPPA01,1976,Paul,Westphal,PHO,N,81,2600,1726,57,133,190,459,134,21,0,171,1317,682,439,362,0,0
WHITEJO01,1976,Jojo,White,BOS,N,82,3333,1609,87,296,383,492,118,22,0,193,1488,638,383,333,0,0
WHITERU01,1976,Rudy,White,HOU,N,46,368,109,13,28,41,35,11,1,0,39,106,47,25,15,0,0
WICKSSI01,1976,Sidney,Wicks,BOS,N,82,2642,1238,268,556,824,169,64,61,0,331,1012,464,464,310,0,0
WILKEBO01,1976,Bob,Wilkerson,SEA,N,78,1552,526,96,162,258,171,72,8,0,136,573,221,122,84,0,0
WILKEJA01,1976,Jamaal,Wilkes,GSW,N,76,2579,1343,155,423,578,211,127,16,0,222,1147,548,310,247,0,0
WILLICH02,1976,Chuck,Williams,DEN,N,21,311,100,8,26,34,44,8,0,0,26,93,35,39,30,0,0
WILLICH02,1976,Chuck,Williams,BUF,N,44,556,124,18,49,67,88,24,3,0,34,117,43,48,38,0,0
WILLICH02,1976,Chuck,Williams,TOT,N,65,867,224,26,75,101,132,32,3,0,60,210,78,87,68,0,0
WILLICH03,1976,Chuckie,Williams,CLE,N,22,65,37,3,1,4,7,1,0,0,7,47,14,12,9,0,0
WILLIEA01,1976,Earl,Williams,NYN,N,1,7,3,1,1,2,1,0,1,0,2,2,0,6,3,0,0
WILLIGU01,1976,Gus,Williams,GSW,N,82,1930,762,72,161,233,292,121,19,0,218,701,325,150,112,0,0
WILLIJO02,1976,John,Williamson,TOT,N,72,2481,1495,42,151,193,201,107,13,0,246,1347,618,329,259,0,0
WILLIJO02,1976,John,Williamson,IND,N,30,1055,620,18,56,74,111,48,7,0,103,544,261,125,98,0,0
WILLIJO02,1976,John,Williamson,NYN,N,42,1426,875,24,95,119,90,59,6,0,143,803,357,204,161,0,0
WILLINA01,1976,Nate,Williams,NOJ,N,79,1776,974,107,199,306,92,76,16,0,200,917,414,194,146,0,0
WILLOBI01,1976,Bill,Willoughby,ATL,N,39,549,193,65,105,170,13,19,23,0,64,169,75,63,43,0,0
WILSOBO03,1976,Bobby,Wilson,BOS,N,25,131,49,3,6,9,14,3,0,0,19,59,19,13,11,0,0
WINTEBR01,1976,Brian,Winters,MIL,N,78,2717,1509,64,167,231,337,114,29,0,228,1308,652,242,205,0,0
WISEWI01,1976,Willie,Wise,DEN,N,75,1403,616,76,177,253,142,60,18,0,180,513,237,218,142,0,0
WOHLDA01,1976,Dave,Wohl,HOU,N,14,62,18,1,4,5,15,0,0,0,18,17,7,4,4,0,0
WOHLDA01,1976,Dave,Wohl,NYN,N,37,924,275,15,61,76,127,39,6,0,97,273,109,85,57,0,0
WOHLDA01,1976,Dave,Wohl,TOT,N,51,986,293,16,65,81,142,39,6,0,115,290,116,89,61,0,0
WRIGHLA01,1976,Larry,Wright,WA1,N,78,1421,612,32,66,98,232,55,5,0,170,595,262,115,88,0,0
ABDULKA01,1977,Kareem,Abdul-jabbar,LAL,N,62,2265,1600,186,615,801,269,103,185,208,182,1205,663,350,274,0,0
ABERNTO01,1977,Tom,Abernethy,LAL,N,73,1317,493,105,160,265,101,55,22,50,122,404,201,111,91,0,0
ADAMSAL01,1977,Alvan,Adams,PHO,N,70,1914,1082,158,407,565,225,86,63,234,242,895,434,293,214,0,0
ALLENLU01,1977,Lucius,Allen,KCK,N,77,2147,920,66,163,229,360,93,28,217,180,846,373,220,174,0,0
ARDJI01,1977,Jim,Ard,BOS,N,1,9,1,1,3,4,1,0,0,0,1,1,0,2,1,0,0
ARDJI01,1977,Jim,Ard,CHI,N,14,116,18,8,24,32,7,0,0,14,18,16,8,3,2,0,0
ARDJI01,1977,Jim,Ard,TOT,N,15,125,19,9,27,36,8,0,0,14,19,17,8,5,3,0,0
ARMSTTA01,1977,Tate,Armstrong,CHI,N,66,716,284,24,44,68,74,23,0,58,42,280,131,27,22,0,0
AVERIWI01,1977,William,Averitt,TOT,N,55,1085,496,17,66,83,196,39,9,143,123,484,198,141,100,0,0
AVERIWI01,1977,William,Averitt,BUF,N,34,676,322,10,40,50,128,22,8,88,86,296,129,96,64,0,0
AVERIWI01,1977,William,Averitt,NJN,N,21,409,174,7,26,33,68,17,1,55,37,188,69,45,36,0,0
AWTREDE01,1977,Dennis,Awtrey,PHO,N,81,1623,293,97,205,302,163,19,25,127,153,264,112,109,69,0,0
BAILEGU01,1977,Gus,Bailey,NOJ,N,48,449,155,44,38,82,40,18,15,33,46,139,59,67,37,0,0
BALLAGR01,1977,Greg,Ballard,WA1,N,76,936,372,102,164,266,62,30,13,64,90,334,142,114,88,0,0
BANTOMI01,1977,Mike,Bantom,IND,N,82,2775,1258,184,426,610,238,100,50,218,333,1047,502,342,254,0,0
BARNEMA01,1977,Marvin,Barnes,DET,N,12,269,120,28,63,91,19,7,11,29,43,118,53,29,14,0,0
BARNEMA01,1977,Marvin,Barnes,BUF,N,48,1377,566,107,241,348,117,57,72,107,198,543,226,153,114,0,0
BARNEMA01,1977,Marvin,Barnes,TOT,N,60,1646,686,135,304,439,136,64,83,136,241,661,279,182,128,0,0
BARRYRI01,1977,Rick,Barry,GSW,N,82,3024,1898,75,374,449,446,158,45,224,188,1686,760,409,378,0,0
BASSETI01,1977,Tim,Bassett,NJN,N,65,1474,348,142,262,404,63,62,33,80,181,384,149,97,50,0,0
BEARDBU01,1977,Butch,Beard,NYK,N,79,1979,745,76,188,264,339,117,3,154,201,614,308,160,129,0,0
BEHAGRO01,1977,Ron,Behagen,HOU,N,3,33,14,2,5,7,2,0,0,3,6,11,7,1,0,0,0
BEHAGRO01,1977,Ron,Behagen,TOT,N,80,1735,871,201,312,513,101,62,31,174,263,804,346,247,179,0,0
BEHAGRO01,1977,Ron,Behagen,IND,N,51,1131,572,146,187,333,65,32,19,113,160,544,222,176,128,0,0
BEHAGRO01,1977,Ron,Behagen,ATL,N,26,571,285,53,120,173,34,30,12,58,97,249,117,70,51,0,0
BENNEME01,1977,Mel,Bennett,IND,N,31,285,74,49,44,93,22,11,7,30,54,81,23,45,28,0,0
BENSOKE01,1977,Kent,Benson,MIL,N,69,1288,532,89,206,295,99,69,54,119,177,473,220,141,92,0,0
BIBBYHE01,1977,Henry,Bibby,PHI,N,82,2518,743,62,189,251,464,91,6,153,207,659,286,219,171,0,0
BIGELBO01,1977,Bob,Bigelow,KCK,N,1,7,2,2,3,5,0,0,0,0,2,1,1,0,0,0,0
BIGELBO01,1977,Bob,Bigelow,BOS,N,4,17,6,1,3,4,0,0,0,0,1,12,3,0,0,0,0
BIGELBO01,1977,Bob,Bigelow,TOT,N,5,24,8,3,6,9,0,0,0,0,3,13,4,0,0,0,0
BINGDA01,1977,Dave,Bing,BOS,N,80,2256,1088,76,136,212,300,79,18,216,247,940,422,296,244,0,0
BIRDSOT01,1977,Otis,Birdsong,KCK,N,73,1878,1156,70,105,175,174,74,12,145,179,955,470,310,216,0,0
BOERWTO01,1977,Tom,Boerwinkle,CHI,N,22,227,56,14,45,59,44,3,4,26,36,50,23,13,10,0,0
BONDPH01,1977,Phil,Bond,HOU,N,7,21,4,1,3,4,2,1,0,2,1,6,2,0,0,0,0
BOONERO01,1977,Ron,Boone,KCK,N,82,2653,1448,112,157,269,311,105,11,303,233,1271,563,377,322,0,0
BOSTIJI01,1977,Jim,Bostic,DET,N,4,48,26,8,8,16,3,0,0,3,5,22,12,5,2,0,0
BOSWETO01,1977,Tom,Boswell,BOS,N,65,1149,463,117,171,288,71,25,14,95,204,357,185,123,93,0,0
BOYDFR01,1977,Fred,Boyd,NOJ,N,21,363,102,2,17,19,48,9,3,20,23,110,44,22,14,0,0
BRADLAL01,1977,Alonzo,Bradley,HOU,N,43,798,303,24,75,99,54,16,6,55,83,304,130,59,43,0,0
BRATZMI01,1977,Mike,Bratz,PHO,N,80,933,374,42,73,115,123,39,5,89,104,395,159,68,56,0,0
BREWEJI01,1977,Jim,Brewer,CLE,N,80,1798,396,182,313,495,98,60,48,103,178,390,175,100,46,0,0
BRIDGJU01,1977,Junior,Bridgeman,MIL,N,82,1876,1118,114,176,290,175,72,30,176,202,947,476,205,166,0,0
BRISTAL01,1977,Allan,Bristow,SAS,N,82,1481,666,99,158,257,194,69,4,146,150,538,257,208,152,0,0
BRITTWA01,1977,Wayman,Britt,DET,N,7,16,9,1,3,4,2,1,0,1,3,10,3,4,3,0,0
BROKAGA01,1977,Gary,Brokaw,BUF,N,13,130,54,3,9,12,20,3,5,12,11,43,18,24,18,0,0
BROWNFR01,1977,Fred,Brown,SEA,N,72,1965,1192,61,127,188,240,110,25,164,145,1042,508,196,176,0,0
BROWNJO01,1977,John,Brown,ATL,N,75,1594,549,137,166,303,105,55,8,116,280,405,192,200,165,0,0
BRYANJO01,1977,Joe,Bryant,PHI,N,81,1236,491,103,177,280,129,56,24,115,185,436,190,144,111,0,0
BUCKNQU01,1977,Quinn,Buckner,MIL,N,82,2072,759,78,169,247,456,188,19,228,287,671,314,203,131,0,0
BURDELU01,1977,Luther,Burden,NYK,N,2,15,2,0,0,0,1,1,0,0,1,2,1,0,0,0,0
BURLETO01,1977,Tom,Burleson,KCK,N,76,1525,653,170,312,482,131,62,81,123,259,525,228,248,197,0,0
BUSEDO01,1977,Don,Buse,PHO,N,82,2547,686,59,190,249,391,185,14,124,144,626,287,136,112,0,0
CALHOCO01,1977,Corky,Calhoun,POR,N,79,1370,416,73,142,215,87,42,15,64,141,365,175,76,66,0,0
CALVIMA01,1977,Mack,Calvin,DEN,N,77,988,467,11,73,84,148,46,5,108,87,333,147,206,173,0,0
CARRAU01,1977,Austin,Carr,CLE,N,82,2186,1011,76,111,187,225,68,19,146,168,945,414,225,183,0,0
CARRIBO01,1977,Bob,Carrington,TOT,N,72,1653,636,70,104,174,117,65,23,118,205,589,253,171,130,0,0
CARRIBO01,1977,Bob,Carrington,IND,N,35,621,250,28,34,62,62,22,11,52,73,197,96,74,58,0,0
CARRIBO01,1977,Bob,Carrington,NJN,N,37,1032,386,42,70,112,55,43,12,66,132,392,157,97,72,0,0
CARRKE01,1977,Kenny,Carr,LAL,N,52,733,323,53,155,208,26,18,14,89,127,302,134,85,55,0,0
CARRML01,1977,M.l.,Carr,DET,N,79,2556,980,202,355,557,185,147,27,210,243,857,390,271,200,0,0
CATCHHA01,1977,Harvey,Catchings,PHI,N,61,748,174,105,145,250,34,20,67,44,124,178,70,55,34,0,0
CHANEDO01,1977,Don,Chaney,LAL,N,9,133,31,4,7,11,17,8,3,11,14,36,13,6,5,0,0
CHANEDO01,1977,Don,Chaney,BOS,N,42,702,215,36,69,105,49,36,10,50,93,233,91,39,33,0,0
CHANEDO01,1977,Don,Chaney,TOT,N,51,835,246,40,76,116,66,44,13,61,107,269,104,45,38,0,0
CHARLKE01,1977,Ken,Charles,ATL,N,21,520,188,6,18,24,82,25,5,37,53,184,73,50,42,0,0
CHENIPH01,1977,Phil,Chenier,WA1,N,36,937,509,15,87,102,73,36,9,67,54,451,200,138,109,0,0
CHONEJI01,1977,Jim,Chones,CLE,N,82,2906,1230,219,625,844,131,52,58,184,235,1113,525,250,180,0,0
CLEAMJI01,1977,Jim,Cleamons,NYK,N,79,2009,511,69,143,212,283,68,17,113,142,448,215,103,81,0,0
COLEMEC01,1977,E.c.,Coleman,GSW,N,72,1801,464,117,259,376,100,66,23,95,253,446,212,55,40,0,0
COLLIDO01,1977,Doug,Collins,PHI,N,79,2770,1553,87,143,230,320,128,25,250,228,1223,643,329,267,0,0
COOKNO01,1977,Norm,Cook,DEN,N,2,10,2,1,2,3,1,0,0,0,4,3,1,0,0,0,0
COWENDA01,1977,Dave,Cowens,BOS,N,77,3215,1435,248,830,1078,351,102,67,217,297,1220,598,284,239,0,0
COXWE01,1977,Wesley,Cox,GSW,N,43,453,196,42,101,143,12,21,10,36,82,173,69,100,58,0,0
CRISSCH01,1977,Charlie,Criss,ATL,N,77,1935,874,24,97,121,294,108,5,150,143,751,319,296,236,0,0
CROWMA01,1977,Mark,Crow,NJN,N,15,154,84,14,13,27,8,5,1,12,24,80,35,20,14,0,0
DAMPILO01,1977,Lou,Dampier,SAS,N,82,2037,748,24,98,122,285,87,13,95,84,660,336,101,76,0,0
DANDRBO01,1977,Bob,Dandridge,WA1,N,75,2777,1450,137,305,442,287,101,44,241,262,1190,560,419,330,0,0
DANTLAD01,1977,Adrian,Dantley,TOT,N,79,2933,1697,265,355,620,253,118,24,228,233,1128,578,680,541,0,0
DANTLAD01,1977,Adrian,Dantley,LAL,N,56,1985,1088,171,233,404,188,70,7,161,157,725,377,417,334,0,0
DANTLAD01,1977,Adrian,Dantley,IND,N,23,948,609,94,122,216,65,48,17,67,76,403,201,263,207,0,0
DAVISBR01,1977,Brad,Davis,LAL,N,33,334,82,4,31,35,83,15,2,35,39,72,30,29,22,0,0
DAVISJO01,1977,Johnny,Davis,POR,N,82,2188,874,65,108,173,217,81,14,151,173,756,343,227,188,0,0
DAVISWA03,1977,Walter,Davis,PHO,N,81,2590,1959,158,326,484,273,113,20,283,242,1494,786,466,387,0,0
DAWKIDA01,1977,Darryl,Dawkins,PHI,N,70,1722,820,117,438,555,85,34,125,123,268,577,332,220,156,0,0
DICKEDE01,1977,Derrek,Dickey,CHI,N,25,220,68,15,33,48,10,4,2,23,27,68,27,19,14,0,0
DICKEDE01,1977,Derrek,Dickey,GSW,N,22,273,136,21,28,49,11,10,2,17,29,130,60,17,16,0,0
DICKEDE01,1977,Derrek,Dickey,TOT,N,47,493,204,36,61,97,21,14,4,40,56,198,87,36,30,0,0
DIETRCO01,1977,Coby,Dietrick,SAS,N,79,1876,589,73,285,358,217,81,55,144,231,543,250,114,89,0,0
DIGREER01,1977,Ernie,Digregorio,LAL,N,25,332,98,5,18,23,71,6,0,46,22,100,41,20,16,0,0
DIGREER01,1977,Ernie,Digregorio,BOS,N,27,274,106,2,25,27,66,12,1,47,22,109,47,13,12,0,0
DIGREER01,1977,Ernie,Digregorio,TOT,N,52,606,204,7,43,50,137,18,1,93,44,209,88,33,28,0,0
DORSEJA01,1977,Jacky,Dorsey,POR,N,4,51,25,6,4,10,3,0,1,3,8,19,9,11,7,0,0
DORSEJA01,1977,Jacky,Dorsey,TOT,N,11,88,34,11,19,30,5,2,3,6,17,31,12,16,10,0,0
DORSEJA01,1977,Jacky,Dorsey,DEN,N,7,37,9,5,15,20,2,2,2,3,9,12,3,5,3,0,0
DOUGLLE01,1977,Leon,Douglas,DET,N,79,1993,863,181,401,582,112,57,48,197,295,667,321,345,221,0,0
DREWJO01,1977,John,Drew,ATL,N,70,2203,1623,213,298,511,141,119,27,210,247,1236,593,575,437,0,0
DUDLECH01,1977,Charles,Dudley,GSW,N,78,1660,392,86,201,287,409,68,2,163,181,249,127,195,138,0,0
DUNLEMI01,1977,Mike,Dunleavy,TOT,N,15,119,53,1,9,10,28,9,1,12,12,50,20,18,13,0,0
DUNLEMI01,1977,Mike,Dunleavy,PHI,N,4,17,8,0,1,1,6,1,0,3,0,7,3,2,2,0,0
DUNLEMI01,1977,Mike,Dunleavy,HOU,N,11,102,45,1,8,9,22,8,1,9,12,43,17,16,11,0,0
DUNNTR01,1977,T.r.,Dunn,POR,N,63,768,237,63,84,147,45,46,8,35,74,240,100,56,37,0,0
EAKINJI01,1977,Jim,Eakins,MIL,N,17,155,49,12,17,29,12,4,7,9,25,34,14,26,21,0,0
EAKINJI01,1977,Jim,Eakins,SAS,N,16,251,89,17,29,46,17,3,10,24,46,52,30,34,29,0,0
EAKINJI01,1977,Jim,Eakins,TOT,N,33,406,138,29,46,75,29,7,17,33,71,86,44,60,50,0,0
EBERHAL01,1977,Al,Eberhard,DET,N,37,576,183,37,65,102,26,13,4,23,64,160,71,61,41,0,0
EDWARJA01,1977,James,Edwards,TOT,N,83,2405,1262,197,418,615,85,53,78,169,322,1093,495,421,272,0,0
EDWARJA01,1977,James,Edwards,IND,N,58,1682,892,153,282,435,56,36,50,112,233,777,350,296,192,0,0
EDWARJA01,1977,James,Edwards,LAL,N,25,723,370,44,136,180,29,17,28,57,89,316,145,125,80,0,0
ELLISBO01,1977,Bo,Ellis,DEN,N,78,1213,338,114,190,304,73,49,47,99,208,320,133,104,72,0,0
ELMORLE01,1977,Len,Elmore,IND,N,69,1327,372,139,281,420,80,74,71,73,174,386,142,132,88,0,0
ENGLIAL01,1977,Alex,English,MIL,N,82,1552,790,144,251,395,129,41,55,137,178,633,343,143,104,0,0
ERVINJU01,1977,Julius,Erving,PHI,N,74,2429,1528,179,302,481,279,135,97,238,207,1217,611,362,306,0,0
FLEMIAL01,1977,Al,Fleming,SEA,N,20,97,40,13,17,30,7,0,5,16,16,31,15,17,10,0,0
FLYNNMI01,1977,Mike,Flynn,IND,N,71,955,295,47,70,117,142,41,10,75,52,267,120,97,55,0,0
FORDCH01,1977,Chris,Ford,DET,N,82,2582,861,117,151,268,381,166,17,232,182,777,374,154,113,0,0
FORDDO01,1977,Don,Ford,LAL,N,79,1945,612,106,247,353,142,68,46,88,210,576,272,90,68,0,0
FORREBA01,1977,Bayard,Forrest,PHO,N,64,887,271,84,166,250,129,23,34,84,105,238,111,103,49,0,0
FRAZIWA01,1977,Walt,Frazier,CLE,N,51,1664,825,54,155,209,209,77,9,113,124,714,336,180,153,0,0
FREEWO01,1977,World,Free,PHI,N,76,2050,1191,92,120,212,306,68,41,200,199,857,390,562,411,0,0
FURLOTE01,1977,Terry,Furlow,CLE,N,53,827,472,47,60,107,72,21,14,77,67,443,192,99,88,0,0
GALEMI01,1977,Mike,Gale,SAS,N,70,2091,637,57,166,223,376,159,25,176,170,581,275,100,87,0,0
GERARGU01,1977,Gus,Gerard,BUF,N,10,85,43,6,8,14,9,2,3,7,13,40,16,15,11,0,0
GERARGU01,1977,Gus,Gerard,DET,N,47,805,372,49,97,146,44,34,22,54,96,355,154,93,64,0,0
GERARGU01,1977,Gus,Gerard,TOT,N,57,890,415,55,105,160,53,36,25,61,109,395,170,108,75,0,0
GERVIGE01,1977,George,Gervin,SAS,N,82,2857,2232,118,302,420,302,136,110,306,255,1611,864,607,504,0,0
GIANEJO01,1977,John,Gianelli,MIL,N,82,2327,693,166,343,509,192,54,92,147,189,629,307,123,79,0,0
GILMOAR01,1977,Artis,Gilmore,CHI,N,82,3067,1879,318,753,1071,263,42,181,366,261,1260,704,669,471,0,0
GLENNMI01,1977,Mike,Glenn,BUF,N,56,947,441,14,65,79,78,35,5,50,98,370,195,65,51,0,0
GONDRGL01,1977,Glen,Gondrezick,NYK,N,72,1017,345,92,158,250,83,56,18,82,181,339,131,121,83,0,0
GOODRGA01,1977,Gail,Goodrich,NOJ,N,81,2553,1304,75,102,177,388,82,22,205,186,1050,520,332,264,0,0
GREENMI01,1977,Mike,Green,SEA,N,9,250,107,22,33,55,10,6,13,22,26,87,43,31,21,0,0
GREENMI01,1977,Mike,Green,TOT,N,72,1382,583,130,229,359,76,30,100,105,193,514,238,142,107,0,0
GREENMI01,1977,Mike,Green,SAS,N,63,1132,476,108,196,304,66,24,87,83,167,427,195,111,86,0,0
GREENRI01,1977,Rickey,Green,GSW,N,76,1098,340,49,67,116,149,58,1,79,95,375,143,90,54,0,0
GREENST01,1977,Steve,Green,IND,N,44,449,151,31,40,71,30,14,2,23,67,128,56,56,39,0,0
GREVEKE01,1977,Kevin,Grevey,WA1,N,81,2121,1253,124,166,290,155,61,17,159,203,1128,505,308,243,0,0
GRIFFGR01,1977,Greg,Griffin,PHO,N,36,422,145,44,59,103,24,16,0,39,56,169,61,36,23,0,0
GRIFFPA01,1977,Paul,Griffin,NOJ,N,82,1853,432,157,353,510,172,88,45,150,228,358,160,157,112,0,0
GROSSBO01,1977,Bob,Gross,POR,N,72,2163,914,180,220,400,254,100,52,179,234,720,381,190,152,0,0
GRUNFER01,1977,Ernie,Grunfeld,MIL,N,73,1261,502,70,124,194,145,54,19,98,150,461,204,143,94,0,0
HANSEGL01,1977,Glenn,Hansen,CHI,N,2,4,0,0,0,0,0,0,0,1,0,2,0,0,0,0,0
HANSEGL01,1977,Glenn,Hansen,KCK,N,3,9,0,1,0,1,1,1,0,0,3,5,0,0,0,0,0
HANSEGL01,1977,Glenn,Hansen,TOT,N,5,13,0,1,0,1,1,1,0,1,3,7,0,0,0,0,0
HASSEJO01,1977,Joey,Hassett,SEA,N,48,404,192,14,22,36,41,21,0,34,45,205,91,12,10,0,0
HAVLIJO01,1977,John,Havlicek,BOS,N,82,2797,1322,93,239,332,328,90,22,204,185,1217,546,269,230,0,0
HAWESST01,1977,Steve,Hawes,ATL,N,75,2325,949,180,510,690,190,78,57,148,230,854,387,214,175,0,0
HAWKIRO01,1977,Robert,Hawkins,NJN,N,15,343,163,21,29,50,37,22,13,43,51,150,69,29,25,0,0
HAYESEL01,1977,Elvin,Hayes,WA1,N,81,3246,1598,335,740,1075,149,96,159,229,313,1409,636,514,326,0,0
HAYWOSP01,1977,Spencer,Haywood,NYK,N,67,1765,920,141,301,442,126,37,72,140,188,852,412,135,96,0,0
HEARDGA01,1977,Garfield,Heard,PHO,N,80,2099,620,166,486,652,132,129,101,120,213,625,265,147,90,0,0
HENDETO01,1977,Tom,Henderson,WA1,N,75,2315,857,66,127,193,406,93,15,195,131,784,339,240,179,0,0
HILLAR01,1977,Armond,Hill,ATL,N,82,2530,797,59,172,231,427,151,15,240,302,732,304,223,189,0,0
HILLMDA01,1977,Darnell,Hillman,DEN,N,33,746,257,73,166,239,53,14,37,66,130,209,104,81,49,0,0
HILLMDA01,1977,Darnell,Hillman,TOT,N,78,1966,847,199,378,577,102,63,81,175,290,710,340,286,167,0,0
HILLMDA01,1977,Darnell,Hillman,NJN,N,45,1220,590,126,212,338,49,49,44,109,160,501,236,205,118,0,0
HOLLAWI01,1977,Wilbur,Holland,CHI,N,82,2884,1361,105,189,294,313,164,14,223,258,1285,569,279,223,0,0
HOLLILI01,1977,Lionel,Hollins,POR,N,81,2741,1285,81,196,277,380,157,29,241,268,1202,531,300,223,0,0
HUDSOLO01,1977,Lou,Hudson,LAL,N,82,2283,1123,80,108,188,193,94,14,150,196,992,493,177,137,0,0
HUGHEKI01,1977,Kim,Hughes,NJN,N,56,854,123,95,145,240,38,49,49,57,163,160,57,29,9,0,0
ISSELDA01,1977,Dan,Issel,DEN,N,82,2851,1746,253,577,830,304,100,41,259,279,1287,659,547,428,0,0
JACKSPH01,1977,Phil,Jackson,NYK,N,63,654,153,29,81,110,46,31,15,47,106,115,55,56,43,0,0
JAMESAA01,1977,Aaron,James,NOJ,N,80,2118,973,163,258,421,112,36,22,130,254,861,428,157,117,0,0
JOHNSCH01,1977,Charlie,Johnson,GSW,N,32,492,199,23,39,62,48,31,4,23,53,235,96,10,7,0,0
JOHNSCH01,1977,Charlie,Johnson,WA1,N,39,807,324,20,73,93,82,31,1,50,76,346,141,51,42,0,0
JOHNSCH01,1977,Charlie,Johnson,TOT,N,71,1299,523,43,112,155,130,62,5,73,129,581,237,61,49,0,0
JOHNSDE01,1977,Dennis,Johnson,SEA,N,81,2209,1031,152,142,294,230,118,51,164,213,881,367,406,297,0,0
JOHNSED02,1977,Eddie,Johnson,ATL,N,79,1875,828,51,102,153,235,100,4,168,232,686,332,201,164,0,0
JOHNSGE01,1977,George,Johnson,NJN,N,81,2411,703,245,534,779,111,78,274,221,339,721,285,185,133,0,0
JOHNSJO01,1977,John,Johnson,TOT,N,77,1823,817,102,208,310,211,43,19,169,197,824,342,177,133,0,0
JOHNSJO01,1977,John,Johnson,SEA,N,76,1812,813,100,207,307,210,43,19,166,194,820,341,174,131,0,0
JOHNSJO01,1977,John,Johnson,HOU,N,1,11,4,2,1,3,1,0,0,3,3,4,1,3,2,0,0
JOHNSLA02,1977,Larry,Johnson,BUF,N,4,38,6,1,4,5,7,5,2,3,3,13,3,2,0,0,0
JOHNSMA02,1977,Marques,Johnson,MIL,N,80,2765,1557,292,555,847,190,92,103,175,221,1204,628,409,301,0,0
JOHNSMI01,1977,Mickey,Johnson,CHI,N,81,2870,1484,218,520,738,267,92,68,270,317,1215,561,446,362,0,0
JOHNSOL01,1977,Ollie,Johnson,ATL,N,82,1704,695,89,171,260,120,80,36,107,180,619,292,130,111,0,0
JONESBO01,1977,Bobby,Jones,DEN,N,75,2440,1088,164,472,636,252,137,126,194,221,761,440,277,208,0,0
JONESCA01,1977,Caldwell,Jones,PHI,N,80,1636,434,165,405,570,92,26,127,128,281,359,169,153,96,0,0
JONESDW01,1977,Dwight,Jones,HOU,N,82,2476,873,215,426,641,109,77,39,165,265,777,346,233,181,0,0
JONESRO01,1977,Robin,Jones,HOU,N,12,66,26,5,9,14,2,1,1,7,16,20,11,10,4,0,0
JONESWI01,1977,Wil,Jones,BUF,N,79,1711,536,106,228,334,116,70,43,137,255,514,226,119,84,0,0
JORDAED01,1977,Eddie,Jordan,CLE,N,22,171,50,2,9,11,32,12,1,14,10,56,19,16,12,0,0
JORDAED01,1977,Eddie,Jordan,NJN,N,51,1042,511,33,75,108,145,114,18,92,84,482,196,151,119,0,0
JORDAED01,1977,Eddie,Jordan,TOT,N,73,1213,561,35,84,119,177,126,19,106,94,538,215,167,131,0,0
KARLGE01,1977,George,Karl,SAS,N,4,30,6,0,5,5,5,1,0,4,6,6,2,2,2,0,0
KELLERI01,1977,Rich,Kelley,NOJ,N,82,2119,833,249,510,759,233,89,129,225,293,602,304,289,225,0,0
KENONLA01,1977,Larry,Kenon,SAS,N,81,2869,1672,245,528,773,268,115,24,279,209,1426,698,323,276,0,0
KINGBE01,1977,Bernard,King,NJN,N,79,3092,1909,265,486,751,193,122,36,311,302,1665,798,462,313,0,0
KNIGHBI01,1977,Billy,Knight,BUF,N,53,2155,1215,126,257,383,161,82,13,167,137,926,457,372,301,0,0
KNIGHTO01,1977,Toby,Knight,NYK,N,80,1169,507,121,200,321,38,50,28,97,211,465,222,97,63,0,0
KUBERST01,1977,Steve,Kuberski,BOS,N,3,14,2,1,5,6,0,1,0,2,2,4,1,0,0,0,0
KUESTJO01,1977,John,Kuester,KCK,N,78,1215,377,19,95,114,252,58,1,97,143,319,145,105,87,0,0
KUNNEKE01,1977,Kevin,Kunnert,HOU,N,80,2152,829,262,431,693,97,44,90,141,315,842,368,135,93,0,0
KUPCHMI01,1977,Mitch,Kupchak,WA1,N,67,1759,1066,162,298,460,71,28,42,184,196,768,393,402,280,0,0
KUPECCH01,1977,Charles,Kupec,HOU,N,49,626,195,27,64,91,50,10,3,24,54,197,84,33,27,0,0
LACEYSA01,1977,Sam,Lacey,KCK,N,77,2131,664,155,487,642,300,120,108,186,264,590,265,187,134,0,0
LAGARTO01,1977,Tom,Lagarde,DEN,N,77,868,306,75,139,214,47,17,17,101,146,237,96,150,114,0,0
LAMBEJO01,1977,John,Lambert,CLE,N,76,1075,311,125,199,324,38,27,50,62,169,336,142,48,27,0,0
LANDSMA01,1977,Mark,Landsberger,CHI,N,62,926,345,110,191,301,41,21,6,69,78,251,127,157,91,0,0
LANIEBO01,1977,Bob,Lanier,DET,N,63,2311,1542,197,518,715,216,82,93,225,185,1159,622,386,298,0,0
LAURERI01,1977,Rich,Laurel,MIL,N,10,57,24,6,4,10,3,3,1,4,10,31,10,4,4,0,0
LAYTODE01,1977,Dennis,Layton,SAS,N,41,498,182,0,32,32,108,21,4,59,51,168,85,13,12,0,0
LEERO01,1977,Ron,Lee,PHO,N,82,1928,1004,95,159,254,305,225,17,221,257,950,417,228,170,0,0
LLOYDSC01,1977,Scott,Lloyd,MIL,N,14,112,30,7,19,26,9,3,5,7,22,33,12,10,6,0,0
LLOYDSC01,1977,Scott,Lloyd,TOT,N,70,678,209,52,93,145,44,14,14,43,105,193,80,68,49,0,0
LLOYDSC01,1977,Scott,Lloyd,BUF,N,56,566,179,45,74,119,35,11,9,36,83,160,68,58,43,0,0
LUCASJO01,1977,John,Lucas,HOU,N,82,2933,1017,51,204,255,768,160,9,213,208,947,412,250,193,0,0
LUCASMA01,1977,Maurice,Lucas,POR,N,68,2119,1113,186,435,621,173,61,56,192,221,989,453,270,207,0,0
MALONMO01,1977,Moses,Malone,HOU,N,59,2107,1144,380,506,886,31,48,76,220,179,828,413,443,318,0,0
MARAVPE02,1977,Pete,Maravich,NOJ,N,50,2041,1352,49,129,178,335,101,8,248,116,1253,556,276,240,0,0
MARSHER01,1977,Eric,Marsh,GSW,N,60,851,269,16,59,75,90,29,19,50,111,289,123,33,23,0,0
MAXWECE01,1977,Cedric,Maxwell,BOS,N,72,1213,528,138,241,379,68,53,48,122,151,316,170,250,188,0,0
MAYSC01,1977,Scott,May,CHI,N,55,1802,735,118,214,332,114,50,6,125,170,617,280,216,175,0,0
MCADOBO01,1977,Bob,Mcadoo,NYK,N,79,3182,2097,236,774,1010,298,105,126,346,297,1564,814,645,469,0,0
MCCARAN01,1977,Andre,Mccarter,KCK,N,1,9,0,0,1,1,0,0,0,0,1,2,0,0,0,0,0
MCCLATE01,1977,Ted,Mcclain,TOT,N,70,1020,303,20,92,112,157,58,6,90,124,280,123,73,57,0,0
MCCLATE01,1977,Ted,Mcclain,PHI,N,29,293,91,9,28,37,34,16,4,22,36,96,42,10,7,0,0
MCCLATE01,1977,Ted,Mcclain,BUF,N,41,727,212,11,64,75,123,42,2,68,88,184,81,63,50,0,0
MCDANJI01,1977,Jim,Mcdaniels,BUF,N,42,694,236,46,135,181,44,4,37,50,112,234,100,42,36,0,0
MCELRJI01,1977,Jim,Mcelroy,NOJ,N,74,1760,697,44,104,148,292,58,34,141,110,607,287,167,123,0,0
MCGINGE01,1977,George,Mcginnis,PHI,N,78,2533,1587,282,528,810,294,137,27,312,287,1270,588,574,411,0,0
MCMILJI01,1977,Jim,Mcmillian,NYK,N,81,1977,691,80,209,289,205,76,17,104,116,623,288,134,115,0,0
MCMILTO01,1977,Tom,Mcmillen,ATL,N,68,1683,676,151,265,416,84,33,16,109,233,568,280,145,116,0,0
MCNEILA01,1977,Larry,Mcneill,GSW,N,9,67,27,2,12,14,2,0,1,7,14,18,6,19,15,0,0
MCNEILA01,1977,Larry,Mcneill,BUF,N,37,873,442,78,110,188,45,18,10,60,100,338,156,156,130,0,0
MCNEILA01,1977,Larry,Mcneill,TOT,N,46,940,469,80,122,202,47,18,11,67,114,356,162,175,145,0,0
MENGEJO01,1977,John,Mengelt,CHI,N,81,1767,834,41,88,129,232,51,4,124,169,675,325,238,184,0,0
MERIWJO01,1977,Joe,Meriweather,NOJ,N,54,1277,475,135,237,372,58,18,118,94,188,411,194,133,87,0,0
MEYERDA01,1977,Dave,Meyers,MIL,N,80,2416,1178,144,393,537,241,86,46,213,240,938,432,435,314,0,0
MIXST01,1977,Steve,Mix,PHI,N,82,1819,757,96,201,297,174,87,3,131,158,560,291,220,175,0,0
MOFFELA01,1977,Larry,Moffett,HOU,N,20,110,16,10,11,21,7,2,2,8,16,17,5,10,6,0,0
MONEYER01,1977,Eric,Money,DET,N,76,2557,1414,90,119,209,356,123,12,322,237,1200,600,298,214,0,0
MONROEA01,1977,Earl,Monroe,NYK,N,76,2369,1354,47,135,182,361,60,19,179,189,1123,556,291,242,0,0
MOSLEGL01,1977,Glenn,Mosley,PHI,N,6,21,13,0,5,5,2,0,0,5,5,13,5,7,3,0,0
MURPHCA01,1977,Calvin,Murphy,HOU,N,76,2900,1949,57,107,164,259,112,3,173,241,1737,852,267,245,0,0
NASHBO01,1977,Bob,Nash,KCK,N,66,800,364,75,94,169,46,27,18,47,75,304,157,69,50,0,0
NATERSW01,1977,Swen,Nater,BUF,N,78,2778,1210,278,751,1029,216,40,47,225,274,994,501,272,208,0,0
NEALLL01,1977,Lloyd,Neal,POR,N,61,1174,671,116,257,373,81,29,21,96,128,540,272,177,127,0,0
NELSOLO01,1977,Louie,Nelson,KCK,N,8,53,15,1,2,3,5,2,1,8,5,14,3,11,9,0,0
NELSOLO01,1977,Louie,Nelson,TOT,N,33,406,227,13,39,52,34,22,7,48,33,211,85,84,57,0,0
NELSOLO01,1977,Louie,Nelson,NJN,N,25,353,212,12,37,49,29,20,6,40,28,197,82,73,48,0,0
NEUMAJO01,1977,Johnny,Neumann,IND,N,20,216,83,5,9,14,27,6,1,22,24,86,35,18,13,0,0
NEWLIMI01,1977,Mike,Newlin,HOU,N,45,1181,584,36,84,120,203,52,9,120,128,495,216,174,152,0,0
NIXONNO01,1977,Norm,Nixon,LAL,N,81,2779,1107,41,198,239,553,138,7,251,259,998,496,161,115,0,0
NORWOWI01,1977,Willie,Norwood,DET,N,16,260,88,27,27,54,14,13,3,17,45,82,34,29,20,0,0
NORWOWI01,1977,Willie,Norwood,POR,N,19,351,110,22,43,65,19,18,0,39,56,99,40,46,30,0,0
NORWOWI01,1977,Willie,Norwood,TOT,N,35,611,198,49,70,119,33,31,3,56,101,181,74,75,50,0,0
OLBERMA01,1977,Mark,Olberding,SAS,N,79,1773,646,104,269,373,131,45,26,118,235,480,231,227,184,0,0
OWENSED01,1977,Eddie,Owens,BUF,N,8,63,21,5,5,10,5,1,0,3,9,21,9,6,3,0,0
OWENSTO01,1977,Tom,Owens,POR,N,82,1714,832,195,346,541,160,33,37,152,263,639,313,278,206,0,0
PACEJO01,1977,Joe,Pace,WA1,N,49,438,191,50,84,134,23,12,21,44,86,140,67,93,57,0,0
PARISRO01,1977,Robert,Parish,GSW,N,82,1969,1025,211,469,680,95,79,123,201,291,911,430,264,165,0,0
PARKESO01,1977,Sonny,Parker,GSW,N,82,2069,934,167,222,389,155,135,36,128,186,783,406,173,122,0,0
PAULTBI01,1977,Billy,Paultz,SAS,N,80,2479,1266,172,503,675,213,42,194,167,222,979,518,306,230,0,0
PERRYCU01,1977,Curtis,Perry,PHO,N,45,818,271,87,163,250,48,34,22,63,120,243,110,65,51,0,0
PONDECL01,1977,Cliff,Pondexter,CHI,N,44,534,88,36,94,130,87,19,15,30,66,85,37,20,14,0,0
POQUEBE01,1977,Ben,Poquette,DET,N,52,626,232,50,95,145,20,10,22,40,69,225,95,60,42,0,0
PORTEHO01,1977,Howard,Porter,DET,N,8,107,36,5,12,17,2,3,5,5,15,43,16,7,4,0,0
PORTEHO01,1977,Howard,Porter,TOT,N,63,1323,742,100,179,279,42,29,38,55,134,635,309,155,124,0,0
PORTEHO01,1977,Howard,Porter,NJN,N,55,1216,706,95,167,262,40,26,33,50,119,592,293,148,120,0,0
PORTEKE01,1977,Kevin,Porter,NJN,N,74,2686,1197,48,151,199,801,118,15,348,265,1024,481,307,235,0,0
PORTEKE01,1977,Kevin,Porter,TOT,N,82,2813,1234,53,161,214,837,123,15,360,283,1055,495,320,244,0,0
PORTEKE01,1977,Kevin,Porter,DET,N,8,127,37,5,10,15,36,5,0,12,18,31,14,13,9,0,0
PRICEJI01,1977,Jim,Price,TOT,N,83,1929,723,57,203,260,260,114,9,175,200,656,294,169,135,0,0
PRICEJI01,1977,Jim,Price,DET,N,34,839,390,27,74,101,102,45,5,74,82,363,153,103,84,0,0
PRICEJI01,1977,Jim,Price,DEN,N,49,1090,333,30,129,159,158,69,4,101,118,293,141,66,51,0,0
RATLEED01,1977,Ed,Ratleff,HOU,N,68,1163,299,56,106,162,153,60,22,67,109,310,130,47,39,0,0
RAYCL01,1977,Clifford,Ray,GSW,N,79,2268,692,236,522,758,147,74,90,150,291,476,272,243,148,0,0
REIDRO01,1977,Robert,Reid,HOU,N,80,1849,585,111,248,359,121,67,51,81,277,574,261,96,63,0,0
RESTAKE01,1977,Kevin,Restani,MIL,N,8,84,26,4,10,14,9,0,1,2,4,28,13,2,0,0,0
RESTAKE01,1977,Kevin,Restani,KCK,N,46,463,127,32,62,94,21,5,4,15,37,139,59,11,9,0,0
RESTAKE01,1977,Kevin,Restani,TOT,N,54,547,153,36,72,108,30,5,5,17,41,167,72,13,9,0,0
ROBERAN01,1977,Anthony,Roberts,DEN,N,82,1598,775,135,216,351,105,40,7,118,212,736,311,212,153,0,0
ROBERTO01,1977,Tony,Robertson,ATL,N,63,929,373,15,55,70,103,74,5,88,133,381,168,53,37,0,0
ROBINBI01,1977,Bill,Robinzine,KCK,N,82,1748,816,173,366,539,72,74,11,172,281,677,305,271,206,0,0
ROBINTR01,1977,Truck,Robinson,NOJ,N,82,3638,1862,298,990,1288,171,73,79,301,265,1683,748,572,366,0,0
ROBISDA01,1977,Dave,Robisch,LAL,N,55,679,258,53,126,179,40,19,14,37,71,249,104,65,50,0,0
ROBISDA01,1977,Dave,Robisch,TOT,N,78,1277,454,100,252,352,89,39,29,71,130,430,177,129,100,0,0
ROBISDA01,1977,Dave,Robisch,IND,N,23,598,196,47,126,173,49,20,15,34,59,181,73,64,50,0,0
ROLLITR01,1977,Tree,Rollins,ATL,N,80,1795,610,179,373,552,79,57,218,121,326,520,253,148,104,0,0
ROUNDDA01,1977,Dan,Roundfield,IND,N,79,2423,1060,275,527,802,196,81,149,194,297,861,421,300,218,0,0
ROWECU01,1977,Curtis,Rowe,BOS,N,51,911,312,74,129,203,45,14,8,76,94,273,123,89,66,0,0
RUSSECA01,1977,Cazzie,Russell,CHI,N,36,789,315,31,52,83,61,19,4,35,63,304,133,57,49,0,0
RUSSECA02,1977,Campy,Russell,CLE,N,72,2520,1398,154,304,458,278,88,12,206,193,1168,523,469,352,0,0
SAUNDFR01,1977,Fred,Saunders,BOS,N,26,243,74,11,26,37,11,7,4,20,34,91,30,17,14,0,0
SAUNDFR01,1977,Fred,Saunders,NOJ,N,30,400,150,27,47,74,35,14,10,22,72,143,69,19,12,0,0
SAUNDFR01,1977,Fred,Saunders,TOT,N,56,643,224,38,73,111,46,21,14,42,106,234,99,36,26,0,0
SCHLUDA01,1977,Dale,Schlueter,POR,N,10,109,25,5,16,21,18,3,2,15,20,19,8,18,9,0,0
SCOTTAL01,1977,Alvin,Scott,PHO,N,81,1538,492,135,222,357,88,52,40,85,158,369,180,191,132,0,0
SCOTTCH01,1977,Charlie,Scott,TOT,N,79,2473,1064,62,187,249,378,110,17,238,252,994,435,260,194,0,0
SCOTTCH01,1977,Charlie,Scott,BOS,N,31,1080,504,24,77,101,143,51,6,105,97,485,210,118,84,0,0
SCOTTCH01,1977,Charlie,Scott,LAL,N,48,1393,560,38,110,148,235,59,11,133,155,509,225,142,110,0,0
SEALSBR01,1977,Bruce,Seals,SEA,N,73,1322,571,62,164,226,81,41,33,103,210,551,230,175,111,0,0
SHELTLO01,1977,Lonnie,Shelton,NYK,N,82,2319,1219,204,376,580,195,109,112,228,350,988,508,276,203,0,0
SHEPPST01,1977,Steve,Sheppard,CHI,N,64,698,275,67,64,131,43,14,3,46,72,262,119,56,37,0,0
SHUMAJO01,1977,John,Shumate,BUF,N,18,590,224,32,96,128,58,14,9,46,58,151,75,99,74,0,0
SHUMAJO01,1977,John,Shumate,DET,N,62,2170,958,125,429,554,122,76,43,186,142,622,316,409,326,0,0
SHUMAJO01,1977,John,Shumate,TOT,N,80,2760,1182,157,525,682,180,90,52,232,200,773,391,508,400,0,0
SIKMAJA01,1977,Jack,Sikma,SEA,N,82,2238,876,196,482,678,134,68,40,186,300,752,342,247,192,0,0
SILASJA01,1977,James,Silas,SAS,N,37,311,146,4,19,23,38,11,1,30,29,97,43,73,60,0,0
SILASPA01,1977,Paul,Silas,SEA,N,82,2172,477,289,377,666,145,65,16,152,182,464,184,186,109,0,0
SIMPSRA01,1977,Ralph,Simpson,TOT,N,64,1323,517,53,104,157,159,75,7,126,90,576,216,104,85,0,0
SIMPSRA01,1977,Ralph,Simpson,DET,N,32,739,340,27,55,82,87,32,3,78,48,346,143,64,54,0,0
SIMPSRA01,1977,Ralph,Simpson,DEN,N,32,584,177,26,49,75,72,43,4,48,42,230,73,40,31,0,0
SIMSSC01,1977,Scott,Sims,SAS,N,12,95,30,5,8,13,20,3,0,19,16,26,10,15,10,0,0
SKINNAL01,1977,Al,Skinner,NJN,N,8,277,121,14,38,52,33,13,5,29,34,101,41,44,39,0,0
SKINNAL01,1977,Al,Skinner,DET,N,69,1274,485,53,119,172,113,52,15,132,208,387,181,159,123,0,0
SKINNAL01,1977,Al,Skinner,TOT,N,77,1551,606,67,157,224,146,65,20,161,242,488,222,203,162,0,0
SMITHBI01,1977,Bingo,Smith,CLE,N,82,1581,846,65,142,207,91,38,21,81,155,840,369,135,108,0,0
SMITHDO01,1977,Don,Smith,BOS,N,2,24,8,6,9,15,3,1,1,3,4,13,3,3,2,0,0
SMITHDO01,1977,Don,Smith,TOT,N,16,158,63,19,31,50,10,3,3,14,29,60,23,23,17,0,0
SMITHDO01,1977,Don,Smith,HOU,N,14,134,55,13,22,35,7,2,2,11,25,47,20,20,15,0,0
SMITHEL01,1977,Elmore,Smith,CLE,N,81,1996,1009,178,500,678,57,50,176,141,241,809,402,309,205,0,0
SMITHPH01,1977,Phil,Smith,GSW,N,82,2940,1612,100,200,300,393,108,27,266,219,1373,648,389,316,0,0
SMITHRA01,1977,Randy,Smith,BUF,N,82,3314,2021,110,200,310,458,172,11,286,224,1697,789,554,443,0,0
SMITHRO01,1977,Robert,Smith,DEN,N,45,378,121,6,30,36,39,18,3,20,52,97,50,24,21,0,0
SMITHWI01,1977,Willie,Smith,IND,N,1,7,0,0,0,0,1,0,0,0,1,0,0,0,0,0,0
SNYDEDI01,1977,Dick,Snyder,CLE,N,58,660,280,9,40,49,56,23,19,48,74,252,112,64,56,0,0
SOBERRI01,1977,Ricky,Sobers,IND,N,79,3019,1436,92,235,327,584,170,23,352,308,1221,553,400,330,0,0
STACOKE01,1977,Kevin,Stacom,BOS,N,55,1006,466,26,80,106,111,28,3,69,60,484,206,71,54,0,0
STEELLA01,1977,Larry,Steele,POR,N,65,1132,520,34,79,113,87,59,5,66,138,447,210,122,100,0,0
TATUMEA01,1977,Earl,Tatum,LAL,N,25,663,351,23,67,90,70,37,10,53,85,314,153,59,45,0,0
TATUMEA01,1977,Earl,Tatum,TOT,N,82,2522,1173,79,216,295,296,140,40,184,257,1087,510,196,153,0,0
TATUMEA01,1977,Earl,Tatum,IND,N,57,1859,822,56,149,205,226,103,30,131,172,773,357,137,108,0,0
TAYLOBR01,1977,Brian,Taylor,DEN,N,39,1222,452,30,68,98,132,71,9,77,120,403,182,115,88,0,0
TERRYCL01,1977,Claude,Terry,ATL,N,27,166,59,3,12,15,7,6,0,8,14,68,25,11,9,0,0
THOMPDA01,1977,David,Thompson,DEN,N,80,3025,2172,156,234,390,362,92,99,245,213,1584,826,668,520,0,0
TOLSODE01,1977,Dean,Tolson,SEA,N,1,7,0,0,0,0,2,0,0,1,2,1,0,0,0,0,0
TOMJARU01,1977,Rudy,Tomjanovich,HOU,N,23,849,495,40,98,138,32,15,5,38,63,447,217,81,61,0,0
TWARDDA01,1977,Dave,Twardzik,POR,N,75,1820,667,36,98,134,244,107,4,158,186,409,242,234,183,0,0
UNSELWE01,1977,Wes,Unseld,WA1,N,80,2644,607,286,669,955,326,98,45,173,234,491,257,173,93,0,0
VANBRJA01,1977,Jan,Vanbredakolff,NJN,N,68,1419,301,66,178,244,105,52,46,73,192,292,107,123,87,0,0
VANLINO01,1977,Norm,Vanlier,CHI,N,78,2524,572,86,198,284,531,144,5,200,279,477,200,229,172,0,0
WALKEFO01,1977,Foots,Walker,CLE,N,81,2496,733,76,218,294,453,176,24,181,218,641,287,221,159,0,0
WALKEPH01,1977,Phil,Walker,WA1,N,40,384,178,21,31,52,54,14,5,62,39,161,57,96,64,0,0
WALKEWA01,1977,Wally,Walker,POR,N,9,101,43,7,10,17,8,2,0,11,13,41,19,8,5,0,0
WALKEWA01,1977,Wally,Walker,SEA,N,68,1003,440,80,122,202,69,24,10,66,125,420,185,112,70,0,0
WALKEWA01,1977,Wally,Walker,TOT,N,77,1104,483,87,132,219,77,26,10,77,138,461,204,120,75,0,0
WALTOBI01,1977,Bill,Walton,POR,N,58,1929,1097,118,648,766,291,60,146,206,145,882,460,246,177,0,0
WALTOLL01,1977,Lloyd,Walton,MIL,N,76,1264,362,26,50,76,253,77,13,107,94,344,154,83,54,0,0
WASHIKE01,1977,Kermit,Washington,LAL,N,25,751,288,110,169,279,30,19,24,53,74,244,110,110,68,0,0
WASHIKE01,1977,Kermit,Washington,TOT,N,57,1617,664,215,399,614,72,47,64,107,188,507,247,246,170,0,0
WASHIKE01,1977,Kermit,Washington,BOS,N,32,866,376,105,230,335,42,28,40,54,114,263,137,136,102,0,0
WASHIRI01,1977,Richard,Washington,KCK,N,78,2231,1000,188,466,654,118,74,73,191,324,891,425,199,150,0,0
WASHIWI01,1977,Wilson,Washington,PHI,N,14,38,19,2,12,14,1,1,2,10,3,19,8,6,3,0,0
WASHIWI01,1977,Wilson,Washington,NJN,N,24,523,210,48,94,142,9,17,35,53,72,187,92,47,26,0,0
WASHIWI01,1977,Wilson,Washington,TOT,N,38,561,229,50,106,156,10,18,37,63,75,206,100,53,29,0,0
WATTSSL01,1977,Slick,Watts,TOT,N,71,1584,530,60,119,179,294,108,31,168,184,558,219,156,92,0,0
WATTSSL01,1977,Slick,Watts,NOJ,N,39,775,280,39,59,98,161,55,17,76,96,286,109,103,62,0,0
WATTSSL01,1977,Slick,Watts,SEA,N,32,809,250,21,60,81,133,53,14,92,88,272,110,53,30,0,0
WEATHNI01,1977,Nick,Weatherspoon,CHI,N,41,611,209,57,68,125,32,19,10,49,74,194,86,42,37,0,0
WEBSTMA01,1977,Marvin,Webster,SEA,N,82,2910,1144,361,674,1035,203,48,162,257,262,851,427,461,290,0,0
WEDMASC01,1977,Scott,Wedman,KCK,N,81,2961,1435,144,319,463,201,99,22,158,242,1192,607,254,221,0,0
WESTPPA01,1977,Paul,Westphal,PHO,N,80,2481,2014,41,123,164,437,138,31,280,162,1568,809,487,396,0,0
WHITEJO01,1977,Jojo,White,BOS,N,46,1641,681,53,127,180,209,49,7,117,109,690,289,120,103,0,0
WHITERU01,1977,Rudy,White,HOU,N,21,219,76,8,13,21,22,8,0,22,24,85,31,18,14,0,0
WICKSSI01,1977,Sidney,Wicks,BOS,N,81,2413,1083,223,450,673,171,67,46,226,318,927,433,329,217,0,0
WILKEBO01,1977,Bob,Wilkerson,DEN,N,81,2780,921,98,376,474,439,126,21,294,275,936,382,210,157,0,0
WILKEJA01,1977,Jamaal,Wilkes,LAL,N,51,1490,660,113,267,380,182,77,22,107,162,630,277,148,106,0,0
WILLICH02,1977,Chuck,Williams,BUF,N,73,2002,530,29,108,137,317,48,4,156,137,436,208,138,114,0,0
WILLIGU01,1977,Gus,Williams,SEA,N,79,2572,1431,83,173,256,294,185,41,189,198,1335,602,278,227,0,0
WILLIJO02,1977,John,Williamson,IND,N,42,1449,804,34,86,120,132,47,0,127,131,795,335,161,134,0,0
WILLIJO02,1977,John,Williamson,TOT,N,75,2731,1777,66,161,227,214,94,10,228,236,1649,723,391,331,0,0
WILLIJO02,1977,John,Williamson,NJN,N,33,1282,973,32,75,107,82,47,10,101,105,854,388,230,197,0,0
WILLINA01,1977,Nate,Williams,TOT,N,73,1249,725,65,139,204,74,57,34,83,181,724,312,121,101,0,0
WILLINA01,1977,Nate,Williams,GSW,N,46,815,514,38,76,114,40,36,22,58,120,510,222,84,70,0,0
WILLINA01,1977,Nate,Williams,NOJ,N,27,434,211,27,63,90,34,21,12,25,61,214,90,37,31,0,0
WILLIRA01,1977,Ray,Williams,NYK,N,81,1550,756,85,124,209,363,108,15,242,211,689,305,207,146,0,0
WILLOBI01,1977,Bill,Willoughby,BUF,N,56,1079,376,76,143,219,38,24,47,56,131,363,156,80,64,0,0
WILSOBO03,1977,Bobby,Wilson,IND,N,12,86,30,6,6,12,8,2,1,6,16,36,14,3,2,0,0
WINTEBR01,1977,Brian,Winters,MIL,N,80,2751,1594,87,163,250,393,124,27,236,239,1457,674,293,246,0,0
WISEWI01,1977,Willie,Wise,SEA,N,2,10,1,2,1,3,0,0,0,0,2,3,0,4,1,0,0
WOHLDA01,1977,Dave,Wohl,NJN,N,10,118,35,1,3,4,13,3,0,16,24,34,12,12,11,0,0
WRIGHLA01,1977,Larry,Wright,WA1,N,70,1466,642,31,71,102,260,68,15,134,195,570,283,107,76,0,0
ABDULKA01,1978,Kareem,Abdul-jabbar,LAL,N,80,3157,1903,207,818,1025,431,76,316,282,230,1347,777,474,349,0,0
ABERNTO01,1978,Tom,Abernethy,GSW,N,70,1219,422,74,142,216,79,39,13,32,133,342,176,94,70,0,0
ADAMSAL01,1978,Alvan,Adams,PHO,N,77,2364,1369,220,485,705,360,110,63,279,246,1073,569,289,231,0,0
ALLENLU01,1978,Lucius,Allen,KCK,N,31,413,157,14,32,46,44,21,6,30,52,174,69,33,19,0,0
ANDERKE01,1978,Keith,Anderson,POR,N,21,224,63,17,28,45,15,4,5,22,42,77,24,28,15,0,0
ARCHINA01,1978,Nate,Archibald,BOS,N,69,1662,760,25,78,103,324,55,6,197,132,573,259,307,242,0,0
ARMSTTA01,1978,Tate,Armstrong,CHI,N,26,259,66,7,13,20,31,10,0,21,22,70,28,13,10,0,0
AWTREDE01,1978,Dennis,Awtrey,BOS,N,23,247,50,13,34,47,20,3,6,21,37,44,17,20,16,0,0
AWTREDE01,1978,Dennis,Awtrey,TOT,N,63,746,129,42,109,151,69,16,13,52,106,107,44,56,41,0,0
AWTREDE01,1978,Dennis,Awtrey,SEA,N,40,499,79,29,75,104,49,13,7,31,69,63,27,36,25,0,0
BAILEGU01,1978,Gus,Bailey,NOJ,N,2,9,4,2,0,2,2,0,0,1,1,7,2,0,0,0,0
BALLAGR01,1978,Greg,Ballard,WA1,N,82,1552,639,143,307,450,116,58,30,97,167,559,260,172,119,0,0
BANTOMI01,1978,Mike,Bantom,IND,N,81,2528,1191,225,425,650,223,99,62,193,316,1036,482,338,227,0,0
BARKETO01,1978,Tom,Barker,NYK,N,22,329,102,31,52,83,9,6,7,20,45,102,44,20,14,0,0
BARKETO01,1978,Tom,Barker,HOU,N,5,16,8,2,4,6,0,0,0,1,5,6,3,2,2,0,0
BARKETO01,1978,Tom,Barker,BOS,N,12,131,53,12,18,30,6,4,4,13,26,48,21,15,11,0,0
BARKETO01,1978,Tom,Barker,TOT,N,39,476,163,45,74,119,15,10,11,34,76,156,68,37,27,0,0
BARNEMA01,1978,Marvin,Barnes,BOS,N,38,796,309,57,120,177,53,38,39,68,144,271,133,66,43,0,0
BARRYRI01,1978,Rick,Barry,HOU,N,80,2566,1082,40,237,277,502,95,38,198,195,1000,461,169,160,0,0
BASSETI01,1978,Tim,Bassett,NJN,N,82,1508,321,174,244,418,99,44,29,103,219,313,116,131,89,0,0
BEARDBU01,1978,Butch,Beard,NYK,N,7,85,22,1,9,10,19,7,0,10,13,26,11,0,0,0,0
BEHAGRO01,1978,Ron,Behagen,DET,N,1,1,0,0,0,0,0,0,0,1,1,0,0,0,0,0,0
BEHAGRO01,1978,Ron,Behagen,TOT,N,15,165,66,13,29,42,7,4,1,11,36,62,28,13,10,0,0
BEHAGRO01,1978,Ron,Behagen,NYK,N,5,38,12,2,9,11,2,2,0,4,8,12,5,2,2,0,0
BEHAGRO01,1978,Ron,Behagen,KCK,N,9,126,54,11,20,31,5,2,1,6,27,50,23,11,8,0,0
BENSOKE01,1978,Kent,Benson,MIL,N,82,2132,1006,187,397,584,204,89,81,156,280,798,413,245,180,0,0
BESHODE01,1978,Del,Beshore,MIL,N,1,1,0,0,0,0,0,0,0,0,0,0,0,0,0,0,0
BIBBYHE01,1978,Henry,Bibby,PHI,N,82,2538,1002,72,172,244,371,72,7,197,199,869,368,335,266,0,0
BIGELBO01,1978,Bob,Bigelow,SDC,N,29,413,85,15,31,46,25,12,2,18,37,90,36,21,13,0,0
BIRDSOT01,1978,Otis,Birdsong,KCK,N,82,2839,1778,176,178,354,281,125,17,200,255,1456,741,408,296,0,0
BOONERO01,1978,Ron,Boone,LAL,N,82,1583,608,53,92,145,154,66,11,147,171,569,259,104,90,0,0
BOSWETO01,1978,Tom,Boswell,DEN,N,79,2201,840,248,290,538,242,50,51,185,263,603,321,284,198,0,0
BOYDDE01,1978,Dennis,Boyd,DET,N,5,40,6,0,2,2,7,0,0,6,5,12,3,0,0,0,0
BOYNEWI01,1978,Winford,Boynes,NJN,N,69,1176,645,60,95,155,75,43,7,119,117,595,256,169,133,0,0
BRADLAL01,1978,Alonzo,Bradley,HOU,N,34,245,96,13,33,46,17,5,1,17,33,88,37,33,22,0,0
BRATZMI01,1978,Mike,Bratz,PHO,N,77,1297,623,55,86,141,179,64,7,135,151,533,242,170,139,0,0
BREWEJI01,1978,Jim,Brewer,DET,N,25,310,57,34,71,105,13,13,10,19,38,60,27,15,3,0,0
BREWEJI01,1978,Jim,Brewer,CLE,N,55,1301,251,125,245,370,74,48,56,78,136,259,114,48,23,0,0
BREWEJI01,1978,Jim,Brewer,TOT,N,80,1611,308,159,316,475,87,61,66,97,174,319,141,63,26,0,0
BREWERO01,1978,Ron,Brewer,POR,N,81,2454,1078,88,141,229,165,102,79,153,181,878,434,256,210,0,0
BRIDGJU01,1978,Junior,Bridgeman,MIL,N,82,1963,1269,113,184,297,163,88,41,138,184,1067,540,228,189,0,0
BRISTAL01,1978,Allan,Bristow,SAS,N,74,1324,472,80,167,247,231,56,15,108,154,354,174,149,124,0,0
BROWNFR01,1978,Fred,Brown,SEA,N,77,1961,1075,38,134,172,260,119,23,164,142,951,446,206,183,0,0
BROWNJO01,1978,John,Brown,CHI,N,77,1265,388,83,155,238,104,18,10,89,180,317,152,98,84,0,0
BRYANJO01,1978,Joe,Bryant,PHI,N,70,1064,533,96,163,259,103,49,9,114,171,478,205,170,123,0,0
BUCKNQU01,1978,Quinn,Buckner,MIL,N,81,1757,581,57,153,210,468,156,17,208,224,553,251,125,79,0,0
BUNCHGR01,1978,Greg,Bunch,NYK,N,12,97,28,9,8,17,4,3,3,5,10,26,9,12,10,0,0
BURLETO01,1978,Tom,Burleson,KCK,N,56,927,435,84,197,281,50,26,58,64,183,342,157,169,121,0,0
BUSEDO01,1978,Don,Buse,PHO,N,82,2544,640,44,173,217,356,156,18,96,149,576,285,91,70,0,0
BYRNEMA01,1978,Marty,Byrnes,TOT,N,79,1264,480,90,101,191,104,27,10,119,111,389,187,154,106,0,0
BYRNEMA01,1978,Marty,Byrnes,NOJ,N,36,530,189,41,53,94,43,12,8,40,42,166,78,54,33,0,0
BYRNEMA01,1978,Marty,Byrnes,PHO,N,43,734,291,49,48,97,61,15,2,79,69,223,109,100,73,0,0
CALHOCO01,1978,Corky,Calhoun,IND,N,81,1332,378,64,174,238,104,37,19,56,189,335,153,86,72,0,0
CARRAU01,1978,Austin,Carr,CLE,N,82,2714,1394,155,135,290,217,77,14,175,210,1161,551,358,292,0,0
CARRKE01,1978,Kenny,Carr,LAL,N,72,1149,533,70,222,292,60,38,31,116,152,450,225,137,83,0,0
CARRML01,1978,M.l.,Carr,DET,N,80,3207,1497,219,370,589,262,197,46,255,279,1143,587,435,323,0,0
CARTERO01,1978,Ron,Carter,LAL,N,46,332,144,21,24,45,25,17,7,40,54,124,54,54,36,0,0
CATCHHA01,1978,Harvey,Catchings,PHI,N,25,289,69,30,68,98,18,8,35,37,42,68,28,17,13,0,0
CATCHHA01,1978,Harvey,Catchings,NJN,N,32,659,195,71,133,204,30,15,56,51,90,175,74,61,47,0,0
CATCHHA01,1978,Harvey,Catchings,TOT,N,57,948,264,101,201,302,48,23,91,88,132,243,102,78,60,0,0
CHANEDO01,1978,Don,Chaney,BOS,N,65,1074,384,63,78,141,75,72,11,65,167,414,174,42,36,0,0
CHEEKMA01,1978,Maurice,Cheeks,PHI,N,82,2409,685,63,191,254,431,174,12,193,198,572,292,140,101,0,0
CHENIPH01,1978,Phil,Chenier,WA1,N,27,385,156,3,17,20,31,4,5,31,28,158,69,28,18,0,0
CHONEJI01,1978,Jim,Chones,CLE,N,82,2850,1102,260,582,842,181,47,102,187,278,1073,472,215,158,0,0
CLEAMJI01,1978,Jim,Cleamons,NYK,N,79,2390,752,65,160,225,376,73,11,142,147,657,311,171,130,0,0
COLEMEC01,1978,E.c.,Coleman,HOU,N,6,39,11,1,6,7,1,2,0,0,11,7,5,1,1,0,0
COLLIDO01,1978,Doug,Collins,PHI,N,47,1595,917,36,87,123,191,52,20,131,139,717,358,247,201,0,0
COOPEMI01,1978,Michael,Cooper,LAL,N,3,7,6,0,0,0,0,1,0,1,1,6,3,0,0,0,0
COOPEWA01,1978,Wayne,Cooper,GSW,N,65,795,297,90,190,280,21,7,44,52,118,293,128,61,41,0,0
CORZIDA01,1978,Dave,Corzine,WA1,N,59,532,175,52,95,147,49,10,14,53,67,118,63,63,49,0,0
COWENDA01,1978,Dave,Cowens,BOS,N,68,2517,1127,152,500,652,242,76,51,174,263,1010,488,187,151,0,0
COXWE01,1978,Wesley,Cox,GSW,N,31,360,146,18,45,63,11,13,5,44,68,123,53,92,40,0,0
CRISSCH01,1978,Charlie,Criss,ATL,N,54,879,285,19,41,60,138,41,3,79,70,289,109,86,67,0,0
CROMPJE01,1978,Jeffrey,Crompton,DEN,N,20,88,26,6,17,23,5,0,3,12,19,26,10,12,6,0,0
DAMPILO01,1978,Lou,Dampier,SAS,N,70,760,275,15,48,63,124,35,8,39,42,251,123,39,29,0,0
DANDRBO01,1978,Bob,Dandridge,WA1,N,78,2629,1589,109,338,447,365,71,57,222,259,1260,629,401,331,0,0
DANTLAD01,1978,Adrian,Dantley,LAL,N,60,1775,1040,131,211,342,138,63,12,155,162,733,374,342,292,0,0
DAVISBR01,1978,Brad,Davis,TOT,N,27,298,78,1,16,17,52,16,2,17,32,55,31,23,16,0,0
DAVISBR01,1978,Brad,Davis,LAL,N,5,65,19,0,1,1,9,2,0,6,10,11,8,4,3,0,0
DAVISBR01,1978,Brad,Davis,IND,N,22,233,59,1,15,16,43,14,2,11,22,44,23,19,13,0,0
DAVISHA01,1978,Harry,Davis,CLE,N,40,394,162,27,39,66,16,13,8,23,66,153,66,43,30,0,0
DAVISJO01,1978,Johnny,Davis,IND,N,79,2971,1444,70,121,191,453,95,22,214,177,1240,565,396,314,0,0
DAVISWA03,1978,Walter,Davis,PHO,N,79,2437,1868,111,262,373,339,147,26,293,250,1362,764,409,340,0,0
DAWKIDA01,1978,Darryl,Dawkins,PHI,N,78,2035,1018,123,508,631,128,32,143,197,295,831,430,235,158,0,0
DIETRCO01,1978,Coby,Dietrick,SAS,N,76,1487,497,88,227,315,198,72,38,92,206,400,209,99,79,0,0
DORSEJA01,1978,Jacky,Dorsey,HOU,N,20,108,56,12,11,23,2,1,2,8,25,43,24,16,8,0,0
DOUGLLE01,1978,Leon,Douglas,DET,N,78,2215,892,248,416,664,74,39,55,190,319,698,342,328,208,0,0
DREWJO01,1978,John,Drew,ATL,N,79,2410,1795,225,297,522,119,128,16,211,332,1375,650,677,495,0,0
DUDLECH01,1978,Charles,Dudley,CHI,N,43,684,118,25,61,86,116,32,1,64,82,125,45,42,28,0,0
DUNLEMI01,1978,Mike,Dunleavy,HOU,N,74,1486,589,28,100,128,324,56,5,130,168,425,215,184,159,0,0
DUNNTR01,1978,T.r.,Dunn,POR,N,80,1828,614,145,199,344,103,86,23,93,166,549,246,158,122,0,0
EDWARJA01,1978,James,Edwards,IND,N,82,2546,1366,179,514,693,92,60,109,162,363,1065,534,441,298,0,0
ELLIOBO01,1978,Bob,Elliott,NJN,N,14,282,123,16,40,56,22,6,4,26,34,73,41,56,41,0,0
ELLISBO01,1978,Bo,Ellis,DEN,N,42,269,113,17,45,62,10,10,13,22,45,92,42,36,29,0,0
ELMORLE01,1978,Len,Elmore,IND,N,80,1264,334,115,287,402,75,62,79,73,183,342,139,78,56,0,0
ENGLIAL01,1978,Alex,English,IND,N,81,2696,1299,253,402,655,271,70,78,196,214,1102,563,230,173,0,0
EPPSRA01,1978,Ray,Epps,GSW,N,13,72,26,0,5,5,2,1,0,2,7,23,10,8,6,0,0
ERVINJU01,1978,Julius,Erving,PHI,N,78,2802,1803,198,366,564,357,133,100,315,207,1455,715,501,373,0,0
FORDCH01,1978,Chris,Ford,DET,N,3,108,33,9,9,18,5,1,1,10,9,35,13,8,7,0,0
FORDCH01,1978,Chris,Ford,BOS,N,78,2629,1215,115,141,256,369,114,24,200,200,1107,525,219,165,0,0
FORDCH01,1978,Chris,Ford,TOT,N,81,2737,1248,124,150,274,374,115,25,210,209,1142,538,227,172,0,0
FORDDO01,1978,Don,Ford,LAL,N,79,1540,528,83,185,268,101,51,25,93,177,450,228,89,72,0,0
FORDPH01,1978,Phil,Ford,KCK,N,79,2723,1260,33,149,182,681,174,6,323,245,1004,467,401,326,0,0
FORREBA01,1978,Bayard,Forrest,PHO,N,75,1243,298,110,205,315,167,29,37,107,151,272,118,115,62,0,0
FRAZIWA01,1978,Walt,Frazier,CLE,N,12,279,129,7,13,20,32,13,2,22,22,122,54,27,21,0,0
FREEWO01,1978,World,Free,SDC,N,78,2954,2244,127,174,301,340,111,35,297,253,1653,795,865,654,0,0
FURLOTE01,1978,Terry,Furlow,TOT,N,78,1686,939,76,91,167,184,58,30,134,122,804,388,195,163,0,0
FURLOTE01,1978,Terry,Furlow,ATL,N,29,576,286,32,39,71,81,18,13,47,42,235,113,70,60,0,0
FURLOTE01,1978,Terry,Furlow,CLE,N,49,1110,653,44,52,96,103,40,17,87,80,569,275,125,103,0,0
GALEMI01,1978,Mike,Gale,SAS,N,82,2121,659,40,146,186,374,152,40,153,192,612,284,108,91,0,0
GERARGU01,1978,Gus,Gerard,DET,N,2,6,3,1,0,1,0,2,0,0,0,3,1,2,1,0,0
GERARGU01,1978,Gus,Gerard,KCK,N,56,459,215,39,58,97,21,18,13,36,74,191,83,89,49,0,0
GERARGU01,1978,Gus,Gerard,TOT,N,58,465,218,40,58,98,21,20,13,36,74,194,84,91,50,0,0
GERVIGE01,1978,George,Gervin,SAS,N,80,2888,2365,142,258,400,219,137,91,286,275,1749,947,570,471,0,0
GIANEJO01,1978,John,Gianelli,MIL,N,82,2057,584,122,286,408,160,44,57,106,196,527,256,102,72,0,0
GILMOAR01,1978,Artis,Gilmore,CHI,N,82,3265,1940,293,750,1043,274,50,156,310,280,1310,753,587,434,0,0
GIVENJA01,1978,Jack,Givens,ATL,N,74,1347,570,98,116,214,83,72,17,75,121,564,234,135,102,0,0
GLENNMI01,1978,Mike,Glenn,NYK,N,75,1171,583,28,54,82,136,37,6,64,113,486,263,63,57,0,0
GONDRGL01,1978,Glen,Gondrezick,NYK,N,75,1602,377,147,277,424,106,98,18,95,226,326,161,97,55,0,0
GOODRGA01,1978,Gail,Goodrich,NOJ,N,74,2130,938,68,115,183,357,90,13,185,177,850,382,204,174,0,0
GREENMI01,1978,Mike,Green,SAS,N,76,1641,571,131,223,354,116,37,122,89,230,477,235,144,101,0,0
GREENRI01,1978,Rickey,Green,DET,N,27,431,179,15,25,40,63,25,1,44,37,177,67,67,45,0,0
GREENST01,1978,Steve,Green,IND,N,39,265,104,22,30,52,21,11,3,17,39,89,42,34,20,0,0
GREENTO01,1978,Tommy,Green,NOJ,N,59,809,232,20,48,68,140,61,6,89,111,237,92,63,48,0,0
GREVEKE01,1978,Kevin,Grevey,WA1,N,65,1856,1009,90,142,232,153,46,14,120,159,922,418,224,173,0,0
GRIFFPA01,1978,Paul,Griffin,NOJ,N,77,1398,303,126,265,391,138,54,36,117,198,223,106,147,91,0,0
GROSSBO01,1978,Bob,Gross,POR,N,53,1441,514,106,144,250,184,70,47,121,161,443,209,119,96,0,0
GRUNFER01,1978,Ernie,Grunfeld,MIL,N,82,1778,843,124,236,360,216,58,15,141,220,661,326,251,191,0,0
HANSELA01,1978,Lars,Hansen,SEA,N,15,205,76,22,37,59,14,1,1,9,28,57,29,31,18,0,0
HARDYJA01,1978,James,Hardy,NOJ,N,68,1456,453,121,189,310,65,52,61,93,133,426,196,88,61,0,0
HASSEJO01,1978,Joey,Hassett,SEA,N,55,463,223,13,32,45,42,14,4,32,58,211,100,23,23,0,0
HAWESST01,1978,Steve,Hawes,ATL,N,81,2205,852,190,401,591,184,79,47,145,264,756,372,132,108,0,0
HAWKIRO01,1978,Robert,Hawkins,DET,N,4,28,18,3,3,6,4,5,0,2,7,16,6,6,6,0,0
HAYESEL01,1978,Elvin,Hayes,WA1,N,82,3105,1789,312,682,994,143,75,190,235,308,1477,720,534,349,0,0
HAYWOSP01,1978,Spencer,Haywood,TOT,N,68,2361,1421,172,361,533,127,40,82,200,236,1205,595,292,231,0,0
HAYWOSP01,1978,Spencer,Haywood,NYK,N,34,1023,605,66,140,206,56,10,29,87,108,509,249,146,107,0,0
HAYWOSP01,1978,Spencer,Haywood,NOJ,N,34,1338,816,106,221,327,71,30,53,113,128,696,346,146,124,0,0
HEARDGA01,1978,Garfield,Heard,PHO,N,63,1213,395,98,253,351,60,53,57,60,141,367,162,103,71,0,0
HENDETO01,1978,Tom,Henderson,WA1,N,70,2081,754,51,112,163,419,87,10,148,123,641,299,195,156,0,0
HERROKE01,1978,Keith,Herron,ATL,N,14,81,40,4,6,10,3,6,2,5,11,48,14,13,12,0,0
HICKSPH01,1978,Phil,Hicks,DEN,N,20,128,39,13,15,28,8,5,0,13,20,43,18,5,3,0,0
HIGGSKE01,1978,Kenny,Higgs,CLE,N,68,1050,339,18,84,102,141,66,11,47,176,279,127,111,85,0,0
HILLAR01,1978,Armond,Hill,ATL,N,82,2527,838,41,123,164,480,102,16,202,292,682,296,288,246,0,0
HILLMDA01,1978,Darnell,Hillman,KCK,N,78,1618,547,138,293,431,91,50,66,134,288,428,211,224,125,0,0
HOLLAWI01,1978,Wilbur,Holland,CHI,N,82,2483,1031,78,176,254,330,122,12,185,240,940,445,176,141,0,0
HOLLIES01,1978,Essie,Hollis,DET,N,25,154,69,21,24,45,6,11,1,14,28,75,30,12,9,0,0
HOLLILI01,1978,Lionel,Hollins,POR,N,64,1967,976,32,117,149,325,114,24,223,199,886,402,221,172,0,0
HOWAROT01,1978,Otis,Howard,MIL,N,3,22,10,5,2,7,1,0,0,2,8,11,5,0,0,0,0
HOWAROT01,1978,Otis,Howard,DET,N,11,91,49,13,21,34,4,2,2,5,16,45,19,23,11,0,0
HOWAROT01,1978,Otis,Howard,TOT,N,14,113,59,18,23,41,5,2,2,7,24,56,24,23,11,0,0
HUDSOLO01,1978,Lou,Hudson,LAL,N,78,1686,768,64,76,140,141,58,17,99,133,636,329,124,110,0,0
HUGHEKI01,1978,Kim,Hughes,DEN,N,81,1086,214,112,223,335,74,56,102,78,215,182,98,45,18,0,0
ISSELDA01,1978,Dan,Issel,DEN,N,81,2742,1380,240,498,738,255,61,46,171,233,1030,532,419,316,0,0
JACKSPH01,1978,Phil,Jackson,NJN,N,59,1070,374,59,119,178,85,45,22,78,168,303,144,105,86,0,0
JAMESAA01,1978,Aaron,James,NOJ,N,73,1417,727,97,151,248,78,28,21,111,202,630,311,140,105,0,0
JOHNSCH01,1978,Charlie,Johnson,WA1,N,82,1819,751,70,132,202,177,95,6,87,161,786,342,79,67,0,0
JOHNSCL01,1978,Clemon,Johnson,POR,N,74,794,240,83,143,226,78,23,36,65,121,217,102,74,36,0,0
JOHNSDE01,1978,Dennis,Johnson,SEA,N,80,2717,1270,146,228,374,280,100,97,191,209,1110,482,392,306,0,0
JOHNSED02,1978,Eddie,Johnson,ATL,N,78,2413,1245,65,105,170,360,121,11,213,241,982,501,292,243,0,0
JOHNSGE01,1978,George,Johnson,NJN,N,78,2058,517,201,415,616,88,68,253,178,315,483,206,138,105,0,0
JOHNSGE03,1978,George,Johnson,MIL,N,67,1157,414,106,254,360,81,75,49,100,187,342,165,117,84,0,0
JOHNSJO01,1978,John,Johnson,SEA,N,82,2386,902,127,285,412,358,59,25,254,245,821,356,250,190,0,0
JOHNSMA02,1978,Marques,Johnson,MIL,N,77,2779,1972,212,374,586,234,116,89,170,186,1491,820,437,332,0,0
JOHNSMI01,1978,Mickey,Johnson,CHI,N,82,2594,1265,193,434,627,380,88,59,312,286,1105,496,329,273,0,0
JOHNSOL01,1978,Ollie,Johnson,CHI,N,71,1734,650,58,169,227,163,54,33,114,182,540,281,110,88,0,0
JONESBO01,1978,Bobby,Jones,PHI,N,80,2304,965,199,332,531,201,107,96,165,245,704,378,277,209,0,0
JONESCA01,1978,Caldwell,Jones,PHI,N,78,2171,725,177,570,747,151,39,157,156,303,637,302,162,121,0,0
JONESDW01,1978,Dwight,Jones,HOU,N,81,1215,458,110,218,328,57,34,26,102,204,395,181,132,96,0,0
JORDAED01,1978,Eddie,Jordan,NJN,N,82,2260,1015,74,141,215,365,201,40,244,209,960,401,274,213,0,0
JUDKIJE01,1978,Jeff,Judkins,BOS,N,81,1521,709,70,121,191,145,81,12,109,184,587,295,146,119,0,0
KELLERI01,1978,Rich,Kelley,NOJ,N,80,2705,1253,303,723,1026,285,126,166,288,309,870,440,458,373,0,0
KENONLA01,1978,Larry,Kenon,SAS,N,81,2947,1791,260,530,790,335,154,19,300,192,1484,748,349,295,0,0
KINGBE01,1978,Bernard,King,NJN,N,82,2859,1769,251,418,669,295,118,39,323,326,1359,710,619,349,0,0
KNIGHBI01,1978,Billy,Knight,IND,N,39,976,575,53,121,174,86,32,5,96,74,399,222,150,131,0,0
KNIGHBI01,1978,Billy,Knight,BOS,N,40,1119,556,41,132,173,66,31,3,129,86,436,219,146,118,0,0
KNIGHBI01,1978,Billy,Knight,TOT,N,79,2095,1131,94,253,347,152,63,8,225,160,835,441,296,249,0,0
KNIGHTO01,1978,Toby,Knight,NYK,N,82,2667,1363,201,347,548,124,61,60,163,309,1174,609,206,145,0,0
KRAMEJO01,1978,Joel,Kramer,PHO,N,82,1401,487,134,203,337,92,45,23,98,224,370,181,176,125,0,0
KUESTJO01,1978,John,Kuester,DEN,N,33,212,45,5,8,13,37,18,1,20,29,52,16,14,13,0,0
KUNNEKE01,1978,Kevin,Kunnert,SDC,N,81,1684,524,202,367,569,113,45,118,141,309,501,234,85,56,0,0
KUPCHMI01,1978,Mitch,Kupchak,WA1,N,66,1604,961,152,278,430,88,23,23,120,141,685,369,300,223,0,0
LACEYSA01,1978,Sam,Lacey,KCK,N,82,2627,867,179,523,702,430,106,141,245,309,697,350,226,167,0,0
LAGARTO01,1978,Tom,Lagarde,SEA,N,23,575,253,61,129,190,32,6,18,47,75,181,98,95,57,0,0
LAMBEJO01,1978,John,Lambert,CLE,N,70,1030,331,116,174,290,43,25,29,65,163,329,148,55,35,0,0
LANDSMA01,1978,Mark,Landsberger,CHI,N,80,1959,647,292,450,742,68,27,22,149,125,585,278,194,91,0,0
LANIEBO01,1978,Bob,Lanier,DET,N,53,1835,1253,164,330,494,140,50,75,175,181,950,489,367,275,0,0
LEEBU01,1978,Butch,Lee,ATL,N,49,997,376,11,48,59,169,56,1,96,88,313,144,117,88,0,0
LEEBU01,1978,Butch,Lee,CLE,N,33,782,379,22,45,67,126,30,0,58,58,321,146,113,87,0,0
LEEBU01,1978,Butch,Lee,TOT,N,82,1779,755,33,93,126,295,86,1,154,146,634,290,230,175,0,0
LEERO01,1978,Ron,Lee,TOT,N,60,1346,534,63,105,168,205,107,6,165,182,507,218,141,98,0,0
LEERO01,1978,Ron,Lee,PHO,N,43,948,420,42,71,113,132,69,4,116,138,383,173,104,74,0,0
LEERO01,1978,Ron,Lee,NOJ,N,17,398,114,21,34,55,73,38,2,49,44,124,45,37,24,0,0
LLOYDSC01,1978,Scott,Lloyd,SDC,N,5,31,0,1,2,3,0,1,0,8,6,2,0,0,0,0,0
LLOYDSC01,1978,Scott,Lloyd,CHI,N,67,465,111,48,45,93,32,9,8,43,86,120,42,47,27,0,0
LLOYDSC01,1978,Scott,Lloyd,TOT,N,72,496,111,49,47,96,32,10,8,51,92,122,42,47,27,0,0
LONGJO01,1978,John,Long,DET,N,82,2498,1319,127,139,266,121,102,19,137,224,1240,581,190,157,0,0
LUCASJO01,1978,John,Lucas,GSW,N,82,3095,1324,65,182,247,762,152,9,255,229,1146,530,321,264,0,0
LUCASMA01,1978,Maurice,Lucas,POR,N,69,2462,1406,192,524,716,215,66,81,233,254,1208,568,345,270,0,0
MALONMO01,1978,Moses,Malone,HOU,N,82,3390,2031,587,857,1444,147,79,119,326,223,1325,716,811,599,0,0
MARAVPE02,1978,Pete,Maravich,NOJ,N,49,1824,1105,33,88,121,243,60,18,200,104,1035,436,277,233,0,0
MAXWECE01,1978,Cedric,Maxwell,BOS,N,80,2969,1518,272,519,791,228,98,74,273,266,808,472,716,574,0,0
MAYSC01,1978,Scott,May,CHI,N,37,403,148,14,50,64,39,22,1,51,51,136,59,40,30,0,0
MCADOBO01,1978,Bob,Mcadoo,BOS,N,20,637,411,36,105,141,40,12,20,64,55,334,167,115,77,0,0
MCADOBO01,1978,Bob,Mcadoo,TOT,N,60,2231,1487,130,390,520,168,74,67,217,189,1127,596,450,295,0,0
MCADOBO01,1978,Bob,Mcadoo,NYK,N,40,1594,1076,94,285,379,128,62,47,153,134,793,429,335,218,0,0
MCCLATE01,1978,Ted,Mcclain,PHO,N,36,465,166,25,44,69,60,19,0,54,51,132,62,46,42,0,0
MCELRJI01,1978,Jim,Mcelroy,NOJ,N,79,2698,1337,61,154,215,453,148,49,237,183,1097,539,340,259,0,0
MCGINGE01,1978,George,Mcginnis,DEN,N,76,2552,1715,256,608,864,283,129,52,346,321,1273,603,765,509,0,0
MCKINBI01,1978,Billy,Mckinney,KCK,N,78,1242,609,20,65,85,253,58,3,124,121,477,240,162,129,0,0
MCMILJI01,1978,Jim,Mcmillian,POR,N,23,278,83,16,23,39,33,10,3,16,18,74,33,21,17,0,0
MCMILTO01,1978,Tom,Mcmillen,ATL,N,82,1392,570,131,201,332,69,15,32,87,211,498,232,119,106,0,0
MCNEILA01,1978,Larry,Mcneill,DET,N,11,46,29,3,7,10,3,0,0,4,7,20,9,12,11,0,0
MENGEJO01,1978,John,Mengelt,CHI,N,75,1705,826,25,93,118,187,46,4,120,148,689,338,182,150,0,0
MERIWJO01,1978,Joe,Meriweather,NOJ,N,36,640,219,62,122,184,31,17,41,45,105,187,84,78,51,0,0
MERIWJO01,1978,Joe,Meriweather,NYK,N,41,1053,391,81,144,225,48,23,53,85,178,313,158,109,75,0,0
MERIWJO01,1978,Joe,Meriweather,TOT,N,77,1693,610,143,266,409,79,40,94,130,283,500,242,187,126,0,0
MITCHMI01,1978,Mike,Mitchell,CLE,N,80,1576,855,127,202,329,60,51,29,102,215,706,362,178,131,0,0
MIXST01,1978,Steve,Mix,PHI,N,74,1269,691,109,184,293,121,57,16,100,112,493,265,201,161,0,0
MONEYER01,1978,Eric,Money,TOT,N,70,1979,1058,70,92,162,331,87,12,235,202,893,444,237,170,0,0
MONEYER01,1978,Eric,Money,NJN,N,47,1434,786,55,70,125,249,74,10,166,132,676,325,183,136,0,0
MONEYER01,1978,Eric,Money,PHI,N,23,545,272,15,22,37,82,13,2,69,70,217,119,54,34,0,0
MONROEA01,1978,Earl,Monroe,NYK,N,64,1393,787,26,48,74,189,48,6,98,123,699,329,154,129,0,0
MOSLEGL01,1978,Glenn,Mosley,SAS,N,26,221,85,27,37,64,19,8,10,20,35,75,31,38,23,0,0
MURPHCA01,1978,Calvin,Murphy,HOU,N,82,2941,1660,78,95,173,351,117,6,187,288,1424,707,265,246,0,0
NASHBO01,1978,Bob,Nash,KCK,N,82,1307,523,76,130,206,71,29,15,82,135,522,227,86,69,0,0
NATERSW01,1978,Swen,Nater,SDC,N,79,2006,846,218,483,701,140,38,29,170,244,627,357,165,132,0,0
NEALLL01,1978,Lloyd,Neal,POR,N,4,48,9,2,7,9,1,0,1,6,7,11,4,1,1,0,0
NEWLIMI01,1978,Mike,Newlin,HOU,N,76,1828,778,51,119,170,291,51,9,175,218,581,283,243,212,0,0
NIXONNO01,1978,Norm,Nixon,LAL,N,82,3145,1404,48,183,231,737,201,17,231,250,1149,623,204,158,0,0
NORMACO01,1978,Connie,Norman,SDC,N,22,323,161,13,19,32,24,10,3,22,35,165,71,23,19,0,0
OLBERMA01,1978,Mark,Olberding,SAS,N,80,1885,755,96,333,429,211,53,18,163,282,551,261,290,233,0,0
OLIVEJO01,1978,John,Olive,SDC,N,34,189,44,3,16,19,3,4,0,13,32,40,13,23,18,0,0
OWENSTO01,1978,Tom,Owens,POR,N,82,2791,1520,263,477,740,301,59,58,247,329,1095,600,403,320,0,0
PARISRO01,1978,Robert,Parish,GSW,N,76,2411,1304,265,651,916,115,100,217,233,303,1110,554,281,196,0,0
PARKESO01,1978,Sonny,Parker,GSW,N,79,2893,1199,164,280,444,291,144,33,193,187,1019,512,222,175,0,0
PAULTBI01,1978,Billy,Paultz,SAS,N,79,2122,912,169,456,625,178,35,125,157,204,758,399,194,114,0,0
PHEGLRO01,1978,Roger,Phegley,WA1,N,29,153,80,5,17,22,15,5,2,17,21,78,28,29,24,0,0
PIETKST01,1978,Stan,Pietkiewicz,SDC,N,4,32,4,0,6,6,3,1,0,1,5,8,1,2,2,0,0
POQUEBE01,1978,Ben,Poquette,DET,N,76,1337,507,99,237,336,57,38,98,65,198,464,198,142,111,0,0
PORTEKE01,1978,Kevin,Porter,DET,N,82,3064,1260,62,147,209,1099,158,5,337,302,1110,534,266,192,0,0
PRICEJI01,1978,Jim,Price,LAL,N,75,1207,397,26,97,123,218,66,12,100,128,344,171,79,55,0,0
RADFOWA01,1978,Wayne,Radford,IND,N,52,649,202,25,43,68,57,30,1,45,61,175,83,45,36,0,0
RAYCL01,1978,Clifford,Ray,GSW,N,82,1917,568,213,395,608,136,47,50,153,264,439,231,190,106,0,0
REDMOMA01,1978,Marlon,Redmond,PHI,N,4,23,2,0,1,1,1,0,0,1,3,12,1,0,0,0,0
REDMOMA01,1978,Marlon,Redmond,KCK,N,49,736,355,57,51,108,57,28,16,56,93,375,162,50,31,0,0
REDMOMA01,1978,Marlon,Redmond,TOT,N,53,759,357,57,52,109,58,28,16,57,96,387,163,50,31,0,0
REIDRO01,1978,Robert,Reid,HOU,N,82,2259,895,129,354,483,230,75,48,131,302,777,382,186,131,0,0
RESTAKE01,1978,Kevin,Restani,MIL,N,81,1598,575,141,244,385,122,30,27,96,155,529,262,73,51,0,0
RICHAMI01,1978,Michealray,Richardson,NYK,N,72,1218,469,78,155,233,213,100,18,141,188,483,200,128,69,0,0
ROBERAN01,1978,Anthony,Roberts,DEN,N,63,1236,498,106,152,258,107,20,2,65,142,498,211,110,76,0,0
ROBERTO01,1978,Tony,Robertson,GSW,N,12,74,36,6,4,10,4,8,0,8,10,40,15,9,6,0,0
ROBEYRI01,1978,Rick,Robey,IND,N,43,849,370,80,174,254,53,25,12,89,111,295,140,121,90,0,0
ROBEYRI01,1978,Rick,Robey,TOT,N,79,1763,818,168,345,513,132,48,15,164,232,673,322,224,174,0,0
ROBEYRI01,1978,Rick,Robey,BOS,N,36,914,448,88,171,259,79,23,3,75,121,378,182,103,84,0,0
ROBINBI01,1978,Bill,Robinzine,KCK,N,82,2179,1098,218,420,638,104,105,15,179,367,837,459,246,180,0,0
ROBINJA01,1978,Jackie,Robinson,SEA,N,12,105,46,9,10,19,13,5,1,11,9,41,19,15,8,0,0
ROBINTR01,1978,Truck,Robinson,PHO,N,26,756,417,56,169,225,39,17,12,90,76,333,169,123,79,0,0
ROBINTR01,1978,Truck,Robinson,NOJ,N,43,1781,1039,139,438,577,74,29,63,143,130,819,397,339,245,0,0
ROBINTR01,1978,Truck,Robinson,TOT,N,69,2537,1456,195,607,802,113,46,75,233,206,1152,566,462,324,0,0
ROBISDA01,1978,Dave,Robisch,LAL,N,80,1219,386,82,203,285,97,20,25,53,108,336,150,115,86,0,0
ROLLITR01,1978,Tree,Rollins,ATL,N,81,1900,683,219,369,588,49,46,254,87,328,555,297,141,89,0,0
ROUNDDA01,1978,Dan,Roundfield,ATL,N,80,2539,1224,326,539,865,131,87,176,209,358,916,462,420,300,0,0
ROWECU01,1978,Curtis,Rowe,BOS,N,53,1222,354,79,163,242,69,15,13,88,105,346,151,75,52,0,0
RUDDJO01,1978,John,Rudd,NYK,N,58,723,184,69,98,167,35,17,8,59,95,133,59,93,66,0,0
RUSSECA02,1978,Campy,Russell,CLE,N,74,2859,1623,147,356,503,348,98,25,259,222,1268,603,523,417,0,0
SANDEFR01,1978,Frankie,Sanders,BOS,N,24,216,132,22,29,51,17,7,3,23,25,119,55,27,22,0,0
SANDEFR01,1978,Frankie,Sanders,TOT,N,46,479,264,35,75,110,52,21,6,55,69,246,105,68,54,0,0
SANDEFR01,1978,Frankie,Sanders,SAS,N,22,263,132,13,46,59,35,14,3,32,44,127,50,41,32,0,0
SCOTTAL01,1978,Alvin,Scott,PHO,N,81,1737,544,104,256,360,126,80,62,99,139,396,212,168,120,0,0
SCOTTCH01,1978,Charlie,Scott,DEN,N,79,2617,947,54,156,210,428,78,30,255,284,854,393,215,161,0,0
SHELTLO01,1978,Lonnie,Shelton,SEA,N,76,2158,1023,182,286,468,110,76,75,188,266,859,446,189,131,0,0
SHEPPST01,1978,Steve,Sheppard,DET,N,20,76,32,9,10,19,4,3,1,4,10,25,12,15,8,0,0
SHEPPST01,1978,Steve,Sheppard,CHI,N,22,203,60,16,12,28,15,5,0,21,16,51,24,19,12,0,0
SHEPPST01,1978,Steve,Sheppard,TOT,N,42,279,92,25,22,47,19,8,1,25,26,76,36,34,20,0,0
SHORTPU01,1978,Purvis,Short,GSW,N,75,1703,795,127,220,347,97,54,12,111,233,771,369,85,57,0,0
SIKMAJA01,1978,Jack,Sikma,SEA,N,82,2958,1281,232,781,1013,261,82,67,253,295,1034,476,404,329,0,0
SILASJA01,1978,James,Silas,SAS,N,79,2171,1266,35,148,183,273,76,20,199,215,922,466,402,334,0,0
SILASPA01,1978,Paul,Silas,SEA,N,82,1957,456,259,316,575,115,31,19,98,177,402,170,194,116,0,0
SIMPSRA01,1978,Ralph,Simpson,NJN,N,32,527,222,19,42,61,68,12,4,53,30,237,87,71,48,0,0
SIMPSRA01,1978,Ralph,Simpson,TOT,N,69,979,424,35,61,96,126,37,5,100,57,433,174,111,76,0,0
SIMPSRA01,1978,Ralph,Simpson,PHI,N,37,452,202,16,19,35,58,25,1,47,27,196,87,40,28,0,0
SKINNAL01,1978,Al,Skinner,PHI,N,22,309,99,15,29,44,40,18,1,34,61,89,36,32,27,0,0
SKINNAL01,1978,Al,Skinner,TOT,N,45,643,281,27,59,86,89,40,3,72,114,214,91,114,99,0,0
SKINNAL01,1978,Al,Skinner,NJN,N,23,334,182,12,30,42,49,22,2,38,53,125,55,82,72,0,0
SMITHBI01,1978,Bingo,Smith,CLE,N,72,1650,805,77,129,206,121,43,7,75,188,784,361,106,83,0,0
SMITHEL01,1978,Elmore,Smith,CLE,N,24,332,156,45,61,106,13,7,16,42,60,130,69,26,18,0,0
SMITHPH01,1978,Phil,Smith,GSW,N,59,2288,1172,48,164,212,261,101,23,170,159,977,489,255,194,0,0
SMITHRA01,1978,Randy,Smith,SDC,N,82,3111,1678,102,193,295,395,177,5,255,177,1523,693,359,292,0,0
SMITHRO01,1978,Robert,Smith,DEN,N,82,1479,527,41,105,146,208,58,13,95,165,436,184,180,159,0,0
SMITHSA02,1978,Sam,Smith,MIL,N,16,125,56,0,9,9,16,8,7,8,12,47,19,24,18,0,0
SMITHWI01,1978,Willie,Smith,POR,N,13,131,58,7,6,13,17,10,1,14,19,44,23,17,12,0,0
SNYDEDI01,1978,Dick,Snyder,SEA,N,56,536,205,15,33,48,63,14,6,36,52,187,81,51,43,0,0
SOBERRI01,1978,Ricky,Sobers,IND,N,81,2825,1404,118,183,301,450,138,23,304,315,1194,553,338,298,0,0
STACOKE01,1978,Kevin,Stacom,TOT,N,68,831,300,30,55,85,112,29,1,80,47,342,128,60,44,0,0
STACOKE01,1978,Kevin,Stacom,BOS,N,24,260,117,10,14,24,35,15,0,26,18,133,52,19,13,0,0
STACOKE01,1978,Kevin,Stacom,IND,N,44,571,183,20,41,61,77,14,1,54,29,209,76,41,31,0,0
STEELLA01,1978,Larry,Steele,POR,N,72,1488,518,58,113,171,142,74,10,96,208,483,203,136,112,0,0
TATUMEA01,1978,Earl,Tatum,BOS,N,3,38,20,1,3,4,1,0,1,3,7,20,8,5,4,0,0
TATUMEA01,1978,Earl,Tatum,DET,N,76,1195,592,40,81,121,72,78,33,85,158,607,272,66,48,0,0
TATUMEA01,1978,Earl,Tatum,TOT,N,79,1233,612,41,84,125,73,78,34,88,165,627,280,71,52,0,0
TAYLOBR01,1978,Brian,Taylor,SDC,N,20,212,76,13,13,26,20,24,0,17,34,83,30,18,16,0,0
TERREIR01,1978,Ira,Terrell,POR,N,18,160,68,10,27,37,15,7,6,17,27,54,30,15,8,0,0
TERREIR01,1978,Ira,Terrell,TOT,N,49,732,221,44,102,146,41,22,28,53,100,198,93,53,35,0,0
TERREIR01,1978,Ira,Terrell,NOJ,N,31,572,153,34,75,109,26,15,22,36,73,144,63,38,27,0,0
THEUSRE01,1978,Reggie,Theus,CHI,N,82,2753,1338,92,136,228,429,93,18,303,270,1119,537,347,264,0,0
THOMPDA01,1978,David,Thompson,DEN,N,76,2670,1825,109,165,274,225,70,82,186,180,1353,693,583,439,0,0
THOMPMY01,1978,Mychal,Thompson,POR,N,73,2144,1074,198,406,604,176,67,134,205,270,938,460,269,154,0,0
TOMJARU01,1978,Rudy,Tomjanovich,HOU,N,74,2641,1408,170,402,572,137,44,18,138,186,1200,620,221,168,0,0
TOWNSRA01,1978,Raymond,Townsend,GSW,N,65,771,304,11,44,55,91,27,6,51,70,289,127,68,50,0,0
TWARDDA01,1978,Dave,Twardzik,POR,N,64,1570,667,39,80,119,176,84,4,127,185,381,203,299,261,0,0
TYLERTE01,1978,Terry,Tyler,DET,N,82,2560,1056,211,437,648,89,104,201,141,254,946,456,219,144,0,0
UNSELWE01,1978,Wes,Unseld,WA1,N,77,2406,843,274,556,830,315,71,37,156,204,600,346,235,151,0,0
VANBRJA01,1978,Jan,Vanbredakolff,NJN,N,80,1998,538,108,274,382,180,85,74,135,235,423,196,183,146,0,0
VANLINO01,1978,Norm,Vanlier,MIL,N,38,555,107,8,32,40,158,43,3,49,108,77,30,52,47,0,0
WAKEFAN01,1978,Andre,Wakefield,CHI,N,2,8,0,0,0,0,1,0,0,2,2,1,0,0,0,0,0
WAKEFAN01,1978,Andre,Wakefield,DET,N,71,578,172,25,51,76,69,19,2,71,68,176,62,69,48,0,0
WAKEFAN01,1978,Andre,Wakefield,TOT,N,73,586,172,25,51,76,70,19,2,73,70,177,62,69,48,0,0
WALKEFO01,1978,Foots,Walker,CLE,N,55,1753,553,59,139,198,321,130,18,127,153,448,208,175,137,0,0
WALKEWA01,1978,Wally,Walker,SEA,N,60,969,394,66,111,177,69,12,26,68,127,343,168,96,58,0,0
WALTOLL01,1978,Lloyd,Walton,MIL,N,75,1381,375,34,70,104,356,72,9,123,103,327,157,90,61,0,0
WASHIKE01,1978,Kermit,Washington,SDC,N,82,2764,927,296,504,800,125,85,121,185,317,623,350,330,227,0,0
WASHIRI01,1978,Richard,Washington,KCK,N,18,161,38,11,37,48,7,7,3,15,31,41,14,16,10,0,0
WASHIWI01,1978,Wilson,Washington,NJN,N,62,1139,502,88,206,294,47,31,67,98,186,434,218,104,66,0,0
WATTSSL01,1978,Slick,Watts,HOU,N,61,1046,225,35,68,103,243,73,14,71,143,227,92,67,41,0,0
WEATHNI01,1978,Nick,Weatherspoon,SDC,N,82,2642,1134,179,275,454,135,80,37,184,287,998,479,238,176,0,0
WEBSTMA01,1978,Marvin,Webster,NYK,N,60,2027,678,198,457,655,172,24,112,170,183,558,264,262,150,0,0
WEDMASC01,1978,Scott,Wedman,KCK,N,73,2498,1338,135,251,386,144,76,30,106,239,1050,561,271,216,0,0
WESTPPA01,1978,Paul,Westphal,PHO,N,81,2641,1941,35,124,159,529,111,26,232,159,1496,801,405,339,0,0
WHITEJE01,1978,Jerome,Whitehead,SDC,N,31,152,38,16,34,50,7,3,4,11,29,34,15,18,8,0,0
WHITEJO01,1978,Jojo,White,GSW,N,29,883,358,20,52,72,133,26,3,70,73,314,149,69,60,0,0
WHITEJO01,1978,Jojo,White,TOT,N,76,2338,947,42,158,200,347,80,7,212,173,910,404,158,139,0,0
WHITEJO01,1978,Jojo,White,BOS,N,47,1455,589,22,106,128,214,54,4,142,100,596,255,89,79,0,0
WICKSSI01,1978,Sidney,Wicks,SDC,N,79,2022,771,159,246,405,126,70,36,180,274,676,312,226,147,0,0
WILKEBO01,1978,Bob,Wilkerson,DEN,N,80,2425,911,100,314,414,284,118,21,196,190,869,396,173,119,0,0
WILKEJA01,1978,Jamaal,Wilkes,LAL,N,82,2915,1524,164,445,609,227,134,27,224,275,1242,626,362,272,0,0
WILLIEA01,1978,Earl,Williams,BOS,N,20,273,122,41,64,105,12,12,9,20,41,123,54,24,14,0,0
WILLIFR01,1978,Freeman,Williams,SDC,N,72,1195,746,48,50,98,83,42,2,99,88,683,335,98,76,0,0
WILLIGU01,1978,Gus,Williams,SEA,N,76,2266,1457,111,134,245,307,158,29,190,162,1224,606,316,245,0,0
WILLIJO02,1978,John,Williamson,NJN,N,74,2451,1643,53,143,196,255,89,12,233,215,1367,635,437,373,0,0
WILLINA01,1978,Nate,Williams,GSW,N,81,1299,670,68,139,207,61,55,5,93,169,567,284,117,102,0,0
WILLIRA01,1978,Ray,Williams,NYK,N,81,2370,1401,104,187,291,504,128,19,285,274,1257,575,313,251,0,0
WILSORI01,1978,Rick,Wilson,ATL,N,61,589,186,20,56,76,72,30,8,41,66,197,81,44,24,0,0
WINTEBR01,1978,Brian,Winters,MIL,N,79,2575,1561,48,129,177,383,83,40,257,243,1343,662,277,237,0,0
WRIGHLA01,1978,Larry,Wright,WA1,N,73,1658,677,48,92,140,298,69,13,119,166,589,276,168,125,0,0
ABDULKA01,1979,Kareem,Abdul-jabbar,LAL,N,82,3143,2034,190,696,886,371,81,280,297,216,1383,835,476,364,1,0
ABERNTO01,1979,Tom,Abernethy,GSW,N,67,1222,362,62,129,191,87,35,12,39,118,318,153,82,56,1,0
ADAMSAL01,1979,Alvan,Adams,PHO,N,75,2168,1118,158,451,609,322,108,55,218,237,875,465,236,188,2,0
ARCHINA01,1979,Nate,Archibald,BOS,N,80,2864,1131,59,138,197,671,106,10,242,218,794,383,435,361,18,4
AWTREDE01,1979,Dennis,Awtrey,CHI,N,26,560,86,29,86,115,40,12,15,27,66,60,27,50,32,0,0
BAILEGU01,1979,Gus,Bailey,WA1,N,20,180,38,6,22,28,26,7,4,11,18,35,16,13,5,1,1
BAILEJA01,1979,James,Bailey,SEA,N,67,726,312,71,126,197,28,21,54,79,116,271,122,101,68,0,0
BALLAGR01,1979,Greg,Ballard,WA1,N,82,2438,1277,240,398,638,159,90,36,133,197,1101,545,227,171,47,16
BANTOMI01,1979,Mike,Bantom,IND,N,77,2330,908,192,264,456,279,85,49,189,268,760,384,209,139,3,1
BARNEMA01,1979,Marvin,Barnes,SDC,N,20,287,64,34,43,77,18,5,12,18,52,60,24,32,16,0,0
BARRYRI01,1979,Rick,Barry,HOU,N,72,1816,866,53,183,236,268,80,28,152,182,771,325,153,143,221,73
BASSETI01,1979,Tim,Bassett,SAS,N,5,72,10,4,11,15,10,3,0,5,13,12,4,3,2,0,0
BASSETI01,1979,Tim,Bassett,TOT,N,12,164,34,11,22,33,14,8,0,9,27,34,12,15,10,0,0
BASSETI01,1979,Tim,Bassett,NJN,N,7,92,24,7,11,18,4,5,0,4,14,22,8,12,8,0,0
BATESBI01,1979,Billyray,Bates,POR,N,16,235,180,13,16,29,31,14,2,20,26,146,72,39,28,19,8
BEHAGRO01,1979,Ron,Behagen,WA1,N,6,64,23,6,8,14,7,0,4,4,14,23,9,6,5,0,0
BENSOKE01,1979,Kent,Benson,MIL,N,56,1389,492,96,237,333,127,54,74,106,178,431,213,97,66,1,0
BENSOKE01,1979,Kent,Benson,DET,N,17,502,206,30,90,120,51,19,18,51,68,187,86,44,33,4,1
BENSOKE01,1979,Kent,Benson,TOT,N,73,1891,698,126,327,453,178,73,92,157,246,618,299,141,99,5,1
BESHODE01,1979,Del,Beshore,CHI,N,68,869,244,16,47,63,139,58,5,104,105,250,88,87,58,26,10
BIBBYHE01,1979,Henry,Bibby,PHI,N,82,2035,739,65,143,208,307,62,6,147,161,626,251,286,226,52,11
BIRDLA01,1979,Larry,Bird,BOS,N,82,2955,1745,216,636,852,370,143,53,263,279,1463,693,360,301,143,58
BIRDSOT01,1979,Otis,Birdsong,KCK,N,82,2885,1858,170,161,331,202,136,22,179,226,1546,781,412,286,36,10
BOONERO01,1979,Ron,Boone,TOT,N,81,2392,1004,57,170,227,309,97,3,197,232,915,405,196,175,50,19
BOONERO01,1979,Ron,Boone,LAL,N,6,106,34,7,4,11,7,5,0,13,13,40,14,7,6,0,0
BOONERO01,1979,Ron,Boone,UTA,N,75,2286,970,50,166,216,302,92,3,184,219,875,391,189,169,50,19
BOSTOLA01,1979,Lawrence,Boston,WA1,N,13,125,56,19,20,39,2,4,2,8,25,52,24,13,8,0,0
BOSWETO01,1979,Tom,Boswell,DEN,N,18,522,203,40,74,114,46,5,8,39,56,135,72,70,58,2,1
BOSWETO01,1979,Tom,Boswell,UTA,N,61,1555,700,106,222,328,115,24,29,142,214,478,274,203,148,8,4
BOSWETO01,1979,Tom,Boswell,TOT,N,79,2077,903,146,296,442,161,29,37,181,270,613,346,273,206,10,5
BOYNEWI01,1979,Winford,Boynes,NJN,N,64,1102,546,51,82,133,95,59,19,96,132,467,221,136,104,4,0
BRADLAL01,1979,Alonzo,Bradley,HOU,N,22,96,41,2,4,6,3,3,0,8,9,48,17,9,6,1,1
BRADLDU01,1979,Dudley,Bradley,IND,N,82,2027,688,69,154,223,252,211,48,166,194,609,275,174,136,5,2
BRATZMI01,1979,Mike,Bratz,PHO,N,82,1589,700,50,117,167,223,93,9,135,165,687,269,162,141,86,21
BREWEJI01,1979,Jim,Brewer,POR,N,67,1016,194,101,156,257,75,42,43,47,129,184,90,29,14,5,0
BREWERO01,1979,Ron,Brewer,POR,N,82,2815,1286,54,160,214,216,98,48,167,154,1182,548,219,184,32,6
BRIDGJU01,1979,Junior,Bridgeman,MIL,N,81,2316,1423,104,197,301,237,94,20,172,216,1243,594,266,230,27,5
BRISTAL01,1979,Allan,Bristow,UTA,N,82,2304,953,170,342,512,341,88,6,179,211,785,377,243,197,7,2
BROWNFR01,1979,Fred,Brown,SEA,N,80,1701,960,35,120,155,174,65,17,105,117,843,404,135,113,88,39
BROWNJO01,1979,John,Brown,ATL,N,28,361,108,21,41,62,14,3,4,24,66,98,37,44,34,0,0
BROWNJO01,1979,John,Brown,TOT,N,32,385,112,26,45,71,18,3,4,29,70,105,37,48,38,0,0
BROWNJO01,1979,John,Brown,UTA,N,4,24,4,5,4,9,4,0,0,5,4,7,0,4,4,0,0
BROWNRO02,1979,Roger,Brown,CHI,N,4,37,2,2,8,10,1,0,3,0,4,3,1,0,0,0,0
BRYANJO01,1979,Joe,Bryant,SDC,N,81,2328,754,171,345,516,144,102,39,170,258,682,294,217,161,34,5
BUCKNQU01,1979,Quinn,Buckner,MIL,N,67,1690,719,69,169,238,383,135,4,149,202,655,306,143,105,5,2
BURLETO01,1979,Tom,Burleson,KCK,N,37,272,95,23,49,72,20,8,13,25,49,104,36,40,23,3,0
BUSEDO01,1979,Don,Buse,PHO,N,81,2499,626,70,163,233,320,132,10,91,111,589,261,128,85,79,19
BYRNEMA01,1979,Marty,Byrnes,LAL,N,32,194,63,9,18,27,13,5,1,22,32,50,25,15,13,0,0
CALHOCO01,1979,Corky,Calhoun,IND,N,7,30,8,7,3,10,0,2,0,1,6,9,4,2,0,0,0
CALVIMA01,1979,Mack,Calvin,UTA,N,48,772,306,13,71,84,134,27,0,57,72,227,100,117,105,11,1
CARRAU01,1979,Austin,Carr,CLE,N,77,1595,909,81,84,165,150,39,3,108,120,839,390,172,127,6,2
CARRIBO01,1979,Bob,Carrington,SDC,N,10,134,36,6,7,13,3,4,1,5,18,37,15,8,6,2,0
CARRKE01,1979,Kenny,Carr,CLE,N,74,1781,913,194,377,571,76,64,51,145,240,752,371,261,171,4,0
CARRKE01,1979,Kenny,Carr,LAL,N,5,57,16,5,12,17,1,2,1,9,6,16,7,2,2,0,0
CARRKE01,1979,Kenny,Carr,TOT,N,79,1838,929,199,389,588,77,66,52,154,246,768,378,263,173,4,0
CARRML01,1979,M.l.,Carr,BOS,N,82,1994,914,106,224,330,156,120,36,143,214,763,362,241,178,41,12
CARTERO01,1979,Ron,Carter,IND,N,13,117,32,5,14,19,9,2,3,10,19,37,15,7,2,0,0
CARTWBI01,1979,Bill,Cartwright,NYK,N,82,3150,1781,194,532,726,165,48,101,222,279,1215,665,566,451,0,0
CATCHHA01,1979,Harvey,Catchings,MIL,N,72,1366,233,164,246,410,82,23,162,68,191,244,97,62,39,1,0
CHANEDO01,1979,Don,Chaney,BOS,N,60,523,167,31,42,73,38,31,11,33,80,189,67,42,32,6,1
CHEEKMA01,1979,Maurice,Cheeks,PHI,N,79,2623,898,75,199,274,556,183,32,216,197,661,357,231,180,9,4
CHENIPH01,1979,Phil,Chenier,TOT,N,43,850,326,19,59,78,89,33,15,55,55,349,136,67,49,12,5
CHENIPH01,1979,Phil,Chenier,WA1,N,20,470,202,10,33,43,42,18,5,29,26,214,84,41,31,6,3
CHENIPH01,1979,Phil,Chenier,IND,N,23,380,124,9,26,35,47,15,10,26,29,135,52,26,18,6,2
CHONEJI01,1979,Jim,Chones,LAL,N,82,2394,869,143,421,564,151,56,65,175,271,760,372,169,125,2,0
CLEAMJI01,1979,Jim,Cleamons,NYK,N,22,254,75,10,9,19,40,13,2,17,13,69,30,15,12,8,3
CLEAMJI01,1979,Jim,Cleamons,WA1,N,57,1535,444,43,90,133,248,44,9,92,120,381,184,98,72,23,4
CLEAMJI01,1979,Jim,Cleamons,TOT,N,79,1789,519,53,99,152,288,57,11,109,133,450,214,113,84,31,7
COLLIDO01,1979,Doug,Collins,PHI,N,36,963,495,29,65,94,100,30,7,82,76,410,191,124,113,1,0
COOKJE01,1979,Jeff,Cook,PHO,N,66,904,362,90,151,241,84,28,18,71,102,275,129,129,104,3,0
COOPEMI01,1979,Michael,Cooper,LAL,N,82,1973,722,101,128,229,221,86,38,142,215,578,303,143,111,20,5
COOPEWA01,1979,Wayne,Cooper,GSW,N,79,1781,871,202,305,507,42,20,79,140,246,750,367,181,136,4,1
COPELHO01,1979,Hollis,Copeland,NYK,N,75,1142,427,70,86,156,80,61,25,84,154,368,182,86,63,2,0
CORZIDA01,1979,Dave,Corzine,WA1,N,78,826,225,104,166,270,63,9,31,60,120,216,90,68,45,0,0
COUGHJO01,1979,John,Coughran,GSW,N,24,160,68,2,17,19,12,7,1,13,24,81,29,14,8,9,2
COWENDA01,1979,Dave,Cowens,BOS,N,66,2159,940,126,408,534,206,69,61,108,216,932,422,122,95,12,1
CRISSCH01,1979,Charlie,Criss,ATL,N,81,1794,671,27,89,116,246,74,4,130,133,578,249,212,172,17,1
CROSBTE01,1979,Terry,Crosby,KCK,N,4,28,6,0,1,1,7,0,0,5,4,4,2,2,2,0,0
CUMMIPA01,1979,Pat,Cummings,MIL,N,71,900,468,81,157,238,53,22,17,74,141,370,187,123,94,0,0
DANDRBO01,1979,Bob,Dandridge,WA1,N,45,1457,783,63,183,246,178,29,36,123,112,729,329,152,123,11,2
DANTLAD01,1979,Adrian,Dantley,UTA,N,68,2674,1903,183,333,516,191,96,14,233,211,1267,730,526,443,2,0
DAVISBR01,1979,Brad,Davis,IND,N,5,43,7,0,2,2,5,3,0,3,7,7,2,4,3,0,0
DAVISBR01,1979,Brad,Davis,TOT,N,18,268,83,4,13,17,50,13,1,14,28,63,35,16,13,1,0
DAVISBR01,1979,Brad,Davis,UTA,N,13,225,76,4,11,15,45,10,1,11,21,56,33,12,10,1,0
DAVISHA01,1979,Harry,Davis,SAS,N,4,30,13,2,4,6,0,1,0,3,8,12,6,2,1,0,0
DAVISJO01,1979,Johnny,Davis,IND,N,82,2912,1300,102,124,226,440,110,23,202,178,1159,496,352,304,42,4
DAVISWA03,1979,Walter,Davis,PHO,N,75,2309,1613,75,197,272,337,114,19,242,202,1166,657,365,299,4,0
DAWKIDA01,1979,Darryl,Dawkins,PHI,N,80,2541,1178,197,496,693,149,49,142,230,328,946,494,291,190,6,0
DAWKIPA01,1979,Paul,Dawkins,UTA,N,57,776,316,42,83,125,77,33,9,76,112,300,141,48,33,5,1
DEANEGR01,1979,Greg,Deane,UTA,N,7,48,10,2,4,6,6,0,0,3,3,11,2,7,5,1,1
DEMICLA01,1979,Larry,Demic,NYK,N,82,1872,570,195,288,483,64,56,30,168,306,528,230,183,110,0,0
DIETRCO01,1979,Coby,Dietrick,CHI,N,79,1830,545,101,262,363,216,89,51,112,230,500,227,118,90,9,1
DOUGLLE01,1979,Leon,Douglas,DET,N,70,1782,567,171,330,501,121,30,62,127,249,455,221,185,125,1,0
DREWJO01,1979,John,Drew,ATL,N,80,2306,1559,203,268,471,101,91,23,240,313,1182,535,646,489,7,0
DUEROTE01,1979,Terry,Duerod,DET,N,67,1331,624,29,69,98,117,41,11,79,102,598,282,66,45,53,15
DUNLEMI01,1979,Mike,Dunleavy,HOU,N,51,1036,410,26,74,100,210,40,4,110,120,319,148,134,111,20,3
DUNNTR01,1979,T.r.,Dunn,POR,N,82,1841,564,132,192,324,147,102,31,91,145,551,240,111,84,3,0
EDWARJA01,1979,James,Edwards,IND,N,82,2314,1287,179,399,578,127,55,104,131,324,1032,528,339,231,1,0
ELLIOBO01,1979,Bob,Elliott,NJN,N,54,722,307,67,118,185,53,29,14,88,97,228,101,152,104,4,1
ELLISBO01,1979,Bo,Ellis,DEN,N,48,502,162,51,65,116,30,10,24,24,67,136,61,53,40,3,0
ELMORLE01,1979,Len,Elmore,KCK,N,58,915,259,74,183,257,64,41,39,67,154,242,104,74,51,0,0
ENGLIAL01,1979,Alex,English,DEN,N,24,875,512,102,123,225,82,28,29,90,78,427,207,126,96,3,2
ENGLIAL01,1979,Alex,English,IND,N,54,1526,806,167,213,380,142,45,33,124,128,686,346,140,114,3,0
ENGLIAL01,1979,Alex,English,TOT,N,78,2401,1318,269,336,605,224,73,62,214,206,1113,553,266,210,6,2
ERVINJU01,1979,Julius,Erving,PHI,N,78,2812,2100,215,361,576,355,170,140,284,208,1614,838,534,420,20,4
EVANSEA01,1979,Earl,Evans,DET,N,36,381,157,26,49,75,37,14,1,36,64,140,63,42,24,18,7
EVANSMI01,1979,Mike,Evans,SAS,N,79,1246,486,29,78,107,230,60,9,128,194,464,208,85,58,42,12
FERNSER01,1979,Eric,Fernsten,BOS,N,56,431,175,40,56,96,28,17,12,20,43,153,71,52,33,0,0
FORDCH01,1979,Chris,Ford,BOS,N,73,2115,816,77,104,181,215,111,27,105,178,709,330,114,86,164,70
FORDDO01,1979,Don,Ford,CLE,N,21,419,153,21,66,87,29,11,6,21,45,144,65,25,22,2,1
FORDDO01,1979,Don,Ford,TOT,N,73,999,308,44,141,185,65,22,21,51,131,274,131,53,45,3,1
FORDDO01,1979,Don,Ford,LAL,N,52,580,155,23,75,98,36,11,15,30,86,130,66,28,23,1,0
FORDPH01,1979,Phil,Ford,KCK,N,82,2621,1328,29,143,172,610,136,4,282,208,1058,489,423,346,23,4
FRAZIWA01,1979,Walt,Frazier,CLE,N,3,27,10,1,2,3,8,2,1,4,2,11,4,2,2,1,0
FREEWO01,1979,World,Free,SDC,N,68,2585,2055,129,109,238,283,81,32,228,195,1556,737,760,572,25,9
FURLOTE01,1979,Terry,Furlow,ATL,N,21,404,177,23,19,42,72,19,9,34,19,161,66,51,44,9,1
FURLOTE01,1979,Terry,Furlow,UTA,N,55,1718,878,47,105,152,221,54,14,129,79,765,364,145,127,73,23
FURLOTE01,1979,Terry,Furlow,TOT,N,76,2122,1055,70,124,194,293,73,23,163,98,926,430,196,171,82,24
GALEMI01,1979,Mike,Gale,SAS,N,67,1474,441,34,118,152,312,123,13,115,134,377,171,120,97,13,2
GARLAGA01,1979,Gary,Garland,DEN,N,78,1106,334,50,88,138,145,54,4,73,80,356,155,26,18,19,6
GERARGU01,1979,Gus,Gerard,KCK,N,73,869,385,77,100,177,43,41,26,49,96,348,159,100,66,3,1
GERVIGE01,1979,George,Gervin,SAS,N,78,2934,2585,154,249,403,202,110,79,254,208,1940,1024,593,505,102,32
GIANEJO01,1979,John,Gianelli,UTA,N,17,285,55,14,48,62,17,6,7,22,26,66,23,16,9,0,0
GILMOAR01,1979,Artis,Gilmore,CHI,N,48,1568,855,108,324,432,133,29,59,133,167,513,305,344,245,0,0
GIVENJA01,1979,Jack,Givens,ATL,N,82,1254,470,114,128,242,59,51,19,59,132,473,182,128,106,2,0
GLENNMI01,1979,Mike,Glenn,NYK,N,75,800,441,21,45,66,85,35,7,38,79,364,188,73,63,10,2
GONDRGL01,1979,Glen,Gondrezick,DEN,N,59,1020,390,107,152,259,81,68,16,58,119,286,148,121,92,6,2
GREENDA01,1979,David,Greenwood,CHI,N,82,2791,1334,223,550,773,182,60,129,210,313,1051,498,416,337,7,1
GREENMI01,1979,Mike,Green,KCK,N,21,459,162,35,78,113,28,13,21,36,55,159,69,42,24,2,0
GREVEKE01,1979,Kevin,Grevey,WA1,N,65,1818,912,80,107,187,177,56,16,102,158,804,331,249,216,92,34
GRIFFPA01,1979,Paul,Griffin,SAS,N,82,1812,520,154,284,438,250,81,53,131,306,313,173,240,174,0,0
GROSSBO01,1979,Bob,Gross,POR,N,62,1581,538,84,165,249,228,60,47,166,179,472,221,114,95,10,1
GRUNFER01,1979,Ernie,Grunfeld,KCK,N,80,1397,474,87,145,232,109,56,9,81,151,420,186,131,101,2,1
HAMILRO01,1979,Roylee,Hamilton,DET,N,72,1116,333,45,62,107,192,48,5,118,82,287,115,150,103,2,0
HARDYJA01,1979,James,Hardy,UTA,N,76,1600,420,124,275,399,104,47,87,105,207,363,184,66,51,2,1
HASSEJO01,1979,Joey,Hassett,IND,N,74,1135,523,35,59,94,104,46,8,45,85,509,215,29,24,198,69
HAWESST01,1979,Steve,Hawes,ATL,N,82,1853,761,148,348,496,144,74,29,121,205,605,304,182,150,8,3
HAYESEL01,1979,Elvin,Hayes,WA1,N,81,3183,1859,269,627,896,129,62,189,215,309,1677,761,478,334,13,3
HAYWOSP01,1979,Spencer,Haywood,LAL,N,76,1544,736,132,214,346,93,35,57,134,197,591,288,206,159,4,1
HEARDGA01,1979,Garfield,Heard,PHO,N,82,1403,406,118,262,380,97,84,49,88,177,410,171,86,64,2,0
HENDEGE01,1979,Gerald,Henderson,BOS,N,76,1061,473,37,46,83,147,45,15,109,96,382,191,129,89,6,2
HENDETO01,1979,Tom,Henderson,HOU,N,66,1551,364,34,77,111,274,55,4,102,107,323,154,77,56,2,0
HIGHJO01,1979,Johnny,High,PHO,N,82,1121,409,69,104,173,119,71,15,123,172,323,144,178,120,7,1
HILLAR01,1979,Armond,Hill,ATL,N,79,2092,479,31,107,138,424,107,8,171,261,431,177,146,124,4,1
HILLMDA01,1979,Darnell,Hillman,GSW,N,49,708,198,59,121,180,47,21,24,59,128,179,82,68,34,0,0
HOLLABR01,1979,Brad,Holland,LAL,N,38,197,106,4,13,17,22,15,1,13,24,104,44,16,15,15,3
HOLLILI01,1979,Lionel,Hollins,POR,N,20,413,199,5,15,20,50,30,1,60,35,213,82,53,34,10,1
HOLLILI01,1979,Lionel,Hollins,TOT,N,47,1209,528,29,60,89,162,76,10,128,103,526,212,140,101,20,3
HOLLILI01,1979,Lionel,Hollins,PHI,N,27,796,329,24,45,69,112,46,9,68,68,313,130,87,67,10,2
HUBBAPH01,1979,Phil,Hubbard,DET,N,64,1189,585,114,206,320,70,48,10,120,202,451,210,220,165,2,0
HUGHEKI01,1979,Kim,Hughes,DEN,N,70,1208,219,125,201,326,74,66,77,50,184,202,102,41,15,0,0
HUSTOGE01,1979,Geoff,Huston,NYK,N,71,923,219,14,44,58,159,39,5,73,83,241,94,38,28,17,3
ISSELDA01,1979,Dan,Issel,DEN,N,82,2938,1951,236,483,719,198,88,54,163,190,1416,715,667,517,12,4
JACKSPH01,1979,Phil,Jackson,NJN,N,16,194,65,12,12,24,12,5,4,9,35,46,29,10,7,2,0
JEELAAB01,1979,Abdul,Jeelani,POR,N,77,1286,737,114,156,270,95,40,40,117,155,565,288,204,161,6,0
JOHNSCL01,1979,Clemon,Johnson,IND,N,79,1541,472,145,249,394,115,48,121,78,211,396,199,117,74,0,0
JOHNSDE01,1979,Dennis,Johnson,SEA,N,81,2937,1540,173,241,414,332,144,82,227,267,1361,574,487,380,58,12
JOHNSED02,1979,Eddie,Johnson,ATL,N,79,2622,1465,95,105,200,370,120,24,189,216,1212,590,338,280,13,5
JOHNSGE01,1979,George,Johnson,NJN,N,81,2119,585,192,410,602,173,53,258,199,312,543,248,126,89,1,0
JOHNSGE03,1979,George,Johnson,DEN,N,75,1938,768,190,394,584,157,84,67,148,260,649,309,189,148,9,2
JOHNSJO01,1979,John,Johnson,SEA,N,81,2533,915,163,263,426,424,76,35,247,213,772,377,201,161,0,0
JOHNSLY01,1979,Lynbert,Johnson,GSW,N,9,53,27,0,14,14,2,1,0,4,11,30,12,5,3,0,0
JOHNSMA01,1979,Magic,Johnson,LAL,N,77,2795,1387,166,430,596,563,187,41,305,218,949,503,462,374,31,7
JOHNSMA02,1979,Marques,Johnson,MIL,N,77,2686,1671,217,349,566,273,100,70,185,173,1267,689,368,291,9,2
JOHNSMI01,1979,Mickey,Johnson,IND,N,82,2647,1566,258,423,681,344,153,112,286,291,1271,588,482,385,32,5
JOHNSOL01,1979,Ollie,Johnson,CHI,N,79,1535,607,50,113,163,161,59,24,96,165,527,262,93,82,11,1
JOHNSVI01,1979,Vinnie,Johnson,SEA,N,38,325,121,19,36,55,54,19,4,42,40,115,45,39,31,1,0
JONESBO01,1979,Bobby,Jones,PHI,N,81,2125,1053,152,298,450,146,102,118,146,223,748,398,329,257,3,0
JONESCA01,1979,Caldwell,Jones,PHI,N,80,2771,588,219,731,950,164,43,162,218,298,532,232,178,124,2,0
JONESDW01,1979,Dwight,Jones,HOU,N,21,278,127,31,41,72,11,4,5,20,48,119,50,36,27,0,0
JONESDW01,1979,Dwight,Jones,CHI,N,53,1170,533,83,213,296,90,24,37,102,159,387,207,165,119,0,0
JONESDW01,1979,Dwight,Jones,TOT,N,74,1448,660,114,254,368,101,28,42,122,207,506,257,201,146,0,0
JONESMA01,1979,Major,Jones,HOU,N,82,1545,438,147,234,381,67,50,67,112,186,392,188,108,61,3,1
JORDAED01,1979,Eddie,Jordan,NJN,N,82,2657,1087,62,208,270,557,223,27,258,238,1017,437,258,201,48,12
JUDKIJE01,1979,Jeff,Judkins,BOS,N,65,674,351,32,34,66,47,29,5,49,91,276,139,76,62,27,11
KELLERI01,1979,Rich,Kelley,PHO,N,23,373,133,44,74,118,50,28,17,46,58,85,43,60,47,0,0
KELLERI01,1979,Rich,Kelley,TOT,N,80,1839,702,200,315,515,178,78,96,198,273,484,229,310,244,3,0
KELLERI01,1979,Rich,Kelley,NJN,N,57,1466,569,156,241,397,128,50,79,152,215,399,186,250,197,3,0
KELSEGR01,1979,Greg,Kelser,DET,N,50,1231,709,124,152,276,108,60,34,140,176,593,280,203,146,15,3
KENONLA01,1979,Larry,Kenon,SAS,N,78,2798,1565,258,517,775,231,111,18,232,192,1333,647,345,270,9,1
KIFFIIR01,1979,Irv,Kiffin,SAS,N,26,212,82,12,28,40,19,10,2,30,43,96,32,25,18,0,0
KILPACA01,1979,Carl,Kilpatrick,UTA,N,2,6,3,1,3,4,0,0,0,0,1,2,1,2,1,0,0
KINGBE01,1979,Bernard,King,UTA,N,19,419,176,24,64,88,52,7,4,50,66,137,71,63,34,0,0
KINGRE01,1979,Reggie,King,KCK,N,82,2052,673,184,382,566,106,69,31,100,230,499,257,219,159,1,0
KNIGHBI01,1979,Billy,Knight,IND,N,75,1910,986,136,225,361,155,82,9,132,96,722,385,262,212,15,4
KNIGHTO01,1979,Toby,Knight,NYK,N,81,2945,1549,201,292,493,150,117,86,163,302,1265,669,261,211,2,0
KRAMEAR01,1979,Arvid,Kramer,DEN,N,8,45,16,6,6,12,3,0,5,5,8,22,7,2,2,0,0
KRAMEJO01,1979,Joel,Kramer,PHO,N,54,711,190,49,102,151,75,26,5,51,104,143,67,70,56,1,0
KUESTJO01,1979,John,Kuester,IND,N,24,100,29,3,11,14,16,7,1,5,8,34,12,7,5,1,0
KUNNEKE01,1979,Kevin,Kunnert,POR,N,18,302,126,37,75,112,29,7,22,41,59,114,50,43,26,0,0
KUPCHMI01,1979,Mitch,Kupchak,WA1,N,40,451,186,32,73,105,16,8,8,40,49,160,67,75,52,2,0
LACEYSA01,1979,Sam,Lacey,KCK,N,81,2412,743,172,473,645,460,111,109,211,307,677,303,185,137,1,0
LAGARTO01,1979,Tom,Lagarde,SEA,N,82,1164,382,127,185,312,91,19,34,97,206,306,146,137,90,0,0
LAMBEJO01,1979,John,Lambert,CLE,N,74,1324,403,138,214,352,56,47,42,64,203,400,165,101,73,3,0
LANDSMA01,1979,Mark,Landsberger,LAL,N,23,374,161,69,94,163,14,10,5,25,27,137,66,56,29,0,0
LANDSMA01,1979,Mark,Landsberger,CHI,N,54,1136,453,157,293,450,32,23,17,75,113,346,183,166,87,0,0
LANDSMA01,1979,Mark,Landsberger,TOT,N,77,1510,614,226,387,613,46,33,22,100,140,483,249,222,116,0,0
LANIEBO01,1979,Bob,Lanier,TOT,N,63,2131,1210,152,400,552,184,74,89,162,200,867,466,354,277,6,1
LANIEBO01,1979,Bob,Lanier,MIL,N,26,739,408,44,135,179,62,36,29,49,70,283,147,144,113,1,1
LANIEBO01,1979,Bob,Lanier,DET,N,37,1392,802,108,265,373,122,38,60,113,130,584,319,210,164,5,0
LEAVEAL01,1979,Allen,Leavell,HOU,N,77,2123,843,57,127,184,417,127,28,205,197,656,330,221,180,19,3
LEEBU01,1979,Butch,Lee,CLE,N,3,24,4,3,0,3,3,0,0,3,0,11,2,1,0,0,0
LEEBU01,1979,Butch,Lee,LAL,N,11,31,14,4,4,8,9,1,0,7,2,13,4,7,6,0,0
LEEBU01,1979,Butch,Lee,TOT,N,14,55,18,7,4,11,12,1,0,10,2,24,6,8,6,0,0
LEERO01,1979,Ron,Lee,TOT,N,61,1167,292,40,83,123,241,99,17,101,172,305,113,70,44,59,22
LEERO01,1979,Ron,Lee,DET,N,31,803,225,29,61,90,174,84,13,68,107,214,84,53,35,56,22
LEERO01,1979,Ron,Lee,ATL,N,30,364,67,11,22,33,67,15,4,33,65,91,29,17,9,3,0
LONGJO01,1979,John,Long,DET,N,69,2364,1337,152,185,337,206,129,26,206,221,1164,588,194,160,12,1
LUCASJO01,1979,John,Lucas,GSW,N,80,2763,1010,61,159,220,602,138,3,184,196,830,388,289,222,42,12
LUCASMA01,1979,Maurice,Lucas,NJN,N,22,708,335,58,154,212,83,19,27,70,82,261,128,102,79,4,0
LUCASMA01,1979,Maurice,Lucas,POR,N,41,1176,588,85,240,325,125,23,35,148,141,552,243,137,100,5,2
LUCASMA01,1979,Maurice,Lucas,TOT,N,63,1884,923,143,394,537,208,42,62,218,223,813,371,239,179,9,2
MACKOL01,1979,Ollie,Mack,TOT,N,50,681,234,32,39,71,53,24,3,35,50,199,98,51,38,5,0
MACKOL01,1979,Ollie,Mack,LAL,N,27,155,51,7,15,22,20,4,0,9,16,50,21,18,9,1,0
MACKOL01,1979,Ollie,Mack,CHI,N,23,526,183,25,24,49,33,20,3,26,34,149,77,33,29,4,0
MALONMO01,1979,Moses,Malone,HOU,N,82,3140,2119,573,617,1190,147,80,107,300,210,1549,778,783,563,6,0
MALOVST01,1979,Steve,Malovic,TOT,N,39,445,80,36,50,86,26,8,6,23,51,67,31,27,18,0,0
MALOVST01,1979,Steve,Malovic,WA1,N,1,6,1,0,0,0,0,1,0,0,0,0,0,4,1,0,0
MALOVST01,1979,Steve,Malovic,DET,N,10,162,26,9,19,28,14,2,5,9,16,25,8,14,10,0,0
MALOVST01,1979,Steve,Malovic,SDC,N,28,277,53,27,31,58,12,5,1,14,35,42,23,9,7,0,0
MARAVPE02,1979,Pete,Maravich,UTA,N,17,522,290,7,33,40,54,15,4,45,30,294,121,50,41,11,7
MARAVPE02,1979,Pete,Maravich,BOS,N,26,442,299,10,28,38,29,9,2,37,49,249,123,55,50,4,3
MARAVPE02,1979,Pete,Maravich,TOT,N,43,964,589,17,61,78,83,24,6,82,79,543,244,105,91,15,10
MAXWECE01,1979,Cedric,Maxwell,BOS,N,80,2744,1350,284,420,704,199,76,61,230,266,750,457,554,436,0,0
MAYSC01,1979,Scott,May,CHI,N,54,1298,672,78,140,218,104,45,5,77,126,587,264,172,144,4,0
MCADOBO01,1979,Bob,Mcadoo,DET,N,58,2097,1222,100,367,467,200,73,65,238,178,1025,492,322,235,24,3
MCELRJI01,1979,Jim,Mcelroy,ATL,N,31,516,171,20,29,49,65,21,5,43,45,171,66,53,37,7,2
MCELRJI01,1979,Jim,Mcelroy,TOT,N,67,1528,593,32,67,99,227,46,19,131,123,527,228,172,132,21,5
MCELRJI01,1979,Jim,Mcelroy,DET,N,36,1012,422,12,38,50,162,25,14,88,78,356,162,119,95,14,3
MCGINGE01,1979,George,Mcginnis,DEN,N,45,1424,703,134,328,462,221,69,17,188,187,584,268,307,166,7,1
MCGINGE01,1979,George,Mcginnis,TOT,N,73,2208,1072,222,477,699,333,101,23,281,303,886,400,488,270,15,2
MCGINGE01,1979,George,Mcginnis,IND,N,28,784,369,88,149,237,112,32,6,93,116,302,132,181,104,8,1
MCKINBI01,1979,Billy,Mckinney,KCK,N,76,1333,520,20,66,86,248,58,5,89,87,459,206,133,107,10,1
MCMILTO01,1979,Tom,Mcmillen,ATL,N,53,1071,463,70,150,220,62,36,14,64,126,382,191,107,81,1,0
MENGEJO01,1979,John,Mengelt,CHI,N,36,387,219,3,20,23,38,10,0,36,54,166,90,49,39,6,0
MERIWJO01,1979,Joe,Meriweather,NYK,N,65,1565,582,122,228,350,66,37,120,112,239,477,252,121,78,1,0
MEYERDA01,1979,Dave,Meyers,MIL,N,79,2204,955,140,308,448,225,72,40,182,218,830,399,246,156,5,1
MITCHMI01,1979,Mike,Mitchell,CLE,N,82,2802,1820,206,385,591,93,70,77,172,259,1482,775,343,270,6,0
MIXST01,1979,Steve,Mix,PHI,N,81,1543,937,114,176,290,149,67,9,132,114,703,363,249,207,10,4
MOKESPA01,1979,Paul,Mokeski,HOU,N,12,113,29,14,15,29,2,1,6,10,24,33,11,9,7,0,0
MONCRSI01,1979,Sidney,Moncrief,MIL,N,77,1557,654,154,184,338,133,72,16,117,106,451,211,292,232,1,0
MONEYER01,1979,Eric,Money,TOT,N,61,1549,629,31,73,104,254,53,11,155,146,546,273,106,83,0,0
MONEYER01,1979,Eric,Money,PHI,N,6,82,30,3,4,7,16,0,1,12,11,36,14,2,2,0,0
MONEYER01,1979,Eric,Money,DET,N,55,1467,599,28,69,97,238,53,10,143,135,510,259,104,81,0,0
MONROEA01,1979,Earl,Monroe,NYK,N,51,633,378,16,20,36,67,21,3,28,46,352,161,64,56,0,0
MURPHCA01,1979,Calvin,Murphy,HOU,N,76,2676,1520,68,82,150,299,143,9,162,269,1267,624,302,271,25,1
NATERSW01,1979,Swen,Nater,SDC,N,81,2860,1082,352,864,1216,233,45,37,257,259,799,443,273,196,2,0
NATTCA01,1979,Calvin,Natt,POR,N,25,811,511,66,112,178,57,24,12,65,57,419,201,139,107,4,2
NATTCA01,1979,Calvin,Natt,NJN,N,53,2046,1042,173,340,513,112,78,22,133,148,879,421,280,199,5,1
NATTCA01,1979,Calvin,Natt,TOT,N,78,2857,1553,239,452,691,169,102,34,198,205,1298,622,419,306,9,3
NEWLIMI01,1979,Mike,Newlin,NJN,N,78,2510,1634,101,163,264,314,115,4,231,195,1329,611,415,367,152,45
NIXONNO01,1979,Norm,Nixon,LAL,N,82,3226,1446,52,177,229,642,147,14,288,241,1209,624,253,197,8,1
NORRISY01,1979,Sylvester,Norris,SAS,N,17,189,40,10,33,43,6,3,12,19,41,43,18,6,4,0,0
OLBERMA01,1979,Mark,Olberding,SAS,N,75,2111,792,83,335,418,327,67,22,180,274,609,291,264,210,3,0
OLIVEJO01,1979,John,Olive,SDC,N,1,15,0,0,1,1,0,0,0,2,2,2,0,0,0,0,0
OWENSTO01,1979,Tom,Owens,POR,N,76,2337,1250,189,384,573,194,45,53,174,270,1008,518,283,213,2,1
PARISRO01,1979,Robert,Parish,GSW,N,72,2119,1223,247,536,783,122,58,115,225,248,1006,510,284,203,1,0
PARKESO01,1979,Sonny,Parker,GSW,N,82,2849,1203,166,298,464,254,173,32,163,195,988,483,302,237,2,0
PAULTBI01,1979,Billy,Paultz,HOU,N,37,980,319,92,173,265,70,22,39,57,86,292,138,82,43,0,0
PAULTBI01,1979,Billy,Paultz,TOT,N,84,2193,763,187,399,586,188,69,84,115,213,673,327,182,109,1,0
PAULTBI01,1979,Billy,Paultz,SAS,N,47,1213,444,95,226,321,118,47,45,58,127,381,189,100,66,1,0
PAXSOJI01,1979,Jim,Paxson,POR,N,72,1270,443,25,84,109,144,48,5,93,97,460,189,90,64,22,1
PECKWI01,1979,Wiley,Peck,SAS,N,52,628,180,66,117,183,33,17,23,48,100,169,73,55,34,2,0
PELLOSA01,1979,Sam,Pellom,ATL,N,44,373,109,28,64,92,18,12,12,18,70,108,44,30,21,0,0
PHEGLRO01,1979,Roger,Phegley,NJN,N,28,541,327,26,44,70,32,15,4,49,52,260,126,83,73,4,2
PHEGLRO01,1979,Roger,Phegley,WA1,N,50,971,554,49,66,115,70,19,3,70,106,473,224,120,104,5,2
PHEGLRO01,1979,Roger,Phegley,TOT,N,78,1512,881,75,110,185,102,34,7,119,158,733,350,203,177,9,4
PIETKST01,1979,Stan,Pietkiewicz,SDC,N,50,577,228,26,19,45,94,25,4,51,52,179,91,46,37,36,9
POQUEBE01,1979,Ben,Poquette,UTA,N,82,2349,731,124,436,560,131,45,162,103,283,566,296,167,139,2,0
PORTEKE01,1979,Kevin,Porter,WA1,N,70,1494,512,25,57,82,457,59,11,164,180,438,201,137,110,4,0
RAYCL01,1979,Clifford,Ray,GSW,N,81,1683,490,122,344,466,183,51,32,155,266,383,203,149,84,2,0
REDMOMA01,1979,Marlon,Redmond,KCK,N,24,298,142,18,34,52,19,4,9,19,27,138,59,34,24,9,0
REIDRO01,1979,Robert,Reid,HOU,N,76,2304,991,140,301,441,244,132,57,164,281,861,419,208,153,3,0
RESTAKE01,1979,Kevin,Restani,SAS,N,82,1966,874,142,244,386,189,54,12,129,186,727,369,161,131,29,5
RICHACL01,1979,Clint,Richardson,PHI,N,52,988,347,55,68,123,107,24,15,64,97,348,159,45,28,3,1
RICHAMI01,1979,Michealray,Richardson,NYK,N,82,3060,1254,151,388,539,832,265,35,359,260,1063,502,338,223,110,27
ROBERAN01,1979,Anthony,Roberts,DEN,N,23,486,177,54,55,109,20,13,3,28,52,181,69,60,39,1,0
ROBEYRI01,1979,Rick,Robey,BOS,N,82,1918,942,209,321,530,92,53,15,151,244,727,379,269,184,1,0
ROBINBI01,1979,Bill,Robinzine,KCK,N,81,1917,925,184,342,526,62,106,23,148,311,723,362,274,200,2,1
ROBINCL01,1979,Cliff,Robinson,NJN,N,70,1661,951,174,332,506,98,61,34,137,178,833,391,242,168,4,1
ROBINJA01,1979,Jackie,Robinson,DET,N,7,51,27,3,2,5,0,3,3,2,8,17,9,11,9,1,0
ROBINTR01,1979,Truck,Robinson,PHO,N,82,2710,1415,213,557,770,142,58,59,251,262,1064,545,487,325,0,0
ROBISDA01,1979,Dave,Robisch,CLE,N,82,2670,1255,225,433,658,192,53,53,138,211,940,489,329,277,3,0
ROCHEJO01,1979,John,Roche,DEN,N,82,2286,932,24,91,115,405,82,12,159,139,741,354,202,175,129,49
ROLLITR01,1979,Tree,Rollins,ATL,N,82,2123,731,283,491,774,76,54,244,99,322,514,287,220,157,0,0
ROUNDDA01,1979,Dan,Roundfield,ATL,N,81,2588,1334,293,544,837,184,101,139,233,317,1007,502,465,330,4,0
RUSSECA02,1979,Campy,Russell,CLE,N,41,1331,747,76,149,225,173,72,20,148,113,630,284,239,178,9,1
SCOTTAL01,1979,Alvin,Scott,PHO,N,79,1303,350,89,139,228,98,47,53,92,101,301,127,122,95,3,1
SCOTTCH01,1979,Charlie,Scott,DEN,N,69,1860,639,51,115,166,250,47,23,163,197,688,276,118,85,11,2
SHELTLO01,1979,Lonnie,Shelton,SEA,N,76,2243,1035,199,383,582,145,92,79,169,292,802,425,241,184,5,1
SHORTPU01,1979,Purvis,Short,GSW,N,62,1636,1056,119,197,316,123,63,9,122,186,916,461,165,134,6,0
SHUMAJO01,1979,John,Shumate,DET,N,9,228,87,18,52,70,9,9,5,14,16,65,35,25,17,0,0
SHUMAJO01,1979,John,Shumate,TOT,N,65,1337,579,108,255,363,84,40,45,91,126,392,207,216,165,1,0
SHUMAJO01,1979,John,Shumate,HOU,N,29,332,101,25,54,79,23,8,9,27,39,64,34,44,33,0,0
SHUMAJO01,1979,John,Shumate,SAS,N,27,777,391,65,149,214,52,23,31,50,71,263,138,147,115,1,0
SIKMAJA01,1979,Jack,Sikma,SEA,N,82,2793,1175,198,710,908,279,68,77,202,232,989,470,292,235,1,0
SILASJA01,1979,James,Silas,SAS,N,77,2293,1365,45,122,167,347,61,14,192,206,999,513,382,339,4,0
SILASPA01,1979,Paul,Silas,SEA,N,82,1595,315,204,232,436,66,25,5,83,120,299,113,136,89,0,0
SIMPSRA01,1979,Ralph,Simpson,NJN,N,8,81,41,6,5,11,14,9,0,12,3,47,18,10,5,2,0
SKINNAL01,1979,Al,Skinner,PHI,N,2,10,2,0,0,0,2,0,0,2,1,2,1,0,0,0,0
SMITHBI01,1979,Bingo,Smith,CLE,N,8,135,74,2,12,14,7,3,2,9,21,72,33,8,7,5,1
SMITHBI01,1979,Bingo,Smith,SDC,N,70,1988,819,92,153,245,93,59,15,72,188,819,352,107,93,76,22
SMITHBI01,1979,Bingo,Smith,TOT,N,78,2123,893,94,165,259,100,62,17,81,209,891,385,115,100,81,23
SMITHPH01,1979,Phil,Smith,GSW,N,51,1552,792,28,118,146,187,62,15,121,154,685,325,171,135,22,7
SMITHRA01,1979,Randy,Smith,CLE,N,82,2677,1441,93,163,256,363,125,7,200,190,1326,599,283,233,53,10
SMITHRO01,1979,Robert,Smith,UTA,N,6,73,15,3,0,3,7,4,0,1,3,15,5,5,5,0,0
SMITHRO01,1979,Robert,Smith,TOT,N,65,809,324,20,59,79,92,26,4,53,105,269,118,92,80,26,8
SMITHRO01,1979,Robert,Smith,NJN,N,59,736,309,17,59,76,85,22,4,52,102,254,113,87,75,26,8
SMITHSA02,1979,Sam,Smith,CHI,N,30,496,259,22,32,54,42,25,7,33,54,230,97,63,57,35,8
SMITHWI01,1979,Willie,Smith,CLE,N,62,1051,299,56,65,121,259,75,1,95,110,315,121,52,40,71,17
SOBERRI01,1979,Ricky,Sobers,CHI,N,82,2673,1161,75,167,242,426,136,17,282,294,1002,470,239,200,68,21
SPANAJI01,1979,Jim,Spanarkel,PHI,N,40,442,198,27,27,54,51,12,6,57,58,153,72,65,54,2,0
STEELLA01,1979,Larry,Steele,POR,N,16,446,146,13,32,45,67,25,1,33,53,146,62,27,22,4,0
TATUMEA01,1979,Earl,Tatum,CLE,N,33,225,85,11,15,26,20,16,5,17,29,94,36,19,11,6,2
TAYLOBR01,1979,Brian,Taylor,SDC,N,78,2754,1056,76,112,188,335,147,25,141,246,895,418,162,130,239,90
THEUSRE01,1979,Reggie,Theus,CHI,N,82,3029,1660,143,186,329,515,114,20,348,262,1172,566,597,500,105,28
THOMPDA01,1979,David,Thompson,DEN,N,39,1239,839,56,118,174,124,39,38,116,106,617,289,335,254,19,7
TOMJARU01,1979,Rudy,Tomjanovich,HOU,N,62,1834,880,132,226,358,109,32,10,98,161,778,370,147,118,79,22
TOONEBE01,1979,Bernard,Toone,PHI,N,23,124,55,12,22,34,12,4,5,16,20,64,23,10,8,7,1
TOWNSRA01,1979,Raymond,Townsend,GSW,N,75,1159,406,33,56,89,116,60,4,65,113,421,171,84,60,26,4
TWARDDA01,1979,Dave,Twardzik,POR,N,67,1594,567,52,104,156,273,77,1,131,149,394,183,252,197,7,4
TYLERTE01,1979,Terry,Tyler,DET,N,82,2672,1005,228,399,627,129,107,220,175,237,925,430,187,143,12,2
UNSELWE01,1979,Wes,Unseld,WA1,N,82,2973,794,334,760,1094,366,65,61,153,249,637,327,209,139,2,1
VANBRJA01,1979,Jan,Vanbredakolff,NJN,N,82,2399,561,103,326,429,247,100,76,158,307,458,212,155,130,20,7
WAKEFAN01,1979,Andre,Wakefield,UTA,N,8,47,15,0,4,4,3,1,0,8,13,15,6,3,3,0,0
WALKEFO01,1979,Foots,Walker,CLE,N,76,2422,712,78,209,287,607,155,12,157,202,568,258,243,195,9,1
WALKEWA01,1979,Wally,Walker,SEA,N,70,844,326,64,106,170,53,21,4,50,102,274,139,64,48,0,0
WALTOBI01,1979,Bill,Walton,SDC,N,14,337,194,28,98,126,34,8,38,37,37,161,81,54,32,0,0
WALTOLL01,1979,Lloyd,Walton,MIL,N,76,1243,270,33,58,91,285,43,2,112,68,242,110,71,49,3,1
WASHIKE01,1979,Kermit,Washington,POR,N,80,2657,1073,325,517,842,167,73,131,170,307,761,421,360,231,3,0
WASHIRI01,1979,Richard,Washington,MIL,N,75,1092,440,95,181,276,55,26,48,63,166,421,197,76,46,0,0
WEATHNI01,1979,Nick,Weatherspoon,SDC,N,57,1124,391,83,125,208,54,34,17,86,136,378,164,91,63,0,0
WEBSTMA01,1979,Marvin,Webster,NYK,N,20,298,88,28,52,80,9,3,11,20,39,79,38,16,12,0,0
WEDMASC01,1979,Scott,Wedman,KCK,N,68,2347,1290,114,272,386,145,84,45,112,230,1112,569,181,145,22,7
WESTPPA01,1979,Paul,Westphal,PHO,N,82,2665,1792,46,141,187,416,119,35,207,162,1317,692,443,382,93,26
WHITEJE01,1979,Jerome,Whitehead,SDC,N,18,225,59,29,41,70,6,1,6,8,32,45,27,18,5,0,0
WHITEJE01,1979,Jerome,Whitehead,UTA,N,32,328,67,27,70,97,18,7,11,28,65,69,31,17,5,0,0
WHITEJE01,1979,Jerome,Whitehead,TOT,N,50,553,126,56,111,167,24,8,17,36,97,114,58,35,10,0,0
WHITEJO01,1979,Jojo,White,GSW,N,78,2052,770,42,139,181,239,88,13,157,186,706,336,114,97,6,1
WHITERU01,1979,Rudy,White,HOU,N,9,106,36,0,9,9,5,5,0,8,8,24,13,13,10,0,0
WICKSSI01,1979,Sidney,Wicks,SDC,N,71,2146,503,138,271,409,213,76,52,167,241,496,210,152,83,1,0
WILKEBO01,1979,Bob,Wilkerson,DEN,N,75,2381,1033,85,231,316,243,93,27,193,194,1030,430,222,166,34,7
WILKEJA01,1979,Jamaal,Wilkes,LAL,N,82,3111,1644,176,349,525,250,129,28,157,220,1358,726,234,189,17,3
WILLIDO01,1979,Don,Williams,UTA,N,77,1794,506,21,85,106,183,100,11,107,166,519,232,60,42,12,0
WILLIFR01,1979,Freeman,Williams,SDC,N,82,2118,1526,103,89,192,166,72,9,171,145,1343,645,238,194,128,42
WILLIGU01,1979,Gus,Williams,SEA,N,82,2969,1816,127,148,275,397,200,37,181,160,1533,739,420,331,36,7
WILLIJO02,1979,John,Williamson,WA1,N,30,603,349,14,31,45,39,10,10,49,66,356,153,50,40,16,3
WILLIJO02,1979,John,Williamson,TOT,N,58,1374,845,38,61,99,126,36,19,92,137,817,359,138,116,35,11
WILLIJO02,1979,John,Williamson,NJN,N,28,771,496,24,30,54,87,26,9,43,71,461,206,88,76,19,8
WILLIRA01,1979,Ray,Williams,NYK,N,82,2582,1714,149,263,412,512,167,24,256,295,1384,687,423,333,37,7
WILLISL01,1979,Sly,Williams,NYK,N,57,556,266,65,56,121,36,19,8,49,73,267,104,90,58,4,0
WILLOBI01,1979,Bill,Willoughby,CLE,N,78,1447,535,122,207,329,72,32,62,68,189,457,219,127,96,9,1
WILSORI01,1979,Rick,Wilson,ATL,N,5,59,8,2,1,3,11,4,1,8,3,14,2,6,4,0,0
WILSOTH01,1979,Thomas,Wilson,GSW,N,16,143,17,6,10,16,12,2,0,8,11,25,7,6,3,0,0
WINTEBR01,1979,Brian,Winters,MIL,N,80,2623,1292,48,175,223,362,101,28,186,208,1116,535,214,184,102,38
WRIGHLA01,1979,Larry,Wright,WA1,N,76,1286,558,40,82,122,222,49,18,108,144,500,229,108,96,16,4
ZENOTO01,1979,Tony,Zeno,IND,N,8,59,14,3,11,14,1,4,3,9,13,21,6,2,2,0,0
ABDULKA01,1980,Kareem,Abdul-jabbar,LAL,N,80,2976,2095,197,624,821,272,59,228,249,244,1457,836,552,423,1,0
ABERNTO01,1980,Tom,Abernethy,TOT,N,39,298,63,20,28,48,19,7,3,8,34,59,25,22,13,1,0
ABERNTO01,1980,Tom,Abernethy,GSW,N,10,39,4,1,7,8,1,1,0,2,5,3,1,3,2,0,0
ABERNTO01,1980,Tom,Abernethy,IND,N,29,259,59,19,21,40,18,6,3,6,29,56,24,19,11,1,0
ADAMSAL01,1980,Alvan,Adams,PHO,N,75,2054,1115,157,389,546,344,106,69,226,226,870,458,259,199,0,0
ALLUMDA01,1980,Darrell,Allums,DAL,N,22,276,59,19,46,65,25,5,8,23,51,67,23,22,13,1,0
ARCHINA01,1980,Nate,Archibald,BOS,N,80,2820,1106,36,140,176,618,75,18,265,201,766,382,419,342,9,0
AWTREDE01,1980,Dennis,Awtrey,SEA,N,47,607,102,33,75,108,54,12,8,33,85,93,44,20,14,0,0
BAILEJA01,1980,James,Bailey,SEA,N,82,2539,1145,192,415,607,98,74,143,219,332,889,444,361,256,2,1
BALLAGR01,1980,Greg,Ballard,WA1,N,82,2610,1271,167,413,580,195,118,39,117,194,1186,549,196,166,32,7
BANTOMI01,1980,Mike,Bantom,IND,N,76,2375,1061,150,277,427,240,80,85,197,284,882,431,281,199,6,0
BATESBI01,1980,Billyray,Bates,POR,N,77,1560,1062,71,86,157,196,82,6,149,120,902,439,199,170,54,14
BENNEME01,1980,Mel,Bennett,UTA,N,28,313,105,33,60,93,15,3,11,31,56,60,26,81,53,2,0
BENSOKE01,1980,Kent,Benson,DET,N,59,1956,924,124,276,400,172,72,67,190,184,770,364,254,196,4,0
BIBBYHE01,1980,Henry,Bibby,SDC,N,73,1112,335,25,49,74,200,47,2,76,85,306,118,98,67,95,32
BIRDLA01,1980,Larry,Bird,BOS,N,82,3239,1741,191,704,895,451,161,63,289,239,1503,719,328,283,74,20
BIRDSOT01,1980,Otis,Birdsong,KCK,N,71,2593,1747,119,139,258,233,93,18,173,172,1306,710,455,317,35,10
BLACKNO01,1980,Norman,Black,DET,N,3,28,8,0,2,2,2,1,0,1,2,10,3,8,2,0,0
BOONERO01,1980,Ron,Boone,UTA,N,52,1146,406,17,67,84,161,33,8,111,126,371,160,94,75,39,11
BOYNEWI01,1980,Winford,Boynes,DAL,N,44,757,287,24,51,75,37,23,16,69,79,313,121,55,45,0,0
BRADLDU01,1980,Dudley,Bradley,IND,N,82,1867,657,70,123,193,188,186,37,122,236,559,265,178,125,16,2
BRATZMI01,1980,Mike,Bratz,CLE,N,80,2595,802,66,132,198,452,136,17,162,194,817,319,132,107,169,57
BREWEJI01,1980,Jim,Brewer,LAL,N,78,1107,217,127,154,281,55,43,58,48,158,197,101,40,15,2,0
BREWERO01,1980,Ron,Brewer,POR,N,29,548,217,13,20,33,55,34,9,38,42,246,95,34,26,3,1
BREWERO01,1980,Ron,Brewer,SAS,N,46,904,425,21,32,53,93,27,25,54,53,385,180,80,65,4,0
BREWERO01,1980,Ron,Brewer,TOT,N,75,1452,642,34,52,86,148,61,34,92,95,631,275,114,91,7,1
BRIDGJU01,1980,Junior,Bridgeman,MIL,N,77,2215,1290,78,211,289,234,88,28,150,182,1102,537,241,213,21,3
BRISTAL01,1980,Allan,Bristow,UTA,N,82,2001,713,103,327,430,383,63,3,171,190,611,271,198,166,18,5
BRITTDA01,1980,David,Britton,WA1,N,2,9,4,0,2,2,3,1,0,2,2,3,2,0,0,0,0
BROOKMI01,1980,Michael,Brooks,SDC,N,82,2479,1202,210,232,442,208,99,31,163,234,1018,488,320,226,6,0
BROWNFR01,1980,Fred,Brown,SEA,N,78,1986,1206,53,122,175,233,88,13,131,141,1035,505,208,173,64,23
BROWNLE02,1980,Lewis,Brown,WA1,N,2,5,2,1,1,2,0,0,0,1,2,3,0,5,2,0,0
BROWNRI01,1980,Rickey,Brown,GSW,N,45,580,182,52,114,166,21,9,14,31,103,162,83,21,16,0,0
BRYANJO01,1980,Joe,Bryant,SDC,N,82,2359,953,146,294,440,189,72,34,176,264,791,379,244,193,15,2
BUCKNQU01,1980,Quinn,Buckner,MIL,N,82,2384,1092,88,210,298,384,197,3,236,271,956,471,203,149,6,1
BURLETO01,1980,Tom,Burleson,ATL,N,31,363,102,44,50,94,12,8,19,24,73,99,41,41,20,0,0
BUSEDO01,1980,Don,Buse,IND,N,58,1095,297,19,65,84,140,74,8,38,61,287,114,65,50,58,19
BYRNEMA01,1980,Marty,Byrnes,DAL,N,72,1360,561,74,103,177,113,29,17,61,126,451,216,157,120,20,9
CALVIMA01,1980,Mack,Calvin,CLE,N,21,128,52,2,10,12,28,5,0,17,13,39,13,35,25,5,1
CARRAU01,1980,Austin,Carr,TOT,N,47,657,208,22,39,61,58,15,2,41,53,234,87,54,34,7,0
CARRAU01,1980,Austin,Carr,DAL,N,8,77,16,4,5,9,9,1,0,9,10,28,7,4,2,0,0
CARRAU01,1980,Austin,Carr,WA1,N,39,580,192,18,34,52,49,14,2,32,43,206,80,50,32,7,0
CARRKE01,1980,Kenny,Carr,CLE,N,81,2615,1230,260,575,835,192,76,42,231,296,918,469,409,292,4,0
CARRML01,1980,M.l.,Carr,BOS,N,41,655,248,26,57,83,56,30,18,47,74,216,97,67,53,14,1
CARROJO01,1980,Joebarry,Carroll,GSW,N,82,2919,1547,274,485,759,117,50,121,243,313,1254,616,440,315,2,0
CARTEBU01,1980,Butch,Carter,LAL,N,54,672,301,34,31,65,52,23,1,50,99,247,114,95,70,10,3
CARTERE01,1980,Reggie,Carter,NYK,N,60,536,169,30,39,69,76,22,2,38,68,179,59,69,51,3,0
CARTWBI01,1980,Bill,Cartwright,NYK,N,82,2925,1646,161,452,613,111,48,83,200,259,1118,619,518,408,1,0
CATCHHA01,1980,Harvey,Catchings,MIL,N,77,1635,327,154,319,473,99,33,184,105,284,300,134,92,59,0,0
CHEEKMA01,1980,Maurice,Cheeks,PHI,N,81,2415,763,67,178,245,560,193,39,174,231,581,310,178,140,8,3
CHENIPH01,1980,Phil,Chenier,GSW,N,9,82,29,1,7,8,7,0,0,4,10,33,11,6,6,3,1
CHONEJI01,1980,Jim,Chones,LAL,N,82,2562,882,180,477,657,153,39,96,159,324,751,378,193,126,4,0
COLLIAR01,1980,Art,Collins,ATL,N,29,395,94,19,22,41,25,11,1,32,35,99,35,36,24,2,0
COLLIDO01,1980,Doug,Collins,PHI,N,12,329,148,6,23,29,42,7,4,22,23,126,62,29,24,0,0
COLLIDO02,1980,Don,Collins,WA1,N,34,661,334,33,48,81,75,35,14,67,93,281,130,110,74,3,0
COLLIDO02,1980,Don,Collins,ATL,N,47,1184,597,96,91,187,115,69,11,107,166,530,230,162,137,3,0
COLLIDO02,1980,Don,Collins,TOT,N,81,1845,931,129,139,268,190,104,25,174,259,811,360,272,211,6,0
COOKDA01,1980,Darwin,Cook,NJN,N,81,1980,904,96,140,236,297,141,36,176,197,819,383,180,132,25,6
COOKJE01,1980,Jeff,Cook,PHO,N,79,2192,672,170,297,467,201,82,54,146,236,616,286,155,100,5,0
COOPEMI01,1980,Michael,Cooper,LAL,N,81,2625,763,121,215,336,332,133,78,164,249,654,321,149,117,19,4
COOPEWA01,1980,Wayne,Cooper,UTA,N,71,1420,489,166,274,440,52,18,51,77,219,471,213,90,62,3,1
CORZIDA01,1980,Dave,Corzine,SAS,N,82,1960,857,228,408,636,117,42,99,131,212,747,366,175,125,3,0
CRISSCH01,1980,Charlie,Criss,ATL,N,66,1708,626,26,74,100,283,61,3,134,87,485,220,214,185,21,1
CROMPJE01,1980,Jeffrey,Crompton,POR,N,6,33,9,7,11,18,2,0,2,5,4,8,4,5,1,0,0
CUMMIPA01,1980,Pat,Cummings,MIL,N,74,1084,595,97,195,292,62,31,19,114,192,460,248,140,99,2,0
CURETEA01,1980,Earl,Cureton,PHI,N,52,528,219,51,104,155,25,20,23,29,68,205,93,64,33,1,0
DANDRBO01,1980,Bob,Dandridge,WA1,N,23,545,230,19,64,83,60,16,9,33,54,237,101,39,28,1,0
DANTLAD01,1980,Adrian,Dantley,UTA,N,80,3417,2452,192,317,509,322,109,18,282,245,1627,909,784,632,7,2
DAVISBR01,1980,Brad,Davis,DAL,N,56,1686,626,29,122,151,385,52,11,123,156,410,230,204,163,17,3
DAVISJO01,1980,Johnny,Davis,IND,N,76,2536,1094,56,114,170,480,95,14,167,179,917,426,299,238,33,4
DAVISMO01,1980,Monti,Davis,DAL,N,1,8,1,2,1,3,0,0,1,0,0,4,0,5,1,0,0
DAVISMO01,1980,Monti,Davis,TOT,N,2,10,3,2,2,4,0,0,1,0,0,5,1,5,1,0,0
DAVISMO01,1980,Monti,Davis,PHI,N,1,2,2,0,1,1,0,0,0,0,0,1,1,0,0,0,0
DAVISRO01,1980,Ron,Davis,SDC,N,64,817,374,47,72,119,47,36,11,61,98,314,139,158,94,8,2
DAVISWA03,1980,Walter,Davis,PHO,N,78,2182,1402,63,137,200,302,97,12,222,192,1101,593,250,209,17,7
DAWKIDA01,1980,Darryl,Dawkins,PHI,N,76,2088,1065,106,439,545,109,38,112,220,316,697,423,304,219,0,0
DEMICLA01,1980,Larry,Demic,NYK,N,76,964,314,114,129,243,28,12,13,58,153,254,128,92,58,2,0
DIETRCO01,1980,Coby,Dietrick,CHI,N,82,1243,371,79,186,265,118,48,53,88,176,320,146,111,77,6,2
DONALJA01,1980,James,Donaldson,SEA,N,68,980,359,107,202,309,42,8,74,68,79,238,129,170,101,0,0
DORSEJA01,1980,Jacky,Dorsey,SEA,N,29,253,53,23,65,88,9,9,1,14,47,70,20,25,13,0,0
DOUGLLE01,1980,Leon,Douglas,KCK,N,79,1356,472,150,234,384,69,25,38,90,251,323,185,186,102,0,0
DREWJO01,1980,John,Drew,ATL,N,67,2075,1454,145,238,383,79,98,15,194,264,1096,500,577,454,7,0
DREWLA01,1980,Larry,Drew,DET,N,76,1581,504,24,96,120,249,88,7,166,125,484,197,133,106,17,4
DROLLRA01,1980,Ralph,Drollinger,DAL,N,6,67,15,5,14,19,14,1,2,13,16,14,7,4,1,0,0
DUEROTE01,1980,Terry,Duerod,DAL,N,18,337,168,15,24,39,30,12,4,25,19,161,74,27,18,6,2
DUEROTE01,1980,Terry,Duerod,BOS,N,32,114,79,2,3,5,6,5,0,10,8,73,30,14,13,10,6
DUEROTE01,1980,Terry,Duerod,TOT,N,50,451,247,17,27,44,36,17,4,35,27,234,104,41,31,16,8
DUNLEMI01,1980,Mike,Dunleavy,HOU,N,74,1609,777,28,90,118,268,64,2,137,165,632,310,186,156,16,1
DUNNTR01,1980,T.r.,Dunn,DEN,N,82,1427,371,133,168,301,81,66,29,56,141,354,146,121,79,2,0
DURENJO01,1980,John,Duren,UTA,N,40,458,71,8,27,35,54,18,2,37,54,101,33,9,5,1,0
EDWARJA01,1980,James,Edwards,IND,N,81,2375,1266,191,380,571,212,32,128,164,304,1004,511,347,244,3,0
ELLIOBO01,1980,Bob,Elliott,NJN,N,73,1320,550,104,157,261,129,34,16,119,175,419,214,202,121,2,1
ELMORLE01,1980,Len,Elmore,MIL,N,72,925,206,68,140,208,69,37,52,44,178,212,76,75,54,0,0
ENGLIAL01,1980,Alex,English,DEN,N,81,3093,1929,273,373,646,290,106,100,241,255,1555,768,459,390,5,3
ERVINJU01,1980,Julius,Erving,PHI,N,82,2874,2014,244,413,657,364,173,147,266,233,1524,794,536,422,18,4
EVANSMI01,1980,Mike,Evans,MIL,N,71,911,320,22,65,87,167,34,4,72,114,291,134,64,50,14,2
FERNSER01,1980,Eric,Fernsten,BOS,N,45,279,96,29,33,62,10,6,7,20,29,79,38,30,20,0,0
FORDCH01,1980,Chris,Ford,BOS,N,82,2723,728,72,91,163,295,100,23,127,212,707,314,87,64,109,36
FORDDO01,1980,Don,Ford,CLE,N,64,996,222,74,90,164,84,15,12,49,100,224,100,24,22,3,0
FORDPH01,1980,Phil,Ford,KCK,N,66,2287,1153,26,102,128,580,99,6,241,190,887,424,354,294,36,11
FREEWO01,1980,World,Free,GSW,N,65,2370,1565,48,111,159,361,85,11,195,183,1157,516,649,528,31,5
FULLETO01,1980,Tony,Fuller,DET,N,15,248,60,13,29,42,28,10,1,23,25,66,24,16,12,1,0
GALEMI01,1980,Mike,Gale,TOT,N,77,1112,371,16,83,99,169,94,7,77,117,309,157,68,55,7,2
GALEMI01,1980,Mike,Gale,POR,N,42,476,179,9,38,47,70,39,5,38,61,145,71,42,36,4,1
GALEMI01,1980,Mike,Gale,SAS,N,35,636,192,7,45,52,99,55,2,39,56,164,86,26,19,3,1
GARRECA01,1980,Calvin,Garrett,HOU,N,70,1638,427,85,179,264,132,50,10,90,167,415,188,62,50,3,1
GERARGU01,1980,Gus,Gerard,KCK,N,16,123,57,13,16,29,6,3,6,7,24,51,19,29,19,3,0
GERARGU01,1980,Gus,Gerard,SAS,N,11,129,52,17,21,38,9,7,3,8,17,60,22,11,8,1,0
GERARGU01,1980,Gus,Gerard,TOT,N,27,252,109,30,37,67,15,10,9,15,41,111,41,40,27,4,0
GERVIGE01,1980,George,Gervin,SAS,N,82,2765,2221,126,293,419,260,94,56,251,212,1729,850,620,512,35,9
GILMOAR01,1980,Artis,Gilmore,CHI,N,82,2832,1469,220,608,828,172,47,198,236,295,816,547,532,375,0,0
GLENNMI01,1980,Mike,Glenn,NYK,N,82,1506,672,27,61,88,108,72,5,62,126,511,285,110,98,11,4
GMINSMI01,1980,Mike,Gminski,NJN,N,56,1579,737,137,282,419,72,54,100,128,127,688,291,202,155,1,0
GONDRGL01,1980,Glen,Gondrezick,DEN,N,73,1077,422,136,171,307,83,91,20,69,185,329,155,137,112,2,0
GREENDA01,1980,David,Greenwood,CHI,N,82,2710,1179,243,481,724,218,77,124,192,282,989,481,290,217,2,0
GREENRI01,1980,Rickey,Green,UTA,N,47,1307,422,30,86,116,235,75,1,83,123,366,176,97,70,1,0
GREVEKE01,1980,Kevin,Grevey,WA1,N,75,2616,1289,67,152,219,300,68,17,144,161,1103,500,290,244,136,45
GRIFFDA01,1980,Darrell,Griffith,UTA,N,81,2867,1671,79,209,288,194,106,40,231,219,1544,716,320,229,52,10
GRIFFPA01,1980,Paul,Griffin,SAS,N,82,1930,502,184,321,505,249,77,38,132,207,325,166,253,170,0,0
GROSSBO01,1980,Bob,Gross,POR,N,82,1934,641,126,202,328,251,90,67,151,238,479,253,159,135,9,0
GRUNFER01,1980,Ernie,Grunfeld,KCK,N,79,1584,595,31,175,206,205,60,15,88,155,486,260,101,75,0,0
HAMILRO01,1980,Roylee,Hamilton,POR,N,1,5,3,2,1,3,0,0,0,1,1,3,1,2,1,0,0
HANZLBI01,1980,Bill,Hanzlik,SEA,N,74,1259,396,67,86,153,111,58,20,84,168,289,138,150,119,5,1
HARDYAL01,1980,Alan,Hardy,LAL,N,22,111,51,8,11,19,3,1,9,11,13,59,22,10,7,0,0
HARDYJA01,1980,James,Hardy,UTA,N,23,509,115,39,94,133,36,21,20,23,58,111,52,20,11,0,0
HARPEMI01,1980,Mike,Harper,POR,N,55,461,149,28,65,93,17,23,20,32,73,136,56,85,37,3,0
HASSEJO01,1980,Joey,Hassett,TOT,N,41,714,356,24,44,68,74,13,2,22,65,340,143,21,17,156,53
HASSEJO01,1980,Joey,Hassett,DAL,N,17,280,138,11,14,25,18,5,0,11,21,142,59,13,10,40,10
HASSEJO01,1980,Joey,Hassett,GSW,N,24,434,218,13,30,43,56,8,2,11,44,198,84,8,7,116,43
HAWESST01,1980,Steve,Hawes,ATL,N,74,2309,889,165,396,561,168,73,32,161,289,637,333,278,222,4,1
HAYESEL01,1980,Elvin,Hayes,WA1,N,81,2931,1439,235,554,789,98,68,171,189,300,1296,584,439,271,10,0
HEARDGA01,1980,Garfield,Heard,SDC,N,78,1631,377,120,228,348,122,104,72,81,196,396,149,101,79,7,0
HENDEGE01,1980,Gerald,Henderson,BOS,N,82,1608,636,43,89,132,213,79,12,160,177,579,261,157,113,16,1
HENDETO01,1980,Tom,Henderson,HOU,N,66,1411,352,30,74,104,307,53,4,93,111,332,137,95,78,3,0
HERROKE01,1980,Keith,Herron,DET,N,80,2270,1094,98,113,211,148,91,26,153,154,954,432,267,228,11,2
HIGGSKE01,1980,Kenny,Higgs,DEN,N,72,1689,562,24,121,145,408,101,6,166,243,474,209,172,140,34,4
HIGHJO01,1980,Johnny,High,PHO,N,81,1750,677,89,139,228,202,129,26,188,251,576,246,264,183,24,2
HILLAR01,1980,Armond,Hill,ATL,N,24,624,120,10,41,51,118,26,3,58,60,116,39,50,42,1,0
HILLAR01,1980,Armond,Hill,SEA,N,51,1114,255,31,77,108,174,40,8,69,147,219,78,122,99,6,0
HILLAR01,1980,Armond,Hill,TOT,N,75,1738,375,41,118,159,292,66,11,127,207,335,117,172,141,7,0
HOLLABR01,1980,Brad,Holland,LAL,N,41,295,130,9,20,29,23,21,1,31,44,111,47,49,35,3,1
HOLLILI01,1980,Lionel,Hollins,PHI,N,82,2154,781,47,144,191,352,104,18,207,205,696,327,171,125,15,2
HORDGCE01,1980,Cedrick,Hordges,DEN,N,68,1599,572,120,338,458,104,33,19,120,226,480,221,186,130,3,0
HUBBAPH01,1980,Phil,Hubbard,DET,N,80,2289,1161,236,350,586,150,80,20,229,317,880,433,426,294,3,1
HUGHEKI01,1980,Kim,Hughes,TOT,N,53,490,55,48,79,127,35,28,35,44,106,70,27,2,1,0,0
HUGHEKI01,1980,Kim,Hughes,CLE,N,45,331,32,29,48,77,24,17,21,33,73,45,16,0,0,0,0
HUGHEKI01,1980,Kim,Hughes,DEN,N,8,159,23,19,31,50,11,11,14,11,33,25,11,2,1,0,0
HUSTOGE01,1980,Geoff,Huston,CLE,N,25,542,174,12,27,39,117,13,1,31,35,153,76,27,22,1,0
HUSTOGE01,1980,Geoff,Huston,DAL,N,56,1892,899,33,66,99,277,45,6,148,113,789,385,185,128,4,1
HUSTOGE01,1980,Geoff,Huston,TOT,N,81,2434,1073,45,93,138,394,58,7,179,148,942,461,212,150,5,1
ISSELDA01,1980,Dan,Issel,DEN,N,80,2641,1749,229,447,676,158,83,53,130,249,1220,614,684,519,12,2
JACKSTO02,1980,Tony,Jackson,LAL,N,2,14,2,0,2,2,2,2,0,0,1,3,1,0,0,0,0
JEELAAB01,1980,Abdul,Jeelani,DAL,N,66,1108,553,83,147,230,65,44,31,87,123,440,187,220,179,1,0
JOHNSCL01,1980,Clemon,Johnson,IND,N,81,1643,582,173,295,468,144,44,119,121,185,466,235,189,112,1,0
JOHNSDE01,1980,Dennis,Johnson,PHO,N,79,2615,1486,160,203,363,291,136,61,208,244,1220,532,501,411,51,11
JOHNSED02,1980,Eddie,Johnson,ATL,N,75,2693,1431,60,119,179,407,126,11,197,188,1136,573,356,279,20,6
JOHNSGE01,1980,George,Johnson,SAS,N,82,1935,408,215,387,602,92,47,278,110,273,347,164,109,80,0,0
JOHNSGE03,1980,George,Johnson,IND,N,43,930,457,99,179,278,86,47,23,85,120,394,182,122,93,5,0
JOHNSJO01,1980,John,Johnson,SEA,N,80,2324,919,135,227,362,312,57,25,230,202,866,373,214,173,1,0
JOHNSLE01,1980,Lee,Johnson,DET,N,2,10,0,0,2,2,0,0,0,0,1,2,0,0,0,0,0
JOHNSLE01,1980,Lee,Johnson,TOT,N,12,90,17,6,16,22,1,0,5,7,18,25,7,5,3,0,0
JOHNSLE01,1980,Lee,Johnson,HOU,N,10,80,17,6,14,20,1,0,5,7,17,23,7,5,3,0,0
JOHNSMA01,1980,Magic,Johnson,LAL,N,37,1371,798,101,219,320,317,127,27,143,100,587,312,225,171,17,3
JOHNSMA02,1980,Marques,Johnson,MIL,N,76,2542,1541,225,293,518,346,115,41,190,196,1153,636,381,269,9,0
JOHNSMI01,1980,Mickey,Johnson,MIL,N,82,2118,1023,183,362,545,286,94,71,230,256,846,379,332,262,18,3
JOHNSOL01,1980,Ollie,Johnson,PHI,N,40,372,202,8,47,55,30,20,2,25,45,158,87,31,27,6,1
JOHNSRE01,1980,Reggie,Johnson,SAS,N,79,1716,808,132,226,358,78,45,48,130,283,682,340,193,128,1,0
JOHNSVI01,1980,Vinnie,Johnson,SEA,N,81,2311,1053,193,173,366,341,78,20,216,198,785,419,270,214,5,1
JONESBO01,1980,Bobby,Jones,PHI,N,81,2046,1096,142,293,435,226,95,74,149,226,755,407,347,282,3,0
JONESCA01,1980,Caldwell,Jones,PHI,N,81,2639,584,200,613,813,122,53,134,168,271,485,218,193,148,0,0
JONESDW01,1980,Dwight,Jones,CHI,N,81,1574,615,127,274,401,99,40,36,126,200,507,245,161,125,0,0
JONESED02,1980,Edgar,Jones,NJN,N,60,950,524,92,171,263,43,36,81,101,185,357,189,218,146,4,0
JONESMA01,1980,Major,Jones,HOU,N,68,1003,298,96,138,234,41,18,23,57,112,252,117,101,64,1,0
JORDAED01,1980,Eddie,Jordan,NJN,N,14,239,87,5,13,18,46,24,1,23,29,73,30,32,24,10,3
JORDAED01,1980,Eddie,Jordan,LAL,N,60,987,306,25,55,80,195,74,7,120,136,279,120,95,63,12,3
JORDAED01,1980,Eddie,Jordan,TOT,N,74,1226,393,30,68,98,241,98,8,143,165,352,150,127,87,22,6
JORDAWA01,1980,Walter,Jordan,CLE,N,30,207,68,23,19,42,11,11,5,17,35,75,29,17,10,0,0
JUDKIJE01,1980,Jeff,Judkins,UTA,N,62,666,238,29,64,93,59,16,2,30,84,216,92,51,45,28,9
KEACL01,1980,Clarence,Kea,DAL,N,16,199,117,28,39,67,5,6,1,16,44,81,37,62,43,1,0
KELLERI01,1980,Rich,Kelley,PHO,N,81,1686,567,131,310,441,282,79,63,209,210,387,196,231,175,2,0
KELSEGR01,1980,Greg,Kelser,DET,N,25,654,308,53,67,120,45,34,29,78,89,285,120,106,68,2,0
KENONLA01,1980,Larry,Kenon,CHI,N,77,2161,1088,179,219,398,120,75,18,161,160,946,454,245,180,0,0
KINCHCH01,1980,Chad,Kinch,DAL,N,12,106,38,0,9,9,10,2,1,8,9,45,14,13,10,0,0
KINCHCH01,1980,Chad,Kinch,CLE,N,29,247,80,7,17,24,35,9,5,22,24,96,38,5,4,0,0
KINCHCH01,1980,Chad,Kinch,TOT,N,41,353,118,7,26,33,45,11,6,30,33,141,52,18,14,0,0
KINGBE01,1980,Bernard,King,GSW,N,81,2914,1771,178,373,551,287,72,34,265,304,1244,731,437,307,6,2
KINGRE01,1980,Reggie,King,KCK,N,81,2743,1208,235,551,786,122,102,41,164,227,867,472,386,264,0,0
KNIGHBI01,1980,Billy,Knight,IND,N,82,2385,1436,191,219,410,157,84,12,177,155,1025,546,410,341,19,3
KRAMEJO01,1980,Joel,Kramer,PHO,N,82,1065,335,77,155,232,88,35,17,67,132,258,136,91,63,1,0
KREKLWA01,1980,Wayne,Kreklow,BOS,N,25,100,30,2,10,12,9,2,1,10,20,47,11,10,7,4,1
KUNNEKE01,1980,Kevin,Kunnert,POR,N,55,842,244,98,189,287,67,17,32,50,143,216,101,54,42,0,0
KUPCHMI01,1980,Mitch,Kupchak,WA1,N,82,1934,1024,198,371,569,62,36,26,161,195,747,392,340,240,1,0
LACEYSA01,1980,Sam,Lacey,KCK,N,82,2228,567,131,453,584,399,95,120,182,302,536,237,117,92,5,1
LAGARTO01,1980,Tom,Lagarde,DAL,N,82,2670,1122,177,488,665,237,35,45,206,293,888,417,444,288,0,0
LAIMBBI01,1980,Bill,Laimbeer,CLE,N,81,2460,791,266,427,693,216,56,78,132,332,670,337,153,117,0,0
LAMBEJO01,1980,John,Lambert,CLE,N,3,8,6,1,2,3,3,0,0,2,2,5,3,0,0,0,0
LAMBEJO01,1980,John,Lambert,KCK,N,43,475,148,27,63,90,24,12,5,17,74,160,65,23,18,2,0
LAMBEJO01,1980,John,Lambert,TOT,N,46,483,154,28,65,93,27,12,5,19,76,165,68,23,18,2,0
LANDSMA01,1980,Mark,Landsberger,LAL,N,69,1086,390,152,225,377,27,19,6,65,135,327,164,116,62,1,0
LANIEBO01,1980,Bob,Lanier,MIL,N,67,1753,961,128,285,413,179,73,81,139,184,716,376,277,208,1,1
LAWREED01,1980,Ed,Lawrence,DET,N,3,19,12,2,2,4,1,1,0,1,6,8,5,4,2,0,0
LEAVEAL01,1980,Allen,Leavell,HOU,N,79,1686,642,30,104,134,384,97,15,189,160,548,258,149,124,17,2
LEERO01,1980,Ron,Lee,DET,N,82,1829,341,65,155,220,362,166,29,173,260,323,113,156,113,13,2
LESTERO01,1980,Ronnie,Lester,CHI,N,8,83,30,3,3,6,7,2,0,9,5,24,10,11,10,0,0
LLOYDSC01,1980,Scott,Lloyd,DAL,N,72,2186,637,161,293,454,159,34,25,145,269,547,245,205,147,2,0
LONGJO01,1980,John,Long,DET,N,59,1750,1044,95,102,197,106,95,22,151,164,957,441,184,160,11,2
LUCASJO01,1980,John,Lucas,GSW,N,66,1919,555,34,120,154,464,83,2,185,140,506,222,145,107,24,4
LUCASMA01,1980,Maurice,Lucas,NJN,N,68,2162,999,153,422,575,173,57,59,176,260,835,404,254,191,2,0
MACKOL01,1980,Ollie,Mack,CHI,N,3,16,3,0,1,1,1,1,0,0,3,6,1,2,1,0,0
MACKOL01,1980,Ollie,Mack,TOT,N,65,1682,638,92,138,230,163,56,7,70,117,606,279,125,80,9,0
MACKOL01,1980,Ollie,Mack,DAL,N,62,1666,635,92,137,229,162,55,7,70,114,600,278,123,79,9,0
MACYKY01,1980,Kyle,Macy,PHO,N,82,1469,663,44,88,132,160,76,5,95,120,532,272,119,107,51,12
MAHORRI01,1980,Rick,Mahorn,WA1,N,52,696,249,67,148,215,25,21,44,38,134,219,111,40,27,0,0
MALONMO01,1980,Moses,Malone,HOU,N,80,3245,2222,474,706,1180,141,83,150,308,223,1545,806,804,609,3,1
MATTHWE01,1980,Wes,Matthews,ATL,N,34,1105,425,16,56,72,212,61,7,112,122,330,161,123,103,6,0
MATTHWE01,1980,Wes,Matthews,TOT,N,79,2266,977,46,93,139,411,107,17,261,242,779,385,252,202,21,5
MATTHWE01,1980,Wes,Matthews,WA1,N,45,1161,552,30,37,67,199,46,10,149,120,449,224,129,99,15,5
MAXWECE01,1980,Cedric,Maxwell,BOS,N,81,2730,1234,222,303,525,219,79,68,180,256,750,441,450,352,1,0
MAYFIBI01,1980,Bill,Mayfield,GSW,N,7,54,17,7,2,9,1,0,1,3,8,18,8,2,1,0,0
MAYSC01,1980,Scott,May,CHI,N,63,815,443,62,93,155,63,35,7,71,83,338,165,149,113,0,0
MCADOBO01,1980,Bob,Mcadoo,DET,N,6,168,72,9,32,41,20,8,7,18,16,82,30,20,12,0,0
MCADOBO01,1980,Bob,Mcadoo,NJN,N,10,153,93,8,18,26,10,9,6,14,22,75,38,21,17,1,0
MCADOBO01,1980,Bob,Mcadoo,TOT,N,16,321,165,17,50,67,30,17,13,32,38,157,68,41,29,1,0
MCCARAN01,1980,Andre,Mccarter,WA1,N,43,448,122,16,23,39,73,14,0,24,36,135,51,24,18,8,2
MCCORKE01,1980,Keith,Mccord,WA1,N,2,9,4,1,1,2,1,0,0,2,0,4,2,0,0,0,0
MCELRJI01,1980,Jim,Mcelroy,ATL,N,54,680,205,10,38,48,84,20,9,79,62,202,78,59,48,8,1
MCGINGE01,1980,George,Mcginnis,IND,N,69,1845,903,164,364,528,210,99,28,221,242,768,348,385,207,7,0
MCHALKE01,1980,Kevin,Mchale,BOS,N,82,1645,818,155,204,359,55,27,151,110,260,666,355,159,108,2,0
MCKINBI01,1980,Billy,Mckinney,TOT,N,84,2166,818,36,148,184,360,99,11,158,231,645,327,188,162,12,2
MCKINBI01,1980,Billy,Mckinney,UTA,N,35,1032,293,12,62,74,157,38,4,70,107,233,124,48,44,2,1
MCKINBI01,1980,Billy,Mckinney,DEN,N,49,1134,525,24,86,110,203,61,7,88,124,412,203,140,118,10,1
MCMILTO01,1980,Tom,Mcmillen,ATL,N,79,1564,587,96,199,295,72,23,25,81,165,519,253,108,80,6,1
MENGEJO01,1980,John,Mengelt,GSW,N,2,11,0,0,0,0,2,0,0,0,0,4,0,0,0,0,0
MERIWJO01,1980,Joe,Meriweather,KCK,N,74,1514,560,126,267,393,77,27,80,125,219,415,206,213,148,0,0
MILLEDI01,1980,Dick,Miller,IND,N,5,34,4,1,3,4,4,3,0,4,2,6,2,0,0,1,0
MILLEDI01,1980,Dick,Miller,TOT,N,8,53,8,2,5,7,5,4,0,8,5,9,4,0,0,1,0
MILLEDI01,1980,Dick,Miller,UTA,N,3,19,4,1,2,3,1,1,0,4,3,3,2,0,0,0,0
MITCHMI01,1980,Mike,Mitchell,CLE,N,82,3194,2012,215,287,502,139,63,52,175,199,1791,853,385,302,9,4
MIXST01,1980,Steve,Mix,PHI,N,72,1327,776,105,159,264,114,59,18,88,107,575,288,240,200,3,0
MOKESPA01,1980,Paul,Mokeski,DET,N,80,1815,568,141,277,418,135,38,73,160,267,458,224,200,120,1,0
MONCRSI01,1980,Sidney,Moncrief,MIL,N,80,2417,1122,186,220,406,264,90,37,145,156,739,400,398,320,9,2
MOOREJO01,1980,Johnny,Moore,SAS,N,82,1578,604,58,138,196,373,120,22,154,178,520,249,172,105,19,1
MOORELO01,1980,Lowes,Moore,NJN,N,71,1406,497,43,125,168,228,61,17,108,179,478,212,92,69,27,4
MURPHCA01,1980,Calvin,Murphy,HOU,N,76,2014,1266,33,54,87,222,111,6,129,209,1074,528,215,206,17,4
NATERSW01,1980,Swen,Nater,SDC,N,82,2809,1278,295,722,1017,199,49,46,211,295,935,517,307,244,0,0
NATTCA01,1980,Calvin,Natt,POR,N,74,2111,994,149,282,431,159,73,18,163,188,794,395,283,200,8,4
NATTKE01,1980,Kenny,Natt,IND,N,19,149,59,9,6,15,10,5,1,10,18,77,25,11,7,8,2
NEWLIMI01,1980,Mike,Newlin,NJN,N,79,2911,1688,78,141,219,299,87,9,248,237,1272,632,466,414,30,10
NICKSCA01,1980,Carl,Nicks,TOT,N,67,1109,415,37,73,110,149,60,3,116,141,359,172,126,71,4,0
NICKSCA01,1980,Carl,Nicks,UTA,N,40,616,250,24,37,61,69,32,1,53,89,210,107,67,36,3,0
NICKSCA01,1980,Carl,Nicks,DEN,N,27,493,165,13,36,49,80,28,2,63,52,149,65,59,35,1,0
NILESMI01,1980,Mike,Niles,PHO,N,44,231,115,26,32,58,15,8,1,25,41,138,48,37,17,4,2
NIXONNO01,1980,Norm,Nixon,LAL,N,79,2962,1350,64,168,232,696,146,11,285,226,1210,576,252,196,12,2
OKORMI01,1980,Mike,O'koren,NJN,N,79,2473,870,179,299,478,252,86,27,146,243,751,365,212,135,18,5
OLBERMA01,1980,Mark,Olberding,SAS,N,82,2408,1012,146,325,471,277,75,31,202,307,685,348,380,315,7,1
OLDHAJA01,1980,Jawann,Oldham,DEN,N,4,21,4,3,2,5,0,0,2,2,3,6,2,0,0,0,0
ORRLO01,1980,Louis,Orr,IND,N,82,1787,859,172,189,361,132,55,25,123,153,709,348,202,163,6,0
OWENSTO01,1980,Tom,Owens,POR,N,79,1843,835,165,291,456,140,36,47,130,273,630,322,250,191,4,0
PARISRO01,1980,Robert,Parish,BOS,N,82,2298,1552,245,532,777,144,81,214,191,310,1166,635,397,282,1,0
PARKESO01,1980,Sonny,Parker,GSW,N,73,1317,476,101,93,194,106,67,13,84,112,388,191,128,94,0,0
PATRIMY01,1980,Myles,Patrick,LAL,N,3,9,5,1,1,2,1,0,0,1,3,5,2,2,1,0,0
PAULTBI01,1980,Billy,Paultz,HOU,N,81,1659,599,111,280,391,105,28,72,89,182,517,262,153,75,0,0
PAXSOJI01,1980,Jim,Paxson,POR,N,79,2701,1354,74,137,211,299,140,9,131,172,1092,585,248,182,30,2
PELLOSA01,1980,Sam,Pellom,ATL,N,77,1472,453,122,234,356,48,50,92,99,228,380,186,116,81,1,0
PHEGLRO01,1980,Roger,Phegley,CLE,N,82,2269,1180,90,156,246,184,65,15,165,262,965,474,267,224,28,8
PIETKST01,1980,Stan,Pietkiewicz,SDC,N,6,30,4,0,1,1,2,0,0,5,2,5,2,0,0,0,0
PIETKST01,1980,Stan,Pietkiewicz,DAL,N,36,431,140,13,28,41,75,15,2,17,26,133,55,14,11,48,19
PIETKST01,1980,Stan,Pietkiewicz,TOT,N,42,461,144,13,29,42,77,15,2,22,28,138,57,14,11,48,19
POQUEBE01,1980,Ben,Poquette,UTA,N,82,2808,777,160,469,629,161,67,174,122,342,614,324,162,126,6,3
PORTEKE01,1980,Kevin,Porter,WA1,N,81,2577,1086,35,89,124,734,110,10,251,257,859,446,247,191,12,3
PRICETO01,1980,Tony,Price,SDC,N,5,29,4,0,0,0,3,2,1,2,3,7,2,0,0,0,0
RANKWA01,1980,Wally,Rank,SDC,N,25,153,55,17,13,30,17,7,1,26,33,57,21,28,13,0,0
RANSEKE01,1980,Kelvin,Ransey,POR,N,80,2431,1217,42,153,195,555,88,9,232,201,1162,525,219,164,31,3
RAYCL01,1980,Clifford,Ray,GSW,N,66,838,157,73,144,217,52,24,13,74,194,152,64,62,29,0,0
RAYJA01,1980,Jamesearl,Ray,DEN,N,18,148,37,0,37,37,11,4,4,13,31,49,15,10,7,1,0
REIDBI01,1980,Billy,Reid,GSW,N,59,597,190,27,33,60,71,33,5,78,111,185,84,39,22,5,0
REIDRO01,1980,Robert,Reid,HOU,N,82,2963,1301,164,419,583,344,163,66,198,325,1113,536,303,229,4,0
RESTAKE01,1980,Kevin,Restani,SAS,N,64,999,449,71,103,174,81,16,14,68,103,369,192,88,62,8,3
RICHACL01,1980,Clint,Richardson,PHI,N,77,1313,538,83,93,176,152,36,10,110,102,464,227,108,84,1,0
RICHAMI01,1980,Michealray,Richardson,NYK,N,79,3175,1293,173,372,545,627,232,35,302,258,1116,523,338,224,102,23
ROBERAN01,1980,Anthony,Roberts,WA1,N,26,350,127,18,50,68,20,11,0,28,52,144,54,29,19,0,0
ROBEYRI01,1980,Rick,Robey,BOS,N,82,1569,740,132,258,390,126,38,19,141,204,547,298,251,144,1,0
ROBINBI01,1980,Bill,Robinzine,TOT,N,78,2016,1003,168,365,533,118,75,9,187,275,826,392,281,218,6,1
ROBINBI01,1980,Bill,Robinzine,CLE,N,8,84,33,4,9,13,5,4,0,10,19,32,14,8,5,0,0
ROBINBI01,1980,Bill,Robinzine,DAL,N,70,1932,970,164,356,520,113,71,9,177,256,794,378,273,213,6,1
ROBINCL01,1980,Cliff,Robinson,NJN,N,63,1822,1229,120,361,481,105,58,52,182,216,1070,525,248,178,1,1
ROBINTR01,1980,Truck,Robinson,PHO,N,82,3088,1543,216,573,789,206,68,38,250,220,1280,647,396,249,0,0
ROBINWA01,1980,Wayne,Robinson,DET,N,81,1592,643,117,177,294,112,46,24,149,186,509,234,240,175,6,0
ROBISDA01,1980,Dave,Robisch,CLE,N,11,372,103,27,58,85,44,7,6,14,21,98,37,36,29,0,0
ROBISDA01,1980,Dave,Robisch,DEN,N,73,1744,757,130,284,414,129,30,28,69,152,642,293,211,171,0,0
ROBISDA01,1980,Dave,Robisch,TOT,N,84,2116,860,157,342,499,173,37,34,83,173,740,330,247,200,0,0
ROCHEJO01,1980,John,Roche,DEN,N,26,611,231,5,32,37,140,17,8,52,44,179,82,77,58,27,9
ROLLITR01,1980,Tree,Rollins,ATL,N,40,1044,278,102,184,286,35,29,117,57,151,210,116,57,46,1,0
ROMARLO01,1980,Lorenzo,Romar,GSW,N,53,726,219,10,46,56,136,27,3,52,64,211,87,63,43,6,2
ROUNDDA01,1980,Dan,Roundfield,ATL,N,63,2128,1108,231,403,634,161,76,119,178,258,808,426,355,256,1,0
RUSSECA02,1980,Campy,Russell,NYK,N,79,2865,1292,109,244,353,257,99,8,212,248,1095,508,343,268,26,8
SANDEFR01,1980,Frankie,Sanders,KCK,N,23,186,88,6,15,21,17,16,1,21,20,77,34,22,20,3,0
SCALEDE01,1980,Dewayne,Scales,NYK,N,44,484,215,47,85,132,10,12,4,30,54,225,94,39,26,6,1
SCOTTAL01,1980,Alvin,Scott,PHO,N,82,1423,444,101,167,268,114,60,70,77,124,348,173,127,97,6,1
SHELTCR01,1980,Craig,Shelton,ATL,N,55,586,235,59,79,138,27,18,5,61,128,219,100,58,35,1,0
SHELTLO01,1980,Lonnie,Shelton,SEA,N,14,440,182,31,47,78,35,22,3,41,48,174,73,55,36,0,0
SHORTPU01,1980,Purvis,Short,GSW,N,79,2309,1269,151,240,391,249,78,19,143,244,1157,549,205,168,17,3
SHUMAJO01,1980,John,Shumate,TOT,N,24,527,167,34,54,88,24,21,9,42,49,131,56,76,55,0,0
SHUMAJO01,1980,John,Shumate,SEA,N,2,8,2,1,0,1,0,0,0,1,3,3,0,3,2,0,0
SHUMAJO01,1980,John,Shumate,SAS,N,22,519,165,33,54,87,24,21,9,41,46,128,56,73,53,0,0
SICHTJE01,1980,Jerry,Sichting,IND,N,47,450,93,11,32,43,70,23,1,28,38,95,34,32,25,5,0
SIKMAJA01,1980,Jack,Sikma,SEA,N,82,2920,1530,184,668,852,248,78,93,201,282,1311,595,413,340,5,0
SILASJA01,1980,James,Silas,SAS,N,75,2055,1326,44,187,231,285,51,12,159,129,997,476,440,374,2,0
SMITHLA01,1980,Larry,Smith,GSW,N,82,2578,785,433,561,994,93,70,63,146,316,594,304,301,177,0,0
SMITHPH01,1980,Phil,Smith,SDC,N,76,2378,1279,49,107,156,372,84,18,176,231,1057,519,313,237,18,4
SMITHRA01,1980,Randy,Smith,CLE,N,82,2199,1194,46,147,193,357,113,14,195,132,1043,486,271,221,28,1
SMITHRO01,1980,Robert,Smith,CLE,N,1,20,8,1,2,3,3,0,0,3,6,5,2,4,4,0,0
SOBERRI01,1980,Ricky,Sobers,CHI,N,71,1803,958,46,98,144,284,98,17,206,225,769,355,247,231,66,17
SPANAJI01,1980,Jim,Spanarkel,DAL,N,82,2317,1184,142,155,297,232,117,20,172,230,866,404,423,375,10,1
SPARRRO01,1980,Rory,Sparrow,NJN,N,15,212,56,7,11,18,32,13,3,18,15,63,22,16,12,0,0
STROUJO01,1980,John,Stroud,HOU,N,9,88,25,7,6,13,9,1,0,4,7,34,11,4,3,0,0
TAYLOBR01,1980,Brian,Taylor,SDC,N,80,2312,810,58,93,151,440,118,23,111,212,591,310,185,146,115,44
TERRYCA01,1980,Carlos,Terry,WA1,N,26,504,188,43,73,116,70,27,13,57,68,160,80,42,28,6,0
THEUSRE01,1980,Reggie,Theus,CHI,N,82,2820,1549,124,163,287,426,122,20,259,258,1097,543,550,445,90,18
THOMPDA01,1980,David,Thompson,DEN,N,77,2620,1967,107,180,287,231,53,60,250,231,1451,734,615,489,39,10
THOMPMY01,1980,Mychal,Thompson,POR,N,79,2790,1345,223,463,686,284,62,170,241,260,1151,569,323,207,1,0
TOMJARU01,1980,Rudy,Tomjanovich,HOU,N,52,1264,603,78,130,208,81,19,6,58,121,563,263,82,65,51,12
TONEYAN01,1980,Andrew,Toney,PHI,N,75,1768,968,32,111,143,273,59,10,219,234,806,399,226,161,29,9
TYLERTE01,1980,Terry,Tyler,DET,N,82,2549,1100,198,369,567,136,112,180,163,215,895,476,250,148,8,0
UNSELWE01,1980,Wes,Unseld,WA1,N,63,2032,507,207,466,673,170,52,36,97,171,429,225,86,55,4,2
VALENRO01,1980,Ron,Valentine,DEN,N,24,123,84,10,20,30,7,7,4,16,23,98,37,19,9,2,1
VANBRJA01,1980,Jan,Vanbredakolff,NJN,N,78,1426,300,48,154,202,129,38,50,108,214,245,100,117,98,8,2
VANDEKI01,1980,Kiki,Vandeweghe,DEN,N,51,1376,588,86,184,270,94,29,24,86,116,537,229,159,130,7,0
VROMABR01,1980,Brett,Vroman,UTA,N,11,93,34,7,18,25,9,5,5,9,26,27,10,19,14,1,0
WALKEFO01,1980,Foots,Walker,NJN,N,41,1172,234,22,80,102,253,52,1,85,105,169,72,111,88,9,2
WALKEWA01,1980,Wally,Walker,SEA,N,82,1796,689,105,210,315,122,53,15,115,168,626,290,169,109,3,0
WALTOLL01,1980,Lloyd,Walton,KCK,N,61,821,206,13,35,48,208,32,2,80,45,218,90,33,26,1,0
WASHIKE01,1980,Kermit,Washington,POR,N,73,2120,831,236,450,686,149,85,86,144,258,571,325,288,181,1,0
WASHIRI01,1980,Richard,Washington,DAL,N,11,307,119,25,59,84,16,5,7,21,37,117,51,23,17,0,0
WASHIRI01,1980,Richard,Washington,CLE,N,69,1505,681,133,236,369,113,41,54,108,246,630,289,136,102,2,1
WASHIRI01,1980,Richard,Washington,TOT,N,80,1812,800,158,295,453,129,46,61,129,283,747,340,159,119,2,1
WEBSTMA01,1980,Marvin,Webster,NYK,N,82,1708,423,162,303,465,72,27,97,103,187,341,159,163,104,4,1
WEDMASC01,1980,Scott,Wedman,KCK,N,81,2902,1535,128,305,433,226,97,46,161,294,1437,685,204,140,77,25
WESTPPA01,1980,Paul,Westphal,SEA,N,36,1078,601,11,57,68,148,46,14,78,70,500,221,184,153,25,6
WHITEJE01,1980,Jerome,Whitehead,CLE,N,3,8,2,2,1,3,0,1,0,0,6,3,1,0,0,0,0
WHITEJE01,1980,Jerome,Whitehead,TOT,N,48,688,194,58,156,214,26,20,9,56,122,180,83,56,28,1,0
WHITEJE01,1980,Jerome,Whitehead,DAL,N,7,118,37,8,20,28,2,4,1,11,16,38,16,11,5,0,0
WHITEJE01,1980,Jerome,Whitehead,SDC,N,38,562,155,48,135,183,24,15,8,45,100,139,66,45,23,1,0
WHITEJO01,1980,Jojo,White,KCK,N,13,236,83,3,18,21,37,11,1,18,21,82,36,18,11,0,0
WHITERU01,1980,Rudy,White,GSW,N,4,43,22,0,0,0,2,4,0,3,7,18,9,4,4,0,0
WHITERU01,1980,Rudy,White,SEA,N,12,165,39,1,10,11,18,5,1,9,16,47,14,12,11,1,0
WHITERU01,1980,Rudy,White,TOT,N,16,208,61,1,10,11,20,9,1,12,23,65,23,16,15,1,0
WHITNCH02,1980,Charles,Whitney,KCK,N,47,782,350,29,77,106,68,47,6,48,98,306,149,65,50,6,2
WICKSSI01,1980,Sidney,Wicks,SDC,N,49,1083,326,79,144,223,111,40,40,94,168,286,125,150,76,1,0
WILEYMI01,1980,Michael,Wiley,SAS,N,33,271,188,22,42,64,11,8,6,28,38,138,76,48,36,2,0
WILKEBO01,1980,Bob,Wilkerson,CHI,N,80,2238,798,86,196,282,272,102,23,175,170,715,330,163,137,10,1
WILKEJA01,1980,Jamaal,Wilkes,LAL,N,81,3028,1827,146,289,435,235,121,29,207,223,1495,786,335,254,13,1
WILKEJA02,1980,James,Wilkes,CHI,N,48,540,199,36,60,96,30,25,12,34,86,184,85,42,29,1,0
WILKIJE01,1980,Jeff,Wilkins,UTA,N,56,1058,261,62,212,274,40,32,46,59,169,260,117,40,27,0,0
WILLIFR01,1980,Freeman,Williams,SDC,N,82,1976,1585,75,54,129,164,91,5,166,157,1381,642,297,253,141,48
WILLIJO02,1980,John,Williamson,WA1,N,9,112,42,0,7,7,17,4,1,12,13,56,18,6,5,6,1
WILLIRA01,1980,Ray,Williams,NYK,N,79,2742,1560,122,199,321,432,185,37,235,270,1335,616,382,312,68,16
WILLISL01,1980,Sly,Williams,NYK,N,67,1976,885,159,257,416,180,116,18,141,199,708,349,268,185,8,2
WILLOBI01,1980,Bill,Willoughby,HOU,N,55,1145,349,74,153,227,64,18,31,74,102,287,150,64,49,3,0
WINTEBR01,1980,Brian,Winters,MIL,N,69,1771,799,32,108,140,229,70,10,136,185,697,331,137,119,51,18
WOODSMI01,1980,Mike,Woodson,NYK,N,81,949,380,33,64,97,75,36,12,54,95,373,165,64,49,5,1
WORTHSA01,1980,Sam,Worthen,CHI,N,64,945,235,22,93,115,115,57,6,91,115,192,95,60,45,4,0
WRIGHLA01,1980,Larry,Wright,DET,N,45,997,335,26,62,88,153,42,7,74,114,303,140,66,53,7,2
ABDULKA01,1981,Kareem,Abdul-jabbar,LAL,N,76,2677,1818,172,487,659,225,63,207,230,224,1301,753,442,312,3,0
ADAMSAL01,1981,Alvan,Adams,PHO,N,79,2393,1196,138,448,586,356,114,78,196,269,1027,507,233,182,1,0
AGUIRMA01,1981,Mark,Aguirre,DAL,N,51,1468,955,89,160,249,164,37,22,135,152,820,381,247,168,71,25
AINGEDA01,1981,Danny,Ainge,BOS,N,53,564,219,25,31,56,87,37,3,53,86,221,79,65,56,17,5
ARCHINA01,1981,Nate,Archibald,BOS,N,68,2167,858,25,91,116,541,52,3,178,131,652,308,316,236,16,6
AWTREDE01,1981,Dennis,Awtrey,POR,N,10,121,15,7,7,14,8,1,2,6,28,15,5,9,5,0,0
BAILECA01,1981,Carl,Bailey,POR,N,1,7,2,0,0,0,0,0,0,2,2,1,1,0,0,0,0
BAILEJA01,1981,James,Bailey,SEA,N,10,180,66,17,31,48,13,3,7,19,42,65,31,11,4,0,0
BAILEJA01,1981,James,Bailey,NJN,N,67,1288,593,110,233,343,52,39,76,120,228,440,230,213,133,0,0
BAILEJA01,1981,James,Bailey,TOT,N,77,1468,659,127,264,391,65,42,83,139,270,505,261,224,137,0,0
BALLAGR01,1981,Greg,Ballard,WA1,N,79,2946,1486,136,497,633,250,137,22,119,204,1307,621,283,235,22,9
BANKSGE01,1981,Gene,Banks,SAS,N,80,1700,767,157,254,411,147,55,17,106,199,652,311,212,145,8,0
BANTOMI01,1981,Mike,Bantom,TOT,N,82,2016,838,174,266,440,114,63,61,149,272,712,334,267,168,6,2
BANTOMI01,1981,Mike,Bantom,PHI,N,43,979,380,87,139,226,46,25,37,64,133,306,156,114,67,3,1
BANTOMI01,1981,Mike,Bantom,IND,N,39,1037,458,87,127,214,68,38,24,85,139,406,178,153,101,3,1
BATESBI01,1981,Billyray,Bates,POR,N,75,1229,832,53,55,108,111,41,5,93,100,692,327,211,166,41,12
BENNEME01,1981,Mel,Bennett,CLE,N,3,23,5,1,2,3,0,1,0,4,2,4,2,6,1,0,0
BENSOKE01,1981,Kent,Benson,DET,N,75,2467,940,219,434,653,159,66,98,160,214,802,405,158,127,11,3
BIRDLA01,1981,Larry,Bird,BOS,N,77,2923,1761,200,637,837,447,143,66,254,244,1414,711,380,328,52,11
BIRDSOT01,1981,Otis,Birdsong,NJN,N,37,1025,524,30,67,97,124,30,5,64,74,480,225,127,74,10,0
BLACKRO01,1981,Rolando,Blackman,DAL,N,82,1979,1091,97,157,254,105,46,30,113,122,855,439,276,212,4,1
BLUMERA01,1981,Ray,Blume,CHI,N,49,546,226,14,27,41,68,23,2,54,57,222,102,28,18,18,4
BRADLAL02,1981,Alex,Bradley,NYK,N,39,331,137,31,34,65,11,12,5,28,37,103,54,48,29,1,0
BRADLCH01,1981,Charles,Bradley,BOS,N,51,339,152,12,26,38,22,14,6,37,61,122,55,62,42,1,0
BRADLDU01,1981,Dudley,Bradley,PHO,N,64,937,325,30,57,87,80,78,10,71,115,281,125,100,74,4,1
BRANSBR01,1981,Brad,Branson,CLE,N,10,176,53,14,19,33,6,5,4,13,17,52,21,12,11,0,0
BRATZMI01,1981,Mike,Bratz,SAS,N,81,1616,625,40,126,166,438,65,11,139,183,565,230,152,119,138,46
BREWEJI01,1981,Jim,Brewer,LAL,N,71,966,170,106,158,264,42,39,46,37,127,175,81,19,7,6,1
BREWERO01,1981,Ron,Brewer,SAS,N,25,595,444,13,37,50,67,23,7,34,37,361,182,88,77,10,3
BREWERO01,1981,Ron,Brewer,CLE,N,47,1724,913,42,69,111,121,59,23,91,114,833,387,172,134,21,5
BREWERO01,1981,Ron,Brewer,TOT,N,72,2319,1357,55,106,161,188,82,30,125,151,1194,569,260,211,31,8
BRIDGJU01,1981,Junior,Bridgeman,MIL,N,41,924,511,37,88,125,109,28,3,64,91,433,209,103,89,9,4
BRISTAL01,1981,Allan,Bristow,DAL,N,82,2035,573,119,220,339,448,65,6,165,222,499,218,164,134,18,3
BROGAJI01,1981,Jim,Brogan,SDC,N,63,1027,400,61,59,120,156,49,13,83,123,364,165,84,61,32,9
BROOKMI01,1981,Michael,Brooks,SDC,N,82,2750,1276,207,417,624,236,113,39,197,285,1066,537,267,202,7,0
BROWNFR01,1981,Fred,Brown,SEA,N,82,1785,922,42,98,140,238,69,4,96,111,863,393,129,111,77,25
BROWNRI01,1981,Rickey,Brown,GSW,N,82,1260,470,136,228,364,19,36,29,84,243,418,192,122,86,0,0
BRYANJO01,1981,Joe,Bryant,SDC,N,75,1988,884,79,195,274,189,78,29,183,250,701,341,247,194,30,8
BUCKNQU01,1981,Quinn,Buckner,MIL,N,70,2156,906,77,173,250,328,174,3,180,218,822,396,168,110,15,4
BURKMRO01,1981,Roger,Burkman,CHI,N,6,30,5,2,4,6,5,6,2,3,6,4,0,6,5,1,0
BURNSDA01,1981,David,Burns,TOT,N,9,87,23,1,4,5,15,3,0,13,17,16,7,15,9,0,0
BURNSDA01,1981,David,Burns,NJN,N,3,34,7,0,2,2,4,1,0,5,4,5,2,6,3,0,0
BURNSDA01,1981,David,Burns,DEN,N,6,53,16,1,2,3,11,2,0,8,13,11,5,9,6,0,0
BUSEDO01,1981,Don,Buse,IND,N,82,2529,797,46,177,223,407,164,27,95,176,685,312,123,100,189,73
CARRKE01,1981,Kenny,Carr,DET,N,28,444,207,53,84,137,23,6,6,40,69,168,77,82,53,1,0
CARRKE01,1981,Kenny,Carr,CLE,N,46,1482,688,114,280,394,63,58,16,112,180,524,271,220,145,9,1
CARRKE01,1981,Kenny,Carr,TOT,N,74,1926,895,167,364,531,86,64,22,152,249,692,348,302,198,10,1
CARRML01,1981,M.l.,Carr,BOS,N,56,1296,455,56,94,150,128,67,21,63,136,409,184,116,82,17,5
CARROJO01,1981,Joebarry,Carroll,GSW,N,76,2627,1289,210,423,633,64,64,127,206,265,1016,527,323,235,1,0
CARTEBU01,1981,Butch,Carter,IND,N,75,1035,442,30,49,79,60,34,11,54,110,402,188,70,58,25,8
CARTERE01,1981,Reggie,Carter,NYK,N,75,923,302,35,60,95,130,36,6,78,124,280,119,80,64,0,0
CARTWBI01,1981,Bill,Cartwright,NYK,N,72,2060,1037,116,305,421,87,48,65,166,208,694,390,337,257,0,0
CATCHHA01,1981,Harvey,Catchings,MIL,N,80,1603,229,129,227,356,97,42,134,94,237,224,94,69,41,0,0
CATTABO01,1981,Bobby,Cattage,UTA,N,49,337,150,22,51,73,7,7,0,18,58,135,60,41,30,2,0
CHAMBTO01,1981,Tom,Chambers,SDC,N,81,2682,1392,211,350,561,146,58,46,220,341,1056,554,458,284,2,0
CHEEKMA01,1981,Maurice,Cheeks,PHI,N,79,2498,881,51,197,248,667,209,33,184,247,676,352,220,171,22,6
CHONEJI01,1981,Jim,Chones,WA1,N,59,867,184,39,146,185,64,15,32,41,114,171,74,46,36,0,0
COLLIDO02,1981,Don,Collins,WA1,N,79,1609,790,101,95,196,148,89,24,135,195,653,334,169,121,12,1
COOKDA01,1981,Darwin,Cook,NJN,N,82,2090,899,52,103,155,319,146,24,175,196,803,387,162,118,31,7
COOKJE01,1981,Jeff,Cook,PHO,N,76,1298,391,112,189,301,100,37,23,80,174,358,151,134,89,2,0
COOPEJO01,1981,Joe,Cooper,NJN,N,1,11,2,1,1,2,0,0,0,1,2,2,1,0,0,0,0
COOPEMI01,1981,Michael,Cooper,LAL,N,76,2197,907,84,185,269,230,120,61,151,216,741,383,171,139,17,2
COOPEWA01,1981,Wayne,Cooper,DAL,N,76,1818,682,200,350,550,115,37,106,88,285,669,281,160,119,8,1
COPELHO01,1981,Hollis,Copeland,NYK,N,18,118,37,3,2,5,9,4,2,4,19,38,16,6,5,0,0
CORZIDA01,1981,Dave,Corzine,SAS,N,82,2189,832,211,418,629,130,33,126,139,235,648,336,213,159,4,1
CRISSCH01,1981,Charlie,Criss,ATL,N,27,552,235,6,32,38,75,23,2,30,40,210,84,73,65,8,2
CRISSCH01,1981,Charlie,Criss,TOT,N,55,1392,595,13,69,82,187,44,6,82,96,498,222,159,141,29,10
CRISSCH01,1981,Charlie,Criss,SDC,N,28,840,360,7,37,44,112,21,4,52,56,288,138,86,76,21,8
CROMPJE01,1981,Jeffrey,Crompton,MIL,N,35,203,28,10,31,41,13,6,12,17,39,32,11,15,6,0,0
CUMMIPA01,1981,Pat,Cummings,MIL,N,78,1132,505,61,184,245,99,22,9,108,227,430,219,91,67,2,0
CURETEA01,1981,Earl,Cureton,PHI,N,66,956,349,90,180,270,32,31,27,44,142,306,149,94,51,2,0
DANDRBO01,1981,Bob,Dandridge,MIL,N,11,174,52,4,13,17,13,5,2,11,25,55,21,17,10,0,0
DANTLAD01,1981,Adrian,Dantley,UTA,N,81,3222,2457,231,283,514,324,95,14,299,252,1586,904,818,648,3,1
DAVISBR01,1981,Brad,Davis,DAL,N,82,2614,993,35,191,226,509,73,6,159,218,771,397,230,185,49,14
DAVISCH02,1981,Charlie,Davis,WA1,N,54,575,206,54,79,133,31,10,13,43,89,184,88,37,30,2,0
DAVISJO01,1981,Johnny,Davis,IND,N,82,2664,1396,72,106,178,346,76,11,186,176,1153,538,394,315,27,5
DAVISRO01,1981,Ron,Davis,SDC,N,7,67,23,7,6,13,4,0,0,5,8,25,10,6,3,0,0
DAVISWA03,1981,Walter,Davis,PHO,N,55,1182,794,21,82,103,162,46,3,112,104,669,350,111,91,16,3
DAWKIDA01,1981,Darryl,Dawkins,PHI,N,48,1124,528,68,237,305,55,19,55,96,193,367,207,164,114,2,0
DEMICLA01,1981,Larry,Demic,NYK,N,48,356,92,29,50,79,14,4,6,26,65,83,39,39,14,1,0
DENNAKE01,1981,Kenny,Dennard,KCK,N,30,607,150,47,86,133,42,35,8,35,81,121,62,40,26,0,0
DIETRCO01,1981,Coby,Dietrick,CHI,N,74,999,222,63,125,188,87,49,30,44,131,200,92,54,38,1,0
DILLAMI01,1981,Mickey,Dillard,CLE,N,33,221,73,6,9,15,34,8,2,17,40,79,29,23,15,4,0
DONALJA01,1981,James,Donaldson,SEA,N,82,1710,661,138,352,490,51,27,139,115,186,419,255,240,151,0,0
DOUGLJO01,1981,John,Douglas,SDC,N,64,1031,447,27,63,90,146,48,9,92,147,389,181,102,67,59,18
DOUGLLE01,1981,Leon,Douglas,KCK,N,63,1093,172,111,179,290,35,15,38,55,210,140,70,80,32,0,0
DREWJO01,1981,John,Drew,ATL,N,70,2040,1298,169,206,375,96,64,3,178,250,957,465,491,364,12,4
DREWLA01,1981,Larry,Drew,KCK,N,81,1973,874,30,119,149,419,110,1,174,150,757,358,189,150,27,8
DUEROTE01,1981,Terry,Duerod,BOS,N,21,146,72,6,9,15,12,3,1,2,9,77,34,12,4,1,0
DUNLEMI01,1981,Mike,Dunleavy,HOU,N,70,1315,520,24,80,104,227,45,3,80,161,450,206,106,75,86,33
DUNNTR01,1981,T.r.,Dunn,DEN,N,82,2519,669,211,348,559,188,135,36,123,210,504,258,215,153,1,0
DURENJO01,1981,John,Duren,UTA,N,79,1056,272,14,70,84,157,20,4,72,143,268,121,37,27,11,3
DYKEMCR01,1981,Craig,Dykema,PHO,N,32,103,43,3,9,12,15,2,0,7,19,37,17,9,7,4,2
EDWARFR01,1981,Franklin,Edwards,PHI,N,42,291,150,10,17,27,45,16,5,24,37,150,65,27,20,9,0
EDWARJA01,1981,James,Edwards,CLE,N,77,2539,1288,189,392,581,123,24,117,162,347,1033,528,339,232,4,0
ELMORLE01,1981,Len,Elmore,NJN,N,81,2100,735,167,274,441,100,92,92,136,280,652,300,170,135,0,0
ENGLIAL01,1981,Alex,English,DEN,N,82,3015,2082,210,348,558,433,87,120,261,261,1553,855,443,372,8,0
ERVINJU01,1981,Julius,Erving,PHI,N,81,2789,1974,220,337,557,319,161,141,214,229,1428,780,539,411,11,3
EVANSMI01,1981,Mike,Evans,CLE,N,8,74,27,2,8,10,20,4,0,11,10,35,11,8,5,4,0
EVANSMI01,1981,Mike,Evans,MIL,N,14,196,56,3,9,12,22,9,0,15,26,51,24,12,8,2,0
EVANSMI01,1981,Mike,Evans,TOT,N,22,270,83,5,17,22,42,13,0,26,36,86,35,20,13,6,0
FERNSER01,1981,Eric,Fernsten,BOS,N,43,202,57,12,30,42,8,5,7,13,23,49,19,30,19,0,0
FORDCH01,1981,Chris,Ford,BOS,N,76,1591,435,52,56,108,142,42,10,52,143,450,188,56,39,63,20
FORDDO01,1981,Don,Ford,CLE,N,21,201,23,14,21,35,11,8,0,15,30,24,9,6,5,1,0
FORDPH01,1981,Phil,Ford,KCK,N,72,1952,713,24,81,105,451,63,1,194,160,649,285,166,136,32,7
FREEWO01,1981,World,Free,GSW,N,78,2796,1789,118,130,248,419,71,8,208,222,1452,650,647,479,56,10
GALEMI01,1981,Mike,Gale,GSW,N,75,1793,421,37,152,189,261,121,28,126,173,373,185,65,51,5,0
GARRECA01,1981,Calvin,Garrett,HOU,N,51,858,230,27,67,94,76,32,6,38,94,242,105,26,17,10,3
GERVIGE01,1981,George,Gervin,SAS,N,79,2817,2551,138,254,392,187,77,45,210,215,1987,993,642,555,36,10
GILMOAR01,1981,Artis,Gilmore,CHI,N,82,2796,1517,224,611,835,136,49,220,227,287,837,546,552,424,1,1
GLENNMI01,1981,Mike,Glenn,ATL,N,49,833,376,5,56,61,87,26,3,27,80,291,158,67,59,2,1
GMINSMI01,1981,Mike,Gminski,NJN,N,64,740,335,70,116,186,41,17,48,56,69,270,119,118,97,0,0
GONDRGL01,1981,Glen,Gondrezick,DEN,N,80,1699,660,140,283,423,152,92,36,100,229,495,250,217,160,3,0
GREENDA01,1981,David,Greenwood,CHI,N,82,2914,1200,192,594,786,262,70,93,180,292,1014,480,291,240,3,0
GREENRI01,1981,Rickey,Green,UTA,N,81,2822,1202,85,158,243,630,185,9,198,183,1015,500,264,202,8,0
GREVEKE01,1981,Kevin,Grevey,WA1,N,71,2164,945,57,138,195,149,44,23,96,151,857,376,193,165,82,28
GRIFFDA01,1981,Darrell,Griffith,UTA,N,80,2597,1582,128,177,305,187,95,34,193,213,1429,689,271,189,52,15
GRIFFPA01,1981,Paul,Griffin,SAS,N,23,459,88,29,66,95,54,20,8,40,67,66,32,37,24,0,0
GROSSBO01,1981,Bob,Gross,POR,N,59,1377,427,101,158,259,125,75,41,88,162,322,173,104,78,6,3
GRUNFER01,1981,Ernie,Grunfeld,KCK,N,81,1892,1030,55,127,182,276,72,39,148,191,822,420,229,188,14,2
GUDMUPE01,1981,Petur,Gudmundsson,POR,N,68,845,219,51,135,186,59,13,30,73,163,166,83,76,52,1,1
HAGANGL01,1981,Glenn,Hagan,DET,N,4,25,7,2,2,4,8,3,0,1,7,7,3,1,1,0,0
HANZLBI01,1981,Bill,Hanzlik,SEA,N,81,1974,472,99,167,266,183,81,30,106,250,357,167,176,138,4,0
HARDYAL01,1981,Alan,Hardy,DET,N,38,310,142,14,20,34,20,9,4,20,32,136,62,29,18,5,0
HARDYJA01,1981,James,Hardy,UTA,N,82,1814,422,153,317,470,110,58,67,78,192,369,179,93,64,1,0
HARPEMI01,1981,Mike,Harper,POR,N,68,1433,464,127,212,339,54,55,82,92,229,370,184,153,96,1,0
HASSEJO01,1981,Joey,Hassett,GSW,N,68,787,390,13,40,53,104,30,3,36,94,382,144,37,31,214,71
HAWESST01,1981,Steve,Hawes,ATL,N,49,1317,456,89,231,320,142,36,34,87,156,370,178,126,96,10,4
HAYESEL01,1981,Elvin,Hayes,HOU,N,82,3032,1318,267,480,747,144,62,104,208,287,1100,519,422,280,5,0
HAYESST01,1981,Steve,Hayes,TOT,N,35,487,140,39,78,117,28,4,20,19,71,111,54,53,32,0,0
HAYESST01,1981,Steve,Hayes,DET,N,26,412,117,32,68,100,24,3,18,17,54,93,46,41,25,0,0
HAYESST01,1981,Steve,Hayes,SAS,N,9,75,23,7,10,17,4,1,2,2,17,18,8,12,7,0,0
HAYWOSP01,1981,Spencer,Haywood,WA1,N,76,2086,1009,144,278,422,64,45,68,175,249,829,395,260,219,3,0
HENDEGE01,1981,Gerald,Henderson,BOS,N,82,1844,833,47,105,152,252,82,11,150,199,705,353,172,125,12,2
HENDETO01,1981,Tom,Henderson,HOU,N,75,1721,471,33,105,138,306,55,7,105,120,403,183,150,105,2,0
HERROKE01,1981,Keith,Herron,CLE,N,30,269,85,10,11,21,23,8,2,12,25,106,39,8,7,1,0
HIGGSKE01,1981,Kenny,Higgs,DEN,N,76,1696,569,23,121,144,395,72,6,156,263,468,202,197,161,21,4
HILLAR01,1981,Armond,Hill,SDC,N,19,480,90,6,21,27,81,16,3,52,51,89,34,32,22,2,0
HILLAR01,1981,Armond,Hill,SEA,N,21,243,55,6,19,25,25,5,2,14,37,37,19,23,17,0,0
HILLAR01,1981,Armond,Hill,TOT,N,40,723,145,12,40,52,106,21,5,66,88,126,53,55,39,2,0
HOLLABR01,1981,Brad,Holland,TOT,N,14,194,57,6,7,13,18,11,1,8,13,78,27,6,3,3,0
HOLLABR01,1981,Brad,Holland,WA1,N,13,185,57,6,7,13,16,11,1,7,12,73,27,4,3,3,0
HOLLABR01,1981,Brad,Holland,MIL,N,1,9,0,0,0,0,2,0,0,1,1,5,0,2,0,0,0
HOLLILI01,1981,Lionel,Hollins,PHI,N,81,2257,894,35,152,187,316,103,20,146,198,797,380,188,132,16,2
HORDGCE01,1981,Cedrick,Hordges,DEN,N,77,1372,527,119,276,395,65,26,19,111,230,414,204,199,116,13,3
HUBBAPH01,1981,Phil,Hubbard,DET,N,52,1104,520,101,171,272,67,38,16,99,176,410,207,163,106,3,0
HUBBAPH01,1981,Phil,Hubbard,CLE,N,31,735,323,86,115,201,24,27,3,62,116,255,119,117,85,1,0
HUBBAPH01,1981,Phil,Hubbard,TOT,N,83,1839,843,187,286,473,91,65,19,161,292,665,326,280,191,4,0
HUSTOGE01,1981,Geoff,Huston,CLE,N,78,2409,806,53,97,150,590,70,11,171,169,672,325,200,153,10,3
ISSELDA01,1981,Dan,Issel,DEN,N,81,2472,1852,174,434,608,179,67,55,169,245,1236,651,655,546,6,4
JACKSTR01,1981,Tracy,Jackson,TOT,N,49,478,196,35,28,63,27,14,3,24,48,172,79,49,38,0,0
JACKSTR01,1981,Tracy,Jackson,CHI,N,38,412,170,28,23,51,22,11,3,18,43,146,69,39,32,0,0
JACKSTR01,1981,Tracy,Jackson,BOS,N,11,66,26,7,5,12,5,3,0,6,5,26,10,10,6,0,0
JOHNSCL01,1981,Clemon,Johnson,IND,N,79,1979,747,184,387,571,127,60,110,138,241,641,312,189,123,0,0
JOHNSCL02,1981,Clay,Johnson,LAL,N,7,65,25,8,4,12,7,3,3,7,13,20,11,6,3,0,0
JOHNSDE01,1981,Dennis,Johnson,PHO,N,80,2937,1561,142,268,410,369,105,55,233,253,1228,577,495,399,42,8
JOHNSED02,1981,Eddie,Johnson,ATL,N,68,2314,1211,63,128,191,358,102,16,186,188,1011,455,385,294,30,7
JOHNSED03,1981,Eddie,Johnson,KCK,N,74,1517,690,128,194,322,109,50,14,97,210,643,295,149,99,11,1
JOHNSFR01,1981,Frank,Johnson,WA1,N,79,2027,842,34,113,147,380,76,7,160,196,812,336,204,153,79,17
JOHNSGE01,1981,George,Johnson,SAS,N,75,1578,225,152,302,454,79,20,234,92,259,195,91,64,43,0,0
JOHNSGE03,1981,George,Johnson,IND,N,59,720,300,72,145,217,40,36,27,68,147,291,120,80,60,2,0
JOHNSJO01,1981,John,Johnson,SEA,N,14,187,59,3,15,18,29,4,3,17,20,45,22,20,15,0,0
JOHNSMA01,1981,Magic,Johnson,LAL,N,78,2991,1447,252,499,751,743,208,34,286,223,1036,556,433,329,29,6
JOHNSMA02,1981,Marques,Johnson,MIL,N,60,1900,990,153,211,364,213,59,35,145,142,760,404,260,182,4,0
JOHNSMI01,1981,Mickey,Johnson,MIL,N,76,1934,978,133,321,454,215,72,45,191,240,757,372,291,233,7,1
JOHNSOL01,1981,Ollie,Johnson,PHI,N,26,150,61,7,15,22,10,13,3,13,28,54,27,7,6,3,1
JOHNSRE01,1981,Reggie,Johnson,SAS,N,21,504,220,43,94,137,20,7,16,26,67,194,94,40,32,0,0
JOHNSRE01,1981,Reggie,Johnson,CLE,N,23,617,223,43,82,125,22,6,17,24,73,175,94,44,35,0,0
JOHNSRE01,1981,Reggie,Johnson,KCK,N,31,783,377,54,135,189,31,20,27,50,117,293,163,72,51,1,0
JOHNSRE01,1981,Reggie,Johnson,TOT,N,75,1904,820,140,311,451,73,33,60,100,257,662,351,156,118,1,0
JOHNSST01,1981,Steve,Johnson,KCK,N,78,1741,1002,152,307,459,91,39,89,197,372,644,395,330,212,0,0
JOHNSVI01,1981,Vinnie,Johnson,SEA,N,7,104,27,7,8,15,11,6,2,5,8,22,9,12,9,1,0
JOHNSVI01,1981,Vinnie,Johnson,TOT,N,74,1295,544,82,77,159,171,56,25,96,101,444,217,142,107,12,3
JOHNSVI01,1981,Vinnie,Johnson,DET,N,67,1191,517,75,69,144,160,50,23,91,93,422,208,130,98,11,3
JONESBO01,1981,Bobby,Jones,PHI,N,76,2181,1095,109,284,393,189,99,112,145,211,737,416,333,263,3,0
JONESCA01,1981,Caldwell,Jones,PHI,N,81,2446,641,164,544,708,100,38,146,155,301,465,231,219,179,3,0
JONESDW01,1981,Dwight,Jones,CHI,N,78,2040,779,156,351,507,114,49,36,155,217,572,303,238,172,1,1
JONESED02,1981,Edgar,Jones,DET,N,48,802,375,70,137,207,40,28,92,66,149,259,142,129,90,2,1
JONESMA01,1981,Major,Jones,HOU,N,60,746,268,80,122,202,25,20,29,50,100,213,113,77,42,3,0
JORDAED01,1981,Eddie,Jordan,LAL,N,58,608,222,4,39,43,131,62,1,66,98,208,89,54,43,9,1
JUDKIJE01,1981,Jeff,Judkins,DET,N,30,251,79,14,20,34,14,6,5,9,33,81,31,26,16,10,1
KEACL01,1981,Clarence,Kea,DAL,N,35,248,81,26,35,61,14,4,3,16,55,49,26,42,29,0,0
KELLERI01,1981,Rich,Kelley,PHO,N,81,1892,639,168,329,497,293,64,71,244,292,505,236,223,167,1,0
KELSEGR01,1981,Greg,Kelser,DET,N,11,183,97,13,26,39,12,5,7,22,32,86,35,41,27,3,0
KELSEGR01,1981,Greg,Kelser,SEA,N,49,558,240,67,87,154,45,13,14,62,99,185,81,119,78,0,0
KELSEGR01,1981,Greg,Kelser,TOT,N,60,741,337,80,113,193,57,18,21,84,131,271,116,160,105,3,0
KENONLA01,1981,Larry,Kenon,CHI,N,60,1036,434,72,108,180,65,30,7,82,71,412,192,88,50,0,0
KINGAL01,1981,Albert,King,NJN,N,76,1694,918,105,207,312,142,64,36,180,261,812,391,171,133,13,3
KINGBE01,1981,Bernard,King,GSW,N,79,2861,1833,140,329,469,282,78,23,267,285,1307,740,499,352,5,1
KINGRE01,1981,Reggie,King,KCK,N,80,2609,967,162,361,523,173,84,29,155,221,752,383,285,201,0,0
KNIGHBI01,1981,Billy,Knight,IND,N,81,1803,998,97,160,257,118,63,14,137,132,764,378,282,233,32,9
KNIGHTO01,1981,Toby,Knight,NYK,N,40,550,221,33,49,82,23,14,11,21,74,183,102,25,17,0,0
KRAMEJO01,1981,Joel,Kramer,PHO,N,56,549,143,36,72,108,51,19,11,26,62,133,55,42,33,0,0
KUNNEKE01,1981,Kevin,Kunnert,POR,N,21,237,49,20,46,66,18,3,6,18,51,48,20,17,9,0,0
KUPCHMI01,1981,Mitch,Kupchak,LAL,N,26,821,371,64,146,210,33,12,10,43,80,267,153,98,65,0,0
LACEYSA01,1981,Sam,Lacey,KCK,N,2,20,6,0,4,4,4,2,1,2,2,5,3,2,0,0,0
LACEYSA01,1981,Sam,Lacey,NJN,N,54,650,155,20,83,103,73,20,37,54,137,149,64,35,27,1,0
LACEYSA01,1981,Sam,Lacey,TOT,N,56,670,161,20,87,107,77,22,38,56,139,154,67,37,27,1,0
LAGARTO01,1981,Tom,Lagarde,DAL,N,47,909,312,63,147,210,49,17,17,82,138,269,113,166,86,2,0
LAIMBBI01,1981,Bill,Laimbeer,TOT,N,80,1829,718,234,383,617,100,39,64,121,296,536,265,232,184,13,4
LAIMBBI01,1981,Bill,Laimbeer,CLE,N,50,894,334,124,153,277,45,22,30,61,170,253,119,120,93,6,3
LAIMBBI01,1981,Bill,Laimbeer,DET,N,30,935,384,110,230,340,55,17,34,60,126,283,146,112,91,7,1
LAMBEJO01,1981,John,Lambert,KCK,N,42,493,142,36,91,127,24,12,10,38,80,139,60,28,21,6,1
LAMBEJO01,1981,John,Lambert,TOT,N,63,764,207,55,123,178,37,18,16,48,123,197,86,42,34,7,1
LAMBEJO01,1981,John,Lambert,SAS,N,21,271,65,19,32,51,13,6,6,10,43,58,26,14,13,1,0
LAMPJE01,1981,Jeff,Lamp,POR,N,54,617,250,24,40,64,28,16,1,45,83,196,100,61,50,1,0
LANDSMA01,1981,Mark,Landsberger,LAL,N,75,1134,321,164,237,401,32,10,7,49,134,329,144,65,33,2,0
LANIEBO01,1981,Bob,Lanier,MIL,N,74,1986,996,92,296,388,219,72,56,166,211,729,407,242,182,2,0
LEAVEAL01,1981,Allen,Leavell,HOU,N,79,2150,864,49,119,168,457,150,15,153,182,793,370,135,115,31,9
LEERO01,1981,Ron,Lee,DET,N,81,1467,278,35,120,155,312,116,20,123,221,246,88,119,84,59,18
LEERO02,1981,Rock,Lee,SDC,N,2,10,2,0,1,1,2,0,0,0,3,2,1,4,0,0,0
LESTERO01,1981,Ronnie,Lester,CHI,N,75,2252,870,75,138,213,362,80,14,185,158,657,329,256,208,8,4
LISTEAL01,1981,Alton,Lister,MIL,N,80,1186,362,108,279,387,84,18,118,129,239,287,149,123,64,0,0
LLOYDLE01,1981,Lewis,Lloyd,GSW,N,16,95,57,9,7,16,6,5,1,14,20,45,25,11,7,0,0
LLOYDSC01,1981,Scott,Lloyd,DAL,N,74,1047,287,60,103,163,67,15,7,59,175,285,108,91,69,4,2
LODERKE01,1981,Kevin,Loder,KCK,N,71,1139,493,69,126,195,88,35,30,68,147,448,208,107,77,11,0
LONGJO01,1981,John,Long,DET,N,69,2211,1514,95,162,257,148,65,25,167,173,1294,637,275,238,15,2
LUCASJO01,1981,John,Lucas,WA1,N,79,1940,666,40,126,166,551,95,6,156,105,618,263,176,138,22,2
LUCASMA01,1981,Maurice,Lucas,NYK,N,80,2671,1263,274,629,903,179,68,70,173,309,1001,505,349,253,3,0
MACKLRU01,1981,Rudy,Macklin,ATL,N,79,1516,554,113,150,263,47,40,20,112,225,484,210,173,134,3,0
MACKOL01,1981,Ollie,Mack,DAL,N,13,150,44,8,10,18,14,5,1,4,6,59,19,8,6,2,0
MACYKY01,1981,Kyle,Macy,PHO,N,82,2845,1163,78,183,261,384,143,9,125,185,945,486,169,152,100,39
MAHORRI01,1981,Rick,Mahorn,WA1,N,80,2664,976,149,555,704,150,57,138,162,349,816,414,234,148,3,0
MALONMO01,1981,Moses,Malone,HOU,N,81,3398,2520,558,630,1188,142,76,125,294,208,1822,945,827,630,6,0
MATTHWE01,1981,Wes,Matthews,ATL,N,47,837,324,19,39,58,139,53,2,63,129,298,131,79,60,8,2
MAXWECE01,1981,Cedric,Maxwell,BOS,N,78,2590,1151,218,281,499,183,79,49,174,263,724,397,478,357,3,0
MAYSC01,1981,Scott,May,MIL,N,65,1187,583,85,133,218,133,50,6,92,151,417,212,193,159,4,0
MCADOBO01,1981,Bob,Mcadoo,LAL,N,41,746,392,45,114,159,32,22,36,51,109,330,151,126,90,5,0
MCCULJO01,1981,John,Mccullough,PHO,N,8,23,21,1,3,4,3,2,0,3,3,13,9,5,3,0,0
MCDOWHA01,1981,Hank,Mcdowell,GSW,N,30,335,95,41,59,100,20,6,8,21,52,84,34,41,27,0,0
MCELRJI01,1981,Jim,Mcelroy,ATL,N,20,349,134,6,11,17,39,8,4,22,44,125,52,36,29,5,1
MCGEEMI01,1981,Mike,Mcgee,LAL,N,39,352,191,34,15,49,16,18,3,34,59,172,80,53,31,4,0
MCGINGE01,1981,George,Mcginnis,IND,N,76,1341,354,93,305,398,204,96,28,131,198,378,141,159,72,3,0
MCHALKE01,1981,Kevin,Mchale,BOS,N,82,2332,1117,191,365,556,91,30,185,137,264,875,465,248,187,0,0
MCKENKE01,1981,Kevin,Mckenna,LAL,N,36,237,67,18,11,29,14,10,2,20,45,87,28,17,11,2,0
MCKINBI01,1981,Billy,Mckinney,DEN,N,81,1963,875,29,113,142,338,69,16,115,186,699,369,170,137,17,0
MCMILTO01,1981,Tom,Mcmillen,ATL,N,73,1792,723,102,234,336,129,25,23,124,202,572,291,170,140,3,1
MERIWJO01,1981,Joe,Meriweather,KCK,N,18,380,125,25,63,88,17,13,21,25,68,91,47,40,31,0,0
MITCHMI01,1981,Mike,Mitchell,CLE,N,27,973,530,71,70,141,39,27,15,55,77,504,229,100,72,6,0
MITCHMI01,1981,Mike,Mitchell,TOT,N,84,3063,1726,244,346,590,82,60,43,153,277,1477,753,302,220,7,0
MITCHMI01,1981,Mike,Mitchell,SAS,N,57,2090,1196,173,276,449,43,33,28,98,200,973,524,202,148,1,0
MIXST01,1981,Steve,Mix,PHI,N,75,1235,541,92,133,225,93,42,17,67,86,399,202,172,136,4,1
MOKESPA01,1981,Paul,Mokeski,CLE,N,28,345,93,24,62,86,11,20,17,16,68,82,35,30,23,2,0
MOKESPA01,1981,Paul,Mokeski,TOT,N,67,868,216,59,149,208,35,33,40,55,171,193,84,63,48,3,0
MOKESPA01,1981,Paul,Mokeski,DET,N,39,523,123,35,87,122,24,13,23,39,103,111,49,33,25,1,0
MONCRSI01,1981,Sidney,Moncrief,MIL,N,80,2980,1581,221,313,534,382,138,22,208,206,1063,556,573,468,14,1
MOOREJO01,1981,Johnny,Moore,SAS,N,79,2294,741,62,213,275,762,163,12,175,254,667,309,182,122,21,1
MOORELO01,1981,Lowes,Moore,CLE,N,4,70,45,1,3,4,15,6,1,5,15,38,19,8,6,5,1
MURPHCA01,1981,Calvin,Murphy,HOU,N,64,1204,655,20,41,61,163,43,1,82,142,648,277,110,100,16,1
NANCELA01,1981,Larry,Nance,PHO,N,80,1186,529,95,161,256,82,42,71,104,169,436,227,117,75,1,0
NATERSW01,1981,Swen,Nater,SDC,N,21,575,262,46,146,192,30,6,9,48,64,175,101,79,59,1,1
NATTCA01,1981,Calvin,Natt,POR,N,75,2599,1326,193,420,613,150,62,36,140,175,894,515,392,294,8,2
NEWLIMI01,1981,Mike,Newlin,NYK,N,76,1507,705,36,55,91,170,33,3,104,194,615,286,147,126,23,7
NICKSCA01,1981,Carl,Nicks,UTA,N,80,1322,589,67,94,161,89,66,4,101,184,555,252,150,85,5,0
NIMPHKU01,1981,Kurt,Nimphius,DAL,N,63,1085,337,92,203,295,61,17,82,56,190,297,137,108,63,0,0
NIXONNO01,1981,Norm,Nixon,LAL,N,82,3024,1440,38,138,176,652,132,7,238,264,1274,628,224,181,12,3
OKORMI01,1981,Mike,O'koren,NJN,N,80,2018,909,111,194,305,192,83,13,147,175,778,383,189,135,23,8
OLBERMA01,1981,Mark,Olberding,SAS,N,68,2098,941,118,321,439,202,57,29,139,253,705,333,338,273,12,2
OLDHAJA01,1981,Jawann,Oldham,HOU,N,22,124,34,7,17,24,3,2,10,6,28,36,13,14,8,0,0
ORRLO01,1981,Louis,Orr,IND,N,80,1951,918,127,204,331,134,56,26,137,182,719,357,254,203,8,1
OWENSTO01,1981,Tom,Owens,IND,N,74,1599,780,142,230,372,127,41,37,137,259,636,299,226,181,2,1
PARISRO01,1981,Robert,Parish,BOS,N,80,2534,1590,288,578,866,140,68,192,221,267,1235,669,355,252,0,0
PARKESO01,1981,Sonny,Parker,GSW,N,71,899,280,73,104,177,89,39,10,51,101,245,116,72,48,0,0
PAULTBI01,1981,Billy,Paultz,HOU,N,65,807,212,54,126,180,41,15,22,45,99,226,89,65,34,0,0
PAXSOJI01,1981,Jim,Paxson,POR,N,82,2756,1552,75,146,221,276,129,12,144,159,1259,662,287,220,35,8
PELLOSA01,1981,Sam,Pellom,ATL,N,69,1037,289,90,139,229,28,29,47,57,164,251,114,79,61,1,0
PHEGLRO01,1981,Roger,Phegley,CLE,N,27,566,248,28,43,71,53,16,2,33,61,214,104,45,36,13,4
PHEGLRO01,1981,Roger,Phegley,SAS,N,54,617,308,33,50,83,61,20,6,33,91,293,129,64,49,18,1
PHEGLRO01,1981,Roger,Phegley,TOT,N,81,1183,556,61,93,154,114,36,8,66,152,507,233,109,85,31,5
POQUEBE01,1981,Ben,Poquette,UTA,N,82,1698,540,117,294,411,94,51,65,69,235,428,220,120,97,10,3
RADFOMA01,1981,Mark,Radford,SEA,N,43,369,145,13,16,29,57,16,2,42,65,100,54,69,35,3,2
RAINSED01,1981,Ed,Rains,SAS,N,49,637,192,37,43,80,40,18,2,25,74,177,77,64,38,2,0
RAMBIKU01,1981,Kurt,Rambis,LAL,N,64,1131,295,116,232,348,56,60,76,77,167,228,118,117,59,1,0
RANSEKE01,1981,Kelvin,Ransey,POR,N,78,2418,1253,39,147,186,555,97,4,229,169,1094,504,318,242,38,3
RAYJA01,1981,Jamesearl,Ray,DEN,N,40,262,124,0,65,65,26,10,16,37,59,116,51,36,21,1,1
REIDRO01,1981,Robert,Reid,HOU,N,77,2913,1035,175,336,511,314,115,48,157,297,958,437,214,160,10,1
RESTAKE01,1981,Kevin,Restani,SAS,N,13,145,21,8,27,35,7,1,4,6,16,28,9,4,3,1,0
RESTAKE01,1981,Kevin,Restani,TOT,N,47,483,74,39,73,112,22,11,11,20,56,88,32,16,10,2,0
RESTAKE01,1981,Kevin,Restani,CLE,N,34,338,53,31,46,77,15,10,7,14,40,60,23,12,7,1,0
RICHACL01,1981,Clint,Richardson,PHI,N,77,1040,351,55,63,118,109,36,9,79,109,310,140,88,69,2,2
RICHAMI01,1981,Michealray,Richardson,NYK,N,82,3044,1469,177,388,565,572,213,41,291,317,1343,619,303,212,101,19
ROBEYRI01,1981,Rick,Robey,BOS,N,80,1186,454,114,181,295,68,27,14,92,183,375,185,157,84,2,0
ROBINBI01,1981,Bill,Robinzine,UTA,N,56,651,323,56,88,144,49,37,5,83,156,294,131,75,61,0,0
ROBINCL01,1981,Cliff,Robinson,KCK,N,38,1229,769,83,239,322,71,46,60,86,120,708,322,180,125,3,0
ROBINCL01,1981,Cliff,Robinson,CLE,N,30,946,489,91,196,287,49,42,43,63,102,435,196,133,97,1,0
ROBINCL01,1981,Cliff,Robinson,TOT,N,68,2175,1258,174,435,609,120,88,103,149,222,1143,518,313,222,4,0
ROBINJA01,1981,Jackie,Robinson,CHI,N,3,29,10,3,0,3,0,0,0,1,1,9,3,4,4,0,0
ROBINTR01,1981,Truck,Robinson,PHO,N,74,2745,1414,202,519,721,179,42,28,202,215,1128,579,371,255,1,1
ROBISDA01,1981,Dave,Robisch,DEN,N,12,257,144,14,49,63,32,3,4,13,29,106,48,55,48,0,0
ROCHEJO01,1981,John,Roche,DEN,N,39,501,187,4,19,23,89,15,2,29,40,150,68,38,28,52,23
ROLLITR01,1981,Tree,Rollins,ATL,N,79,2018,483,168,443,611,59,35,224,79,285,346,202,129,79,0,0
ROMARLO01,1981,Lorenzo,Romar,GSW,N,79,1259,488,12,86,98,226,60,13,89,103,403,203,96,79,15,3
ROUNDDA01,1981,Dan,Roundfield,ATL,N,61,2217,1134,227,494,721,162,64,93,183,210,910,424,375,285,5,1
RULANJE01,1981,Jeff,Ruland,WA1,N,82,2214,1183,253,509,762,134,44,58,237,319,749,420,455,342,3,1
RUSSECA02,1981,Campy,Russell,NYK,N,77,2358,1073,86,150,236,284,77,12,195,221,858,410,294,228,57,25
SCALEDE01,1981,Dewayne,Scales,NYK,N,3,24,3,2,3,5,0,1,1,2,3,5,1,2,1,0,0
SCHAYDA01,1981,Danny,Schayes,UTA,N,82,1623,644,131,296,427,146,46,72,151,292,524,252,185,140,1,0
SCOTTAL01,1981,Alvin,Scott,PHO,N,81,1740,486,97,197,294,149,59,70,98,169,380,189,148,108,2,0
SHELTCR01,1981,Craig,Shelton,ATL,N,4,21,5,1,2,3,0,1,0,0,3,6,2,2,1,0,0
SHELTLO01,1981,Lonnie,Shelton,SEA,N,81,2667,1204,161,348,509,252,99,43,199,317,1046,508,240,188,8,0
SHORTPU01,1981,Purvis,Short,GSW,N,76,1782,1095,123,143,266,209,65,10,122,220,935,456,221,177,28,6
SICHTJE01,1981,Jerry,Sichting,IND,N,51,800,212,14,41,55,117,33,1,42,63,194,91,38,29,9,1
SIKMAJA01,1981,Jack,Sikma,SEA,N,82,3049,1611,223,815,1038,277,102,107,213,268,1212,581,523,447,13,2
SILASJA01,1981,James,Silas,CLE,N,67,1447,748,26,83,109,222,40,6,107,109,573,251,286,246,5,0
SMITHJI01,1981,Jim,Smith,SDC,N,72,858,211,72,110,182,46,22,51,47,185,169,86,85,39,0,0
SMITHLA01,1981,Larry,Smith,GSW,N,74,2213,528,279,534,813,83,65,54,105,291,412,220,159,88,1,0
SMITHPH01,1981,Phil,Smith,SEA,N,26,596,214,17,52,69,74,22,8,39,62,186,87,55,40,3,0
SMITHPH01,1981,Phil,Smith,TOT,N,74,2042,848,51,135,186,307,67,27,155,213,761,340,223,163,27,5
SMITHPH01,1981,Phil,Smith,SDC,N,48,1446,634,34,83,117,233,45,19,116,151,575,253,168,123,24,5
SMITHRA01,1981,Randy,Smith,NYK,N,82,2033,821,53,102,155,255,91,1,124,199,748,348,151,122,11,3
SMITHRO01,1981,Robert,Smith,MIL,N,17,316,116,1,13,14,44,10,1,14,35,110,52,12,10,10,2
SOBERRI01,1981,Ricky,Sobers,CHI,N,80,1938,940,37,105,142,301,73,18,217,238,801,363,254,195,76,19
SPANAJI01,1981,Jim,Spanarkel,DAL,N,82,1755,827,99,111,210,206,86,9,111,140,564,270,327,279,24,8
SPARRRO01,1981,Rory,Sparrow,ATL,N,82,2610,857,53,171,224,424,87,13,145,240,730,366,148,124,15,1
SPRIGLA01,1981,Larry,Spriggs,HOU,N,4,37,14,2,4,6,4,2,0,4,7,11,7,2,0,0,0
STACOKE01,1981,Kevin,Stacom,MIL,N,7,90,30,2,5,7,7,1,0,9,6,34,14,2,1,2,1
TAYLOBR01,1981,Brian,Taylor,SDC,N,41,1274,443,26,70,96,229,47,9,82,113,328,165,110,90,63,23
TERRYCA01,1981,Carlos,Terry,WA1,N,13,60,9,5,7,12,8,3,1,5,15,15,3,4,3,3,0
THEUSRE01,1981,Reggie,Theus,CHI,N,82,2838,1508,115,197,312,476,87,16,277,243,1194,560,449,363,100,25
THOMAIS01,1981,Isiah,Thomas,DET,N,72,2433,1225,57,152,209,565,150,17,299,253,1068,453,429,302,59,17
THOMPDA01,1981,David,Thompson,DEN,N,61,1246,906,57,91,148,117,34,29,142,149,644,313,339,276,14,4
THOMPMY01,1981,Mychal,Thompson,POR,N,79,3129,1642,258,663,921,319,69,107,245,233,1303,681,446,280,0,0
TOLBERA01,1981,Ray,Tolbert,NJN,N,12,115,44,11,16,27,8,4,2,12,19,44,20,8,4,1,0
TOLBERA01,1981,Ray,Tolbert,SEA,N,52,492,175,39,60,99,25,8,14,33,64,158,80,27,15,1,0
TOLBERA01,1981,Ray,Tolbert,TOT,N,64,607,219,50,76,126,33,12,16,45,83,202,100,35,19,2,0
TONEYAN01,1981,Andrew,Toney,PHI,N,77,1909,1274,43,91,134,283,64,17,214,269,979,511,306,227,59,25
TOWNSRA01,1981,Raymond,Townsend,IND,N,14,95,35,2,11,13,10,3,0,6,18,41,11,20,11,9,2
TRIPUKE01,1981,Kelly,Tripucka,DET,N,82,3077,1772,219,224,443,270,89,16,280,241,1281,636,621,495,22,5
TURNEEL01,1981,Elston,Turner,DAL,N,80,1996,661,143,158,301,189,75,3,116,182,639,282,138,97,4,0
TYLERTE01,1981,Terry,Tyler,DET,N,82,1989,815,154,339,493,126,77,160,121,182,643,336,192,142,4,1
VALENDA01,1981,Darnell,Valentine,POR,N,82,1387,526,48,101,149,270,94,3,127,187,453,187,200,152,9,0
VANBRJA01,1981,Jan,Vanbredakolff,NJN,N,41,452,144,17,31,48,32,12,13,29,63,82,41,76,62,2,0
VANDEKI01,1981,Kiki,Vandeweghe,DEN,N,82,2775,1760,149,312,461,247,52,29,189,217,1260,706,405,347,13,1
VERHOPE01,1981,Peter,Verhoeven,POR,N,71,1207,349,106,148,254,52,42,22,55,215,296,149,72,51,0,0
VINCEJA01,1981,Jay,Vincent,DAL,N,81,2626,1732,182,383,565,176,89,21,194,308,1448,719,409,293,4,1
VRANEDA01,1981,Danny,Vranes,SEA,N,77,1075,375,71,127,198,56,28,22,68,150,262,143,148,89,1,0
WALKEFO01,1981,Foots,Walker,NJN,N,77,1861,456,31,119,150,398,120,6,107,179,378,156,194,141,9,3
WALKEWA01,1981,Wally,Walker,SEA,N,70,1965,694,108,197,305,218,36,28,111,215,629,302,134,90,2,0
WASHIKE01,1981,Kermit,Washington,POR,N,20,418,100,40,77,117,29,9,16,19,56,78,38,41,24,0,0
WASHIRI01,1981,Richard,Washington,CLE,N,18,313,109,32,43,75,15,8,2,35,51,115,50,15,9,2,0
WEBSTMA01,1981,Marvin,Webster,NYK,N,82,1883,506,184,306,490,99,22,90,90,211,405,199,170,108,0,0
WEDMASC01,1981,Scott,Wedman,CLE,N,54,1638,591,128,176,304,133,73,14,73,189,589,260,90,66,23,5
WESTPPA01,1981,Paul,Westphal,NYK,N,18,451,210,9,13,22,100,19,8,47,61,194,86,47,36,8,2
WHITEJE01,1981,Jerome,Whitehead,SDC,N,72,2214,996,231,433,664,102,48,44,141,290,726,406,241,184,0,0
WHITNCH02,1981,Charles,Whitney,KCK,N,23,266,54,13,27,40,19,12,1,14,31,71,25,7,4,1,0
WILEYMI01,1981,Michael,Wiley,SDC,N,61,1013,504,67,115,182,52,40,16,71,127,359,203,141,98,5,0
WILKEBO01,1981,Bob,Wilkerson,CLE,N,65,1805,716,60,190,250,237,92,25,138,188,679,284,185,145,18,3
WILKEJA01,1981,Jamaal,Wilkes,LAL,N,82,2906,1734,153,240,393,143,89,24,164,240,1417,744,336,246,4,0
WILKEJA02,1981,James,Wilkes,CHI,N,57,862,314,62,97,159,64,30,18,62,112,266,128,80,58,1,0
WILKIJE01,1981,Jeff,Wilkins,UTA,N,82,2274,765,120,491,611,90,32,77,134,248,718,314,176,137,3,0
WILLIBU01,1981,Buck,Williams,NJN,N,82,2825,1268,347,658,1005,107,84,84,235,285,881,513,388,242,1,0
WILLIFR01,1981,Freeman,Williams,TOT,N,60,997,720,23,39,62,86,29,0,107,103,623,276,166,140,94,28
WILLIFR01,1981,Freeman,Williams,ATL,N,23,189,110,2,10,12,19,6,0,18,18,110,42,26,22,20,4
WILLIFR01,1981,Freeman,Williams,SDC,N,37,808,610,21,29,50,67,23,0,89,85,513,234,140,118,74,24
WILLIGU01,1981,Gus,Williams,SEA,N,80,2876,1875,92,152,244,549,172,36,197,163,1592,773,436,320,40,9
WILLIHE01,1981,Herb,Williams,IND,N,82,2277,942,175,430,605,139,53,178,137,200,854,407,188,126,7,2
WILLIRA01,1981,Ray,Williams,NJN,N,82,2732,1674,117,208,325,488,199,43,290,302,1383,639,465,387,54,9
WILLISA02,1981,Samuel,Williams,GSW,N,59,1073,357,91,217,308,38,45,76,64,156,277,154,89,49,0,0
WILLISL01,1981,Sly,Williams,NYK,N,60,1521,831,100,127,227,142,77,16,114,153,628,349,173,131,9,2
WILLOBI01,1981,Bill,Willoughby,HOU,N,69,1475,539,107,157,264,75,31,60,78,146,464,240,77,56,7,3
WINTEBR01,1981,Brian,Winters,MIL,N,61,1829,967,51,119,170,253,57,9,118,187,806,404,156,123,93,36
WITTSGA01,1981,Garry,Witts,WA1,N,46,493,132,29,33,62,38,17,4,35,74,84,49,40,33,2,1
WOODAL01,1981,Al,Wood,ATL,N,19,238,92,22,22,44,11,9,1,11,34,105,36,28,20,6,0
WOODAL01,1981,Al,Wood,SDC,N,29,692,362,29,61,90,47,22,8,60,74,276,143,91,73,18,3
WOODAL01,1981,Al,Wood,TOT,N,48,930,454,51,83,134,58,31,9,71,108,381,179,119,93,24,3
WOODHO01,1981,Howard,Wood,UTA,N,42,342,144,22,43,65,9,8,6,15,37,120,55,52,34,1,0
WOODSMI01,1981,Mike,Woodson,NJN,N,7,145,83,5,8,13,16,7,2,9,21,68,30,32,23,1,0
WOODSMI01,1981,Mike,Woodson,TOT,N,83,2331,1304,102,145,247,222,142,35,153,220,1069,538,286,221,25,7
WOODSMI01,1981,Mike,Woodson,KCK,N,76,2186,1221,97,137,234,206,135,33,144,199,1001,508,254,198,24,7
WOOLROR01,1981,Orlando,Woolridge,CHI,N,75,1188,548,82,145,227,81,23,24,107,152,394,202,206,144,3,0
WORTHSA01,1981,Sam,Worthen,UTA,N,5,22,4,1,0,1,3,0,0,2,3,5,2,0,0,0,0
WRIGHLA01,1981,Larry,Wright,DET,N,1,6,0,0,0,0,0,0,0,1,2,1,0,0,0,0,0
YONAKRI01,1981,Rich,Yonakor,SAS,N,10,70,33,13,14,27,3,1,2,2,7,26,14,7,5,0,0
ABDULKA01,1982,Kareem,Abdul-jabbar,LAL,N,79,2554,1722,167,425,592,200,61,170,200,220,1228,722,371,278,2,0
ADAMSAL01,1982,Alvan,Adams,PHO,N,80,2447,1135,161,387,548,376,114,74,242,287,981,477,217,180,3,1
AGUIRMA01,1982,Mark,Aguirre,DAL,N,81,2784,1979,191,317,508,332,80,26,261,247,1589,767,589,429,76,16
AINGEDA01,1982,Danny,Ainge,BOS,N,80,2048,791,83,131,214,251,109,6,98,259,720,357,97,72,29,5
ANDERDW01,1982,Dwight,Anderson,DEN,N,5,33,21,0,2,2,3,1,0,5,7,14,7,10,7,0,0
ANDERMI01,1982,Mitchell,Anderson,UTA,N,52,1154,463,115,167,282,66,62,21,74,147,357,182,172,99,3,0
ANDERMI01,1982,Mitchell,Anderson,TOT,N,65,1202,480,119,175,294,67,63,21,79,153,379,190,175,100,4,0
ANDERMI01,1982,Mitchell,Anderson,PHI,N,13,48,17,4,8,12,1,1,0,5,6,22,8,3,1,1,0
ANDERRI01,1982,Richard,Anderson,SDC,N,78,1274,403,111,161,272,120,57,26,93,170,431,174,69,48,19,7
ARCHINA01,1982,Nate,Archibald,BOS,N,66,1811,695,25,66,91,409,38,4,163,110,553,235,296,220,24,5
BAGLEJO01,1982,John,Bagley,CLE,N,68,990,386,17,79,96,167,54,5,118,74,373,161,84,64,14,0
BAILEJA01,1982,James,Bailey,NJN,N,6,50,20,3,3,6,2,1,1,190,15,18,9,2,2,0,0
BAILEJA01,1982,James,Bailey,HOU,N,69,1715,976,168,300,468,65,42,59,6,256,756,376,320,224,1,0
BAILEJA01,1982,James,Bailey,TOT,N,75,1765,996,171,303,474,67,43,60,196,271,774,385,322,226,1,0
BALLAGR01,1982,Greg,Ballard,WA1,N,78,2840,1401,123,385,508,262,135,25,157,176,1274,603,233,182,37,13
BANKSGE01,1982,Gene,Banks,SAS,N,81,2722,1206,222,390,612,279,78,21,171,229,919,505,278,196,5,0
BATESBI01,1982,Billyray,Bates,LAL,N,4,27,5,1,0,1,0,1,0,0,1,16,2,2,1,0,0
BATESBI01,1982,Billyray,Bates,TOT,N,19,304,123,11,8,19,14,14,3,12,19,145,55,22,11,5,2
BATESBI01,1982,Billyray,Bates,WA1,N,15,277,118,10,8,18,14,13,3,12,18,129,53,20,10,5,2
BATTODA01,1982,Dave,Batton,WA1,N,54,558,178,45,74,119,29,15,13,28,56,191,85,17,8,3,0
BENSOKE01,1982,Kent,Benson,DET,N,21,599,208,53,102,155,49,14,17,35,61,182,85,50,38,1,0
BIRDLA01,1982,Larry,Bird,BOS,N,79,2982,1867,193,677,870,458,148,71,240,197,1481,747,418,351,77,22
BIRDSOT01,1982,Otis,Birdsong,NJN,N,62,1885,936,53,97,150,239,85,16,114,155,834,426,145,82,6,2
BLACKRO01,1982,Rolando,Blackman,DAL,N,75,2349,1326,108,185,293,185,37,29,118,116,1042,513,381,297,15,3
BRADLCH01,1982,Charles,Bradley,BOS,N,51,532,184,30,48,78,28,32,27,42,84,176,69,90,46,3,0
BRADLDU01,1982,Dudley,Bradley,CHI,N,58,683,201,27,78,105,106,49,10,59,91,159,82,45,36,5,1
BRANSBR01,1982,Brad,Branson,IND,N,62,680,338,73,100,173,46,27,26,45,81,308,131,108,76,1,0
BRATZMI01,1982,Mike,Bratz,CHI,N,15,140,39,3,16,19,23,7,0,14,20,42,14,13,10,8,1
BREWERO01,1982,Ron,Brewer,CLE,N,21,563,240,9,28,37,27,20,6,25,27,245,98,51,44,3,0
BREWERO01,1982,Ron,Brewer,GSW,N,53,1401,597,50,57,107,69,70,19,72,96,562,246,119,98,15,7
BREWERO01,1982,Ron,Brewer,TOT,N,74,1964,837,59,85,144,96,90,25,97,123,807,344,170,142,18,7
BRIDGJU01,1982,Junior,Bridgeman,MIL,N,70,1855,1007,44,202,246,207,40,9,122,155,856,421,196,164,13,1
BRISTAL01,1982,Allan,Bristow,DAL,N,37,371,104,24,35,59,70,6,1,31,46,99,44,14,10,13,6
BROGAJI01,1982,Jim,Brogan,SDC,N,58,466,219,33,29,62,66,26,9,43,79,213,91,43,34,13,3
BROOKMI01,1982,Michael,Brooks,SDC,N,82,2457,1002,239,282,521,262,112,39,177,297,830,402,277,193,15,5
BROWNFR01,1982,Fred,Brown,SEA,N,80,1432,814,32,65,97,242,59,13,110,98,714,371,72,58,32,14
BROWNRI01,1982,Rickey,Brown,ATL,N,26,305,123,35,53,88,9,5,5,22,46,104,49,40,25,1,0
BROWNRI01,1982,Rickey,Brown,GSW,N,50,743,276,56,122,178,16,8,21,60,126,245,118,65,40,2,0
BROWNRI01,1982,Rickey,Brown,TOT,N,76,1048,399,91,175,266,25,13,26,82,172,349,167,105,65,3,0
BRYANJO01,1982,Joe,Bryant,HOU,N,81,2055,812,88,189,277,186,82,30,177,258,768,344,165,116,36,8
BUCKNQU01,1982,Quinn,Buckner,BOS,N,72,1565,570,62,125,187,275,108,5,159,195,561,248,117,74,4,0
BUSEDO01,1982,Don,Buse,POR,N,41,643,194,19,35,54,115,44,2,25,60,182,72,46,41,35,9
BYRNEMA01,1982,Marty,Byrnes,IND,N,80,1436,391,75,116,191,179,41,6,73,149,374,157,95,71,26,6
CARRKE01,1982,Kenny,Carr,POR,N,82,2331,981,182,407,589,116,62,42,185,306,717,362,366,255,6,2
CARRML01,1982,M.l.,Carr,BOS,N,77,883,333,51,86,137,71,48,10,79,140,315,135,81,60,19,3
CARROJO01,1982,Joebarry,Carroll,GSW,N,79,2988,1907,220,468,688,169,108,155,285,260,1529,785,469,337,3,0
CARTEBU01,1982,Butch,Carter,IND,N,81,1716,849,62,88,150,194,78,13,118,207,706,354,154,124,51,17
CARTWBI01,1982,Bill,Cartwright,NYK,N,82,2468,1290,185,405,590,136,41,127,204,315,804,455,511,380,0,0
CATCHHA01,1982,Harvey,Catchings,MIL,N,74,1554,242,132,276,408,77,26,148,83,224,197,90,92,62,0,0
CHAMBTO01,1982,Tom,Chambers,SDC,N,79,2665,1391,218,301,519,192,79,57,234,333,1099,519,488,353,8,0
CHEEKMA01,1982,Maurice,Cheeks,PHI,N,79,2465,990,53,156,209,543,184,31,179,182,745,404,240,181,6,1
COLLIDO02,1982,Don,Collins,WA1,N,65,1575,765,116,94,210,132,87,30,146,166,635,332,136,101,6,0
CONNELE01,1982,Lester,Conner,GSW,N,75,1416,369,69,152,221,253,116,7,99,141,303,145,113,79,4,0
COOKDA01,1982,Darwin,Cook,NJN,N,82,2625,1080,73,167,240,448,194,48,238,213,986,443,242,186,38,8
COOKJE01,1982,Jeff,Cook,PHO,N,45,551,163,44,85,129,58,12,13,56,89,142,61,54,41,2,0
COOKJE01,1982,Jeff,Cook,TOT,N,75,1333,375,119,216,335,102,39,31,105,181,304,148,104,79,3,0
COOKJE01,1982,Jeff,Cook,CLE,N,30,782,212,75,131,206,44,27,18,49,92,162,87,50,38,1,0
COOPEJO01,1982,Joe,Cooper,WA1,N,5,47,15,4,9,13,2,0,0,6,7,9,5,9,5,0,0
COOPEJO01,1982,Joe,Cooper,SDC,N,13,275,73,36,35,71,15,8,19,23,39,59,31,20,11,0,0
COOPEJO01,1982,Joe,Cooper,LAL,N,2,11,2,2,0,2,0,1,1,3,3,4,1,0,0,0,0
COOPEJO01,1982,Joe,Cooper,TOT,N,20,333,90,42,44,86,17,9,20,32,49,72,37,29,16,0,0
COOPEMI01,1982,Michael,Cooper,LAL,N,82,2148,639,82,192,274,315,115,50,128,208,497,266,130,102,21,5
COOPEWA01,1982,Wayne,Cooper,POR,N,80,2099,775,214,397,611,116,27,136,162,318,723,320,197,135,5,0
CORZIDA01,1982,Dave,Corzine,CHI,N,82,2496,1146,243,474,717,154,47,109,228,242,920,457,322,232,2,0
COWENDA01,1982,Dave,Cowens,MIL,N,40,1014,324,73,201,274,82,30,15,44,137,306,136,63,52,2,0
COXJO02,1982,John,Cox,WA1,N,7,78,29,7,3,10,6,0,1,9,16,37,13,6,3,2,0
CRISSCH01,1982,Charlie,Criss,MIL,N,66,922,412,14,65,79,127,27,0,44,44,375,169,76,68,31,6
CROMPJE01,1982,Jeffrey,Crompton,SAS,N,14,148,31,18,30,48,7,3,5,5,25,34,14,5,3,0,0
CUMMIPA01,1982,Pat,Cummings,DAL,N,81,2317,1014,225,443,668,144,57,35,162,296,878,433,196,148,1,0
CUMMITE01,1982,Terry,Cummings,SDC,N,70,2531,1660,303,441,744,177,129,62,204,294,1309,684,412,292,1,0
CURETEA01,1982,Earl,Cureton,PHI,N,73,987,249,84,185,269,43,37,24,76,144,258,108,67,33,0,0
DAILEQU01,1982,Quintin,Dailey,CHI,N,76,2081,1151,87,173,260,280,72,10,205,248,1008,470,282,206,25,5
DANTLAD01,1982,Adrian,Dantley,UTA,N,22,887,676,58,82,140,105,20,0,81,62,402,233,248,210,0,0
DAVISBR01,1982,Brad,Davis,DAL,N,79,2323,915,34,164,198,565,80,11,143,176,628,359,220,186,43,11
DAVISCH02,1982,Charlie,Davis,WA1,N,74,1161,560,83,130,213,73,32,22,91,122,534,251,89,56,10,2
DAVISJO01,1982,Johnny,Davis,ATL,N,53,1465,685,37,91,128,315,43,7,114,100,567,258,206,164,18,5
DAVISMI03,1982,Michael,Davis,NYK,N,8,28,14,3,7,10,0,0,4,0,4,10,4,10,6,0,0
DAVISWA03,1982,Walter,Davis,PHO,N,80,2491,1521,63,134,197,397,117,12,188,186,1289,665,225,184,23,7
DAWKIDA01,1982,Darryl,Dawkins,NJN,N,81,2093,968,127,293,420,114,67,152,281,379,669,401,257,166,0,0
DENNAKE01,1982,Kenny,Dennard,KCK,N,22,224,28,20,32,52,6,16,1,5,27,34,11,9,6,0,0
DIETRCO01,1982,Coby,Dietrick,SAS,N,8,34,2,2,6,8,6,1,0,1,6,5,1,2,0,0,0
DONALJA01,1982,James,Donaldson,SEA,N,82,1789,728,131,370,501,97,19,101,132,171,496,289,218,150,0,0
DOUGLJO01,1982,John,Douglas,SDC,N,3,12,5,0,1,1,1,0,0,0,0,6,1,2,2,2,1
DOUGLLE01,1982,Leon,Douglas,KCK,N,5,46,4,3,4,7,0,0,3,1,13,3,2,2,0,0,0
DREWJO01,1982,John,Drew,UTA,N,44,1206,932,98,137,235,97,35,7,135,152,671,318,392,296,5,0
DREWLA01,1982,Larry,Drew,KCK,N,75,2690,1510,44,163,207,610,126,10,272,207,1218,599,378,310,16,2
DUEROTE01,1982,Terry,Duerod,GSW,N,5,49,18,0,3,3,5,2,1,9,5,19,9,0,0,0,0
DUNLEMI01,1982,Mike,Dunleavy,SAS,N,79,1619,613,18,116,134,437,74,4,160,210,510,213,154,120,194,67
DUNNTR01,1982,T.r.,Dunn,DEN,N,82,2640,627,231,384,615,189,147,25,113,218,527,254,163,119,1,0
DURENJO01,1982,John,Duren,IND,N,82,1433,369,38,69,107,200,66,5,96,203,360,163,54,43,13,0
EATONMA01,1982,Mark,Eaton,UTA,N,81,1528,351,86,376,462,112,24,275,140,257,353,146,90,59,1,0
EAVESJE01,1982,Jerry,Eaves,UTA,N,82,1588,761,34,88,122,210,51,3,152,116,575,280,247,200,8,1
EDMONKE01,1982,Keith,Edmonson,ATL,N,32,309,112,20,19,39,22,11,6,20,41,139,48,27,16,2,0
EDWARFR01,1982,Franklin,Edwards,PHI,N,81,1266,542,23,62,85,221,81,6,110,119,483,228,113,86,8,0
EDWARJA01,1982,James,Edwards,PHO,N,16,285,141,19,40,59,27,5,5,19,49,113,55,47,31,0,0
EDWARJA01,1982,James,Edwards,CLE,N,15,382,184,37,59,96,13,7,14,30,61,150,73,61,38,0,0
EDWARJA01,1982,James,Edwards,TOT,N,31,667,325,56,99,155,40,12,19,49,110,263,128,108,69,0,0
ELMORLE01,1982,Len,Elmore,NJN,N,74,975,248,81,157,238,39,44,38,83,125,244,97,84,54,1,0
ENGLECH01,1982,Chris,Engler,GSW,N,54,369,81,43,61,104,11,7,17,24,95,94,38,16,5,0,0
ENGLIAL01,1982,Alex,English,DEN,N,82,2988,2326,263,338,601,397,116,126,263,235,1857,959,490,406,12,2
ERVINJU01,1982,Julius,Erving,PHI,N,72,2421,1542,173,318,491,263,112,131,196,202,1170,605,435,330,7,2
EVANSMI01,1982,Mike,Evans,DEN,N,42,695,263,4,54,58,113,23,3,71,94,243,115,41,33,9,0
FLOWEBR01,1982,Bruce,Flowers,CLE,N,53,699,261,71,109,180,47,19,12,43,99,206,110,53,41,2,0
FLOYDSL01,1982,Sleepy,Floyd,TOT,N,76,1248,612,56,81,137,138,58,17,106,134,527,226,180,150,25,10
FLOYDSL01,1982,Sleepy,Floyd,NJN,N,43,494,226,16,26,42,67,19,9,40,56,216,92,45,38,14,4
FLOYDSL01,1982,Sleepy,Floyd,GSW,N,33,754,386,40,55,95,71,39,8,66,78,311,134,135,112,11,6
FORDPH01,1982,Phil,Ford,NJN,N,7,163,47,0,7,7,38,6,0,21,22,35,20,10,7,1,0
FORDPH01,1982,Phil,Ford,MIL,N,70,1447,477,18,78,96,252,46,3,113,168,410,193,113,90,8,1
FORDPH01,1982,Phil,Ford,TOT,N,77,1610,524,18,85,103,290,52,3,134,190,445,213,123,97,9,1
FREEWO01,1982,World,Free,TOT,N,73,2638,1743,92,109,201,290,97,15,209,241,1423,649,583,430,45,15
FREEWO01,1982,World,Free,GSW,N,19,700,434,22,22,44,89,15,3,50,66,364,164,149,106,3,0
FREEWO01,1982,World,Free,CLE,N,54,1938,1309,70,87,157,201,82,12,159,175,1059,485,434,324,42,15
GARNEBI01,1982,Bill,Garnett,DAL,N,75,1411,469,141,265,406,103,48,70,81,245,319,170,174,129,3,0
GARRECA01,1982,Calvin,Garrett,HOU,N,4,34,10,3,4,7,3,0,0,3,4,11,4,2,2,1,0
GERVIGE01,1982,George,Gervin,SAS,N,78,2830,2043,111,246,357,264,88,67,247,243,1553,757,606,517,33,12
GILMOAR01,1982,Artis,Gilmore,SAS,N,82,2797,1479,299,685,984,126,40,192,254,273,888,556,496,367,6,0
GLENNMI01,1982,Mike,Glenn,ATL,N,73,1124,534,16,74,90,125,30,9,52,132,444,230,89,74,1,0
GMINSMI01,1982,Mike,Gminski,NJN,N,80,1255,601,154,228,382,61,35,116,126,118,426,213,225,175,1,0
GONDRGL01,1982,Glen,Gondrezick,DEN,N,76,1130,350,108,193,301,100,80,9,49,161,294,134,114,82,3,0
GREENDA01,1982,David,Greenwood,CHI,N,79,2355,789,217,548,765,151,54,90,154,261,686,312,233,165,4,0
GREENRI01,1982,Rickey,Green,UTA,N,78,2783,1115,62,161,223,697,220,4,222,154,942,464,232,185,13,2
GREIGJO01,1982,John,Greig,SEA,N,9,26,19,2,4,6,0,0,1,2,4,13,7,6,5,0,0
GREVEKE01,1982,Kevin,Grevey,WA1,N,41,756,297,18,31,49,49,18,7,27,61,294,114,69,54,38,15
GRIFFDA01,1982,Darrell,Griffith,UTA,N,77,2787,1709,100,204,304,270,138,33,252,184,1554,752,246,167,132,38
GRIFFPA01,1982,Paul,Griffin,SAS,N,53,956,173,77,139,216,86,33,25,68,153,116,60,76,53,0,0
GROSSBO01,1982,Bob,Gross,SDC,N,27,373,83,32,34,66,34,22,7,24,69,82,35,19,12,3,1
GRUNFER01,1982,Ernie,Grunfeld,NYK,N,77,1422,415,42,121,163,136,40,10,84,172,377,167,98,81,4,0
HANZLBI01,1982,Bill,Hanzlik,DEN,N,82,1547,500,80,156,236,268,75,15,144,220,437,187,160,125,7,1
HASSEJO01,1982,Joey,Hassett,GSW,N,6,139,39,3,8,11,21,2,0,9,14,44,19,0,0,9,1
HASTISC01,1982,Scott,Hastings,ATL,N,10,42,14,5,5,10,2,1,1,3,3,16,5,6,4,2,0
HASTISC01,1982,Scott,Hastings,NYK,N,21,98,23,10,21,31,1,5,0,6,31,22,8,14,7,1,0
HASTISC01,1982,Scott,Hastings,TOT,N,31,140,37,15,26,41,3,6,1,9,34,38,13,20,11,3,0
HAWESST01,1982,Steve,Hawes,TOT,N,77,1416,400,81,280,361,95,38,14,107,189,390,163,94,69,21,5
HAWESST01,1982,Steve,Hawes,SEA,N,31,556,170,28,105,133,36,9,6,34,79,146,72,32,23,7,3
HAWESST01,1982,Steve,Hawes,ATL,N,46,860,230,53,175,228,59,29,8,73,110,244,91,62,46,14,2
HAYESEL01,1982,Elvin,Hayes,HOU,N,81,2302,1046,199,417,616,158,50,81,200,232,890,424,287,196,4,2
HAYESST01,1982,Steve,Hayes,CLE,N,65,1058,237,102,134,236,36,17,41,49,215,217,104,51,29,1,0
HAYWOSP01,1982,Spencer,Haywood,WA1,N,38,775,313,77,106,183,30,12,27,67,94,312,125,87,63,1,0
HENDEGE01,1982,Gerald,Henderson,BOS,N,82,1551,671,57,67,124,195,95,3,128,190,618,286,133,96,16,3
HENDETO01,1982,Tom,Henderson,HOU,N,51,789,259,18,51,69,138,37,2,50,57,263,107,57,45,2,0
HIGGIRO01,1982,Rod,Higgins,CHI,N,82,2196,848,159,207,366,175,66,65,127,248,698,313,264,209,41,13
HIGHJO01,1982,Johnny,High,PHO,N,82,1155,264,45,105,150,153,85,34,106,205,217,100,136,63,5,1
HILLAR01,1982,Armond,Hill,MIL,N,14,169,46,5,15,20,27,9,0,13,20,26,14,22,18,0,0
HODGECR01,1982,Craig,Hodges,SDC,N,76,2022,750,53,69,122,275,82,4,161,192,704,318,130,94,90,20
HOLLILI01,1982,Lionel,Hollins,SDC,N,56,1844,758,30,98,128,373,111,14,198,155,717,313,179,129,21,3
HUBBAPH01,1982,Phil,Hubbard,CLE,N,82,1953,780,222,249,471,89,87,8,158,271,597,288,296,204,2,0
HUSTOGE01,1982,Geoff,Huston,CLE,N,80,2716,974,41,118,159,487,74,4,195,215,832,401,245,168,12,4
IAVARMA01,1982,Marc,Iavaroni,PHI,N,80,1612,404,117,212,329,83,32,44,133,238,353,163,113,78,2,0
ISSELDA01,1982,Dan,Issel,DEN,N,80,2431,1726,151,445,596,223,83,43,174,227,1296,661,479,400,19,4
JACKSTR01,1982,Tracy,Jackson,CHI,N,78,1309,492,87,92,179,105,64,11,83,132,426,199,126,92,13,2
JOHNSCL01,1982,Clemon,Johnson,PHI,N,32,698,216,75,130,205,24,16,29,36,84,182,91,58,34,0,0
JOHNSCL01,1982,Clemon,Johnson,IND,N,51,1216,493,115,204,319,115,51,63,88,137,399,208,122,77,1,0
JOHNSCL01,1982,Clemon,Johnson,TOT,N,83,1914,709,190,334,524,139,67,92,124,221,581,299,180,111,1,0
JOHNSCL02,1982,Clay,Johnson,LAL,N,48,447,144,40,29,69,24,22,4,25,62,135,53,48,38,2,0
JOHNSDE01,1982,Dennis,Johnson,PHO,N,77,2551,1093,92,243,335,388,97,39,204,204,861,398,369,292,31,5
JOHNSED02,1982,Eddie,Johnson,ATL,N,61,1813,978,26,98,124,318,61,6,156,138,858,389,237,186,41,14
JOHNSED03,1982,Eddie,Johnson,KCK,N,82,2933,1621,191,310,501,216,70,20,181,259,1370,677,317,247,71,20
JOHNSFR01,1982,Frank,Johnson,WA1,N,68,2324,852,46,132,178,549,110,6,238,170,786,321,261,196,61,14
JOHNSGE01,1982,George,Johnson,ATL,N,37,461,64,44,73,117,17,10,59,19,69,57,25,19,14,0,0
JOHNSGE03,1982,George,Johnson,IND,N,82,2297,951,176,369,545,220,77,53,242,279,858,409,172,126,38,7
JOHNSJI01,1982,Jim,Johnstone,TOT,N,23,191,31,15,31,46,11,3,7,15,33,30,11,20,9,0,0
JOHNSJI01,1982,Jim,Johnstone,SAS,N,7,54,7,4,12,16,1,1,1,4,9,10,2,5,3,0,0
JOHNSJI01,1982,Jim,Johnstone,DET,N,16,137,24,11,19,30,10,2,6,11,24,20,9,15,6,0,0
JOHNSMA01,1982,Magic,Johnson,LAL,N,79,2907,1326,214,469,683,829,176,47,301,200,933,511,380,304,21,0
JOHNSMA02,1982,Marques,Johnson,MIL,N,80,2853,1714,196,366,562,363,100,56,196,211,1420,723,359,264,20,4
JOHNSMI01,1982,Mickey,Johnson,MIL,N,6,153,67,9,16,25,11,1,2,12,22,66,30,9,7,2,0
JOHNSMI01,1982,Mickey,Johnson,NJN,N,42,1001,564,66,158,224,144,56,21,121,135,496,199,201,164,17,2
JOHNSMI01,1982,Mickey,Johnson,GSW,N,30,899,466,88,157,245,100,25,23,105,131,359,162,170,141,17,1
JOHNSMI01,1982,Mickey,Johnson,TOT,N,78,2053,1097,163,331,494,255,82,46,238,288,921,391,380,312,36,3
JOHNSRE01,1982,Reggie,Johnson,TOT,N,79,1541,590,107,184,291,71,26,43,104,232,509,247,130,95,4,1
JOHNSRE01,1982,Reggie,Johnson,KCK,N,50,992,430,75,126,201,48,18,26,69,150,355,178,100,73,4,1
JOHNSRE01,1982,Reggie,Johnson,PHI,N,29,549,160,32,58,90,23,8,17,35,82,154,69,30,22,0,0
JOHNSST01,1982,Steve,Johnson,KCK,N,79,1544,928,140,258,398,95,40,83,180,323,595,371,324,186,0,0
JOHNSVI01,1982,Vinnie,Johnson,DET,N,82,2511,1296,167,186,353,301,93,49,152,263,1013,520,315,245,40,11
JONESBO01,1982,Bobby,Jones,PHI,N,74,1749,665,102,242,344,142,85,91,109,199,460,250,208,165,1,0
JONESCA01,1982,Caldwell,Jones,HOU,N,82,2440,776,222,446,668,138,46,131,171,278,677,307,206,162,2,0
JONESDW01,1982,Dwight,Jones,LAL,N,32,491,156,28,86,114,22,13,9,35,82,132,62,48,32,1,0
JONESDW01,1982,Dwight,Jones,CHI,N,49,673,219,56,139,195,40,18,14,66,90,193,86,75,47,0,0
JONESDW01,1982,Dwight,Jones,TOT,N,81,1164,375,84,225,309,62,31,23,101,172,325,148,123,79,1,0
JONESED02,1982,Edgar,Jones,TOT,N,77,1658,677,136,312,448,89,42,108,146,267,479,237,286,201,9,2
JONESED02,1982,Edgar,Jones,DET,N,49,1036,409,80,191,271,69,28,77,103,160,294,145,172,117,6,2
JONESED02,1982,Edgar,Jones,SAS,N,28,622,268,56,121,177,20,14,31,43,107,185,92,114,84,3,0
JONESMA01,1982,Major,Jones,HOU,N,60,878,340,114,149,263,39,22,22,83,104,311,142,102,56,2,0
JONESWI03,1982,Willie,Jones,SDC,N,9,85,40,10,7,17,4,3,0,6,14,37,17,6,6,0,0
JORDAED01,1982,Eddie,Jordan,LAL,N,35,333,94,8,18,26,80,31,1,54,52,132,40,17,11,16,3
JUDKIJE01,1982,Jeff,Judkins,POR,N,34,309,105,18,25,43,17,15,2,17,39,88,39,30,25,8,2
KELLERI01,1982,Rich,Kelley,UTA,N,32,780,229,70,162,232,79,33,21,65,106,152,71,105,87,0,0
KELLERI01,1982,Rich,Kelley,DEN,N,38,565,173,61,111,172,59,21,18,53,115,141,59,70,55,0,0
KELLERI01,1982,Rich,Kelley,TOT,N,70,1345,402,131,273,404,138,54,39,118,221,293,130,175,142,0,0
KELLOCL01,1982,Clark,Kellogg,IND,N,81,2761,1625,340,520,860,223,141,43,217,298,1420,680,352,261,18,4
KELSEGR01,1982,Greg,Kelser,SEA,N,80,1507,667,158,245,403,97,52,35,149,243,450,247,257,173,3,0
KENONLA01,1982,Larry,Kenon,CHI,N,5,25,4,1,3,4,0,1,0,2,2,6,2,0,0,0,0
KENONLA01,1982,Larry,Kenon,GSW,N,11,121,41,13,13,26,5,1,0,6,13,39,17,11,7,0,0
KENONLA01,1982,Larry,Kenon,CLE,N,32,624,235,52,65,117,34,21,9,39,49,212,100,46,35,1,0
KENONLA01,1982,Larry,Kenon,TOT,N,48,770,280,66,81,147,39,23,9,47,64,257,119,57,42,1,0
KINGAL01,1982,Albert,King,NJN,N,79,2447,1346,157,299,456,291,95,41,245,278,1226,582,227,176,23,6
KINGBE01,1982,Bernard,King,NYK,N,68,2207,1486,99,227,326,195,90,13,197,233,1142,603,388,280,6,0
KINGRE01,1982,Reggie,King,KCK,N,58,995,281,91,149,240,58,28,11,65,94,225,104,96,73,0,0
KNIGHBI01,1982,Billy,Knight,IND,N,80,2262,1370,152,172,324,192,66,8,193,143,984,512,408,343,19,3
KOPICJO01,1982,Joe,Kopicki,WA1,N,17,201,67,18,44,62,9,9,2,8,21,51,23,25,21,1,0
KRAMEJO01,1982,Joel,Kramer,PHO,N,54,458,102,41,47,88,37,15,6,22,63,104,44,16,14,1,0
LACEYSA01,1982,Sam,Lacey,CLE,N,60,1232,253,62,169,231,118,29,25,98,209,264,111,37,29,9,2
LAIMBBI01,1982,Bill,Laimbeer,DET,N,82,2871,1119,282,711,993,263,51,118,176,320,877,436,310,245,13,2
LAMPJE01,1982,Jeff,Lamp,POR,N,59,690,257,25,51,76,58,20,3,38,67,252,107,52,42,6,1
LANDSMA01,1982,Mark,Landsberger,LAL,N,39,356,98,55,73,128,12,8,4,20,48,102,43,25,12,0,0
LANIEBO01,1982,Bob,Lanier,MIL,N,39,978,417,58,142,200,105,34,24,82,125,332,163,133,91,1,0
LEAVEAL01,1982,Allen,Leavell,HOU,N,79,2602,1167,64,131,195,530,165,14,198,215,1059,439,297,247,175,42
LESTERO01,1982,Ronnie,Lester,CHI,N,65,1437,528,46,126,172,332,51,6,134,121,446,202,171,124,5,0
LEVERLA01,1982,Lafayette,Lever,POR,N,81,2020,633,85,140,225,426,153,15,137,179,594,256,159,116,15,5
LEVINCL01,1982,Cliff,Levingston,DET,N,62,879,346,104,128,232,52,23,36,73,125,270,131,147,84,1,0
LINGEST01,1982,Steve,Lingenfelter,WA1,N,7,53,8,1,11,12,4,1,3,5,16,6,4,4,0,0,0
LISTEAL01,1982,Alton,Lister,MIL,N,80,1885,674,168,400,568,111,50,177,186,328,514,272,242,130,0,0
LLOYDLE01,1982,Lewis,Lloyd,GSW,N,73,1350,687,77,183,260,130,61,31,118,109,566,293,139,100,4,1
LLOYDSC01,1982,Scott,Lloyd,DAL,N,15,206,49,19,27,46,21,6,6,6,24,50,19,17,11,1,0
LODERKE01,1982,Kevin,Loder,KCK,N,66,818,334,37,88,125,72,29,8,64,98,300,138,80,53,9,5
LONGJO01,1982,John,Long,DET,N,70,1485,737,56,124,180,105,44,12,144,130,692,312,146,111,7,2
LUCASJO01,1982,John,Lucas,WA1,N,35,386,145,8,21,29,102,25,1,47,18,131,62,42,21,5,0
LUCASMA01,1982,Maurice,Lucas,PHO,N,77,2586,1269,201,598,799,219,56,43,221,274,1045,495,356,278,3,1
MACKLRU01,1982,Rudy,Macklin,ATL,N,73,1171,441,85,105,190,71,41,10,89,189,360,170,131,101,4,0
MACYKY01,1982,Kyle,Macy,PHO,N,82,1836,808,41,124,165,278,64,8,90,130,634,328,148,129,76,23
MAGLEDA01,1982,Dave,Magley,CLE,N,14,56,12,2,8,10,2,2,0,2,5,16,4,8,4,1,0
MAHORRI01,1982,Rick,Mahorn,WA1,N,82,3023,898,171,608,779,115,86,148,170,335,768,376,254,146,3,0
MALONMO01,1982,Moses,Malone,PHI,N,78,2922,1908,445,749,1194,101,89,157,264,206,1305,654,788,600,1,0
MATTHWE01,1982,Wes,Matthews,ATL,N,64,1187,442,25,66,91,249,60,8,123,129,424,171,112,86,48,14
MAXWECE01,1982,Cedric,Maxwell,BOS,N,79,2252,942,185,237,422,186,65,39,165,202,663,331,345,280,1,0
MAYSC01,1982,Scott,May,DET,N,9,155,59,10,16,26,12,5,2,13,24,50,21,21,17,0,0
MCADOBO01,1982,Bob,Mcadoo,LAL,N,47,1019,703,76,171,247,39,40,40,68,153,562,292,163,119,1,0
MCDOWHA01,1982,Hank,Mcdowell,GSW,N,14,130,40,15,15,30,4,2,4,8,26,29,13,18,14,0,0
MCDOWHA01,1982,Hank,Mcdowell,POR,N,42,375,123,39,50,89,20,6,7,32,58,97,45,43,33,2,0
MCDOWHA01,1982,Hank,Mcdowell,TOT,N,56,505,163,54,65,119,24,8,11,40,84,126,58,61,47,2,0
MCGEEMI01,1982,Mike,Mcgee,LAL,N,39,381,156,33,20,53,26,11,5,27,50,163,69,23,17,7,1
MCHALKE01,1982,Kevin,Mchale,BOS,N,82,2345,1159,215,338,553,104,34,192,159,241,893,483,269,193,1,0
MCKINBI01,1982,Billy,Mckinney,DEN,N,68,1559,668,21,100,121,288,39,5,101,142,546,266,167,136,7,0
MCMILTO01,1982,Tom,Mcmillen,ATL,N,61,1364,504,57,160,217,76,17,24,80,143,424,198,133,108,1,0
MCNAMMA01,1982,Mark,Mcnamara,PHI,N,36,182,78,34,42,76,7,3,3,36,42,64,29,45,20,0,0
MERIWJO01,1982,Joe,Meriweather,KCK,N,78,1706,618,150,274,424,64,47,86,118,285,453,258,163,102,0,0
MITCHMI01,1982,Mike,Mitchell,SAS,N,80,2803,1591,188,349,537,98,57,52,126,248,1342,686,289,219,3,0
MIXST01,1982,Steve,Mix,TOT,N,58,809,350,38,99,137,70,33,3,45,71,283,137,88,75,4,1
MIXST01,1982,Steve,Mix,LAL,N,1,17,9,1,0,1,2,0,0,0,1,10,4,1,1,0,0
MIXST01,1982,Steve,Mix,MIL,N,57,792,341,37,99,136,68,33,3,45,70,273,133,87,74,4,1
MOKESPA01,1982,Paul,Mokeski,TOT,N,73,1128,288,76,184,260,49,21,44,67,223,260,119,68,50,1,0
MOKESPA01,1982,Paul,Mokeski,CLE,N,23,539,126,47,91,138,26,12,23,27,85,121,55,26,16,0,0
MOKESPA01,1982,Paul,Mokeski,MIL,N,50,589,162,29,93,122,23,9,21,40,138,139,64,42,34,1,0
MONCRSI01,1982,Sidney,Moncrief,MIL,N,76,2710,1712,192,245,437,300,113,23,197,180,1156,606,604,499,10,1
MOOREJO01,1982,Johnny,Moore,SAS,N,77,2552,941,65,212,277,753,194,32,226,247,841,394,199,148,22,5
MOORELO01,1982,Lowes,Moore,SDC,N,37,642,210,15,40,55,73,22,1,46,72,190,81,56,42,23,6
MORGAGU01,1982,Guy,Morgan,IND,N,8,46,15,6,11,17,7,2,0,2,7,24,7,4,1,0,0
MURPHCA01,1982,Calvin,Murphy,HOU,N,64,1423,816,34,40,74,158,59,4,89,163,754,337,150,138,14,4
NANCELA01,1982,Larry,Nance,PHO,N,82,2914,1370,239,471,710,197,99,217,190,254,1069,588,287,193,3,1
NATERSW01,1982,Swen,Nater,SDC,N,7,51,16,2,11,13,1,1,0,3,1,20,6,4,4,0,0
NATTCA01,1982,Calvin,Natt,POR,N,80,2879,1630,214,385,599,171,63,29,203,184,1187,644,428,339,20,3
NATTKE01,1982,Kenny,Natt,UTA,N,22,210,85,6,16,22,28,5,0,22,36,73,38,14,9,2,0
NEALYED01,1982,Ed,Nealy,KCK,N,82,1643,364,170,315,485,62,68,12,51,247,247,147,114,70,0,0
NEVITCH01,1982,Chuck,Nevitt,HOU,N,6,64,23,6,11,17,0,1,12,7,14,15,11,4,1,0,0
NICKSCA01,1982,Carl,Nicks,CLE,N,9,148,63,8,18,26,11,6,0,11,17,59,26,17,11,1,0
NIMPHKU01,1982,Kurt,Nimphius,DAL,N,81,1515,426,157,247,404,115,24,111,66,287,355,174,140,77,1,1
NIXONNO01,1982,Norm,Nixon,LAL,N,79,2711,1191,61,144,205,566,104,4,237,176,1123,533,168,125,13,0
NORRIAU01,1982,Audie,Norris,POR,N,30,311,66,25,44,69,24,13,2,33,61,63,26,30,14,0,0
OKORMI01,1982,Mike,O'koren,NJN,N,46,803,308,42,72,114,82,42,11,62,67,259,136,48,34,9,2
OLBERMA01,1982,Mark,Olberding,CHI,N,80,1817,698,108,250,358,131,50,9,152,246,522,251,248,194,12,2
OLDHAJA01,1982,Jawann,Oldham,CHI,N,16,171,74,18,29,47,5,5,13,13,30,58,31,22,12,0,0
ORRLO01,1982,Louis,Orr,NYK,N,82,1666,688,94,134,228,94,64,24,93,134,593,274,175,140,2,0
OWENSTO01,1982,Tom,Owens,DET,N,49,725,207,66,120,186,44,12,14,48,115,192,81,66,45,0,0
PARISRO01,1982,Robert,Parish,BOS,N,78,2459,1509,260,567,827,141,79,148,185,222,1125,619,388,271,1,0
PAULTBI01,1982,Billy,Paultz,SAS,N,7,125,25,10,23,33,4,5,6,6,14,27,12,2,1,0,0
PAULTBI01,1982,Billy,Paultz,HOU,N,57,695,204,54,113,167,57,12,12,41,95,200,89,57,26,0,0
PAULTBI01,1982,Billy,Paultz,TOT,N,64,820,229,64,136,200,61,17,18,47,109,227,101,59,27,0,0
PAXSOJI01,1982,Jim,Paxson,POR,N,81,2740,1756,68,106,174,231,140,17,156,160,1323,682,478,388,25,4
PELLOSA01,1982,Sam,Pellom,ATL,N,2,9,4,0,0,0,1,0,0,0,0,6,2,0,0,0,0
PELLOSA01,1982,Sam,Pellom,TOT,N,6,29,12,2,6,8,1,0,0,2,3,16,6,0,0,0,0
PELLOSA01,1982,Sam,Pellom,MIL,N,4,20,8,2,6,8,0,0,0,2,3,10,4,0,0,0,0
PHEGLRO01,1982,Roger,Phegley,SAS,N,62,599,286,39,45,84,60,30,8,49,92,267,120,56,43,14,3
PHILLED01,1982,Eddie,Phillips,NJN,N,48,416,152,27,50,77,29,14,8,50,58,138,56,59,40,2,0
PIERCRI01,1982,Ricky,Pierce,DET,N,39,265,85,15,20,35,14,8,4,18,42,88,33,32,18,7,1
PITTMCH01,1982,Charlie,Pittman,PHO,N,28,170,63,13,18,31,7,2,7,22,41,40,19,37,25,1,0
POQUEBE01,1982,Ben,Poquette,UTA,N,75,2331,825,155,366,521,168,64,116,100,264,697,329,221,166,5,1
PORTEKE01,1982,Kevin,Porter,WA1,N,11,210,47,2,3,5,46,10,0,21,30,40,21,6,5,0,0
PRESSPA01,1982,Paul,Pressey,MIL,N,79,1528,532,83,198,281,207,99,47,162,174,466,213,176,105,9,1
RADFOMA01,1982,Mark,Radford,SEA,N,54,439,202,12,35,47,104,34,4,74,78,172,84,73,30,18,4
RAINSED01,1982,Ed,Rains,SAS,N,34,292,95,25,19,44,22,10,1,25,35,83,33,43,29,1,0
RAMBIKU01,1982,Kurt,Rambis,LAL,N,78,1806,584,164,367,531,90,105,63,145,233,413,235,166,114,2,0
RANSEKE01,1982,Kelvin,Ransey,DAL,N,76,1607,840,44,103,147,280,58,4,129,109,746,343,199,152,16,2
RAYJA01,1982,Jamesearl,Ray,DEN,N,45,433,173,0,126,126,39,24,19,50,83,153,70,51,33,1,0
RICHACL01,1982,Clint,Richardson,PHI,N,77,1755,589,98,149,247,168,71,18,99,164,559,259,111,71,6,0
RICHAMI01,1982,Michealray,Richardson,NJN,N,31,1002,395,68,82,150,187,81,15,107,116,388,170,76,51,20,4
RICHAMI01,1982,Michealray,Richardson,GSW,N,33,1074,411,45,100,145,245,101,9,137,124,427,176,87,55,31,4
RICHAMI01,1982,Michealray,Richardson,TOT,N,64,2076,806,113,182,295,432,182,24,244,240,815,346,163,106,51,8
ROBEYRI01,1982,Rick,Robey,BOS,N,59,855,245,79,140,219,65,13,8,72,131,214,100,78,45,0,0
ROBINCL01,1982,Cliff,Robinson,CLE,N,77,2601,1387,190,666,856,145,61,58,224,272,1230,587,301,213,5,0
ROBINOL01,1982,Oliver,Robinson,SAS,N,35,147,101,6,11,17,21,4,2,13,18,97,35,45,30,11,1
ROBINTR01,1982,Truck,Robinson,NYK,N,81,2426,770,199,458,657,145,57,24,190,241,706,326,201,118,0,0
ROBISDA01,1982,Dave,Robisch,DEN,N,61,711,284,34,117,151,53,10,9,45,61,251,96,118,92,1,0
ROLLITR01,1982,Tree,Rollins,ATL,N,80,2472,620,210,533,743,75,49,343,95,294,512,261,135,98,1,0
ROMARLO01,1982,Lorenzo,Romar,GSW,N,82,2130,620,23,115,138,455,98,5,141,142,572,266,105,78,33,10
ROUNDDA01,1982,Dan,Roundfield,ATL,N,77,2811,1464,259,621,880,225,60,115,245,239,1193,561,450,337,27,5
RULANJE01,1982,Jeff,Ruland,WA1,N,79,2862,1536,293,578,871,234,74,77,297,312,1051,580,544,375,3,1
RUSSEWA01,1982,Walker,Russell,DET,N,68,757,183,19,54,73,131,16,1,92,71,184,67,58,47,18,2
SANDEMI01,1982,Mike,Sanders,SAS,N,26,393,183,31,63,94,19,18,6,28,57,157,76,43,31,2,0
SCHAYDA01,1982,Danny,Schayes,TOT,N,82,2284,912,200,435,635,205,54,98,253,325,749,342,295,228,1,0
SCHAYDA01,1982,Danny,Schayes,DEN,N,32,646,293,63,123,186,40,15,30,58,109,235,111,100,71,0,0
SCHAYDA01,1982,Danny,Schayes,UTA,N,50,1638,619,137,312,449,165,39,68,195,216,514,231,195,157,1,0
SCHOERU01,1982,Russ,Schoene,IND,N,31,520,243,44,57,101,27,12,14,35,74,228,101,55,40,3,1
SCHOERU01,1982,Russ,Schoene,PHI,N,46,702,233,52,102,154,32,13,9,46,118,207,106,28,21,1,0
SCHOERU01,1982,Russ,Schoene,TOT,N,77,1222,476,96,159,255,59,25,23,81,192,435,207,83,61,4,1
SCOTTAL01,1982,Alvin,Scott,PHO,N,81,1139,329,60,164,224,97,48,31,64,133,259,124,110,81,2,0
SHELTLO01,1982,Lonnie,Shelton,SEA,N,82,2572,1016,158,337,495,237,75,72,172,310,915,437,187,141,6,1
SHEROED01,1982,Edmund,Sherod,NYK,N,64,1624,395,43,106,149,311,96,14,104,112,421,171,80,52,13,1
SHORTPU01,1982,Purvis,Short,GSW,N,67,2397,1437,145,209,354,228,94,14,194,242,1209,589,308,255,15,4
SICHTJE01,1982,Jerry,Sichting,IND,N,78,2435,727,33,122,155,433,104,2,138,185,661,316,107,92,18,3
SIKMAJA01,1982,Jack,Sikma,SEA,N,75,2564,1368,213,645,858,233,87,65,190,263,1043,484,478,400,8,0
SLAUGJO01,1982,Jose,Slaughter,IND,N,63,515,225,34,34,68,52,36,7,42,93,238,89,59,38,41,9
SMITHDE01,1982,Derek,Smith,GSW,N,27,154,59,10,28,38,2,0,4,11,40,51,21,25,17,2,0
SMITHJI01,1982,Jim,Smith,DET,N,4,18,8,0,5,5,0,0,0,0,4,4,3,4,2,0,0
SMITHLA01,1982,Larry,Smith,GSW,N,49,1433,413,209,276,485,46,36,20,83,186,306,180,99,53,0,0
SMITHPH01,1982,Phil,Smith,SEA,N,79,1238,454,27,103,130,216,44,8,102,113,400,175,133,101,8,3
SMITHRA01,1982,Randy,Smith,TOT,N,80,1406,663,37,59,96,206,56,0,98,139,565,273,131,114,18,3
SMITHRA01,1982,Randy,Smith,ATL,N,15,142,71,2,6,8,14,2,0,9,17,66,29,14,13,2,0
SMITHRA01,1982,Randy,Smith,SDC,N,65,1264,592,35,53,88,192,54,0,89,122,499,244,117,101,16,3
SMITHRO01,1982,Robert,Smith,SAS,N,7,25,12,0,3,3,2,1,0,3,6,11,5,2,2,1,0
SMITHRO01,1982,Robert,Smith,TOT,N,12,68,23,1,5,6,8,5,0,6,13,24,7,10,9,2,0
SMITHRO01,1982,Robert,Smith,SDC,N,5,43,11,1,2,3,6,4,0,3,7,13,2,8,7,1,0
SOBERRI01,1982,Ricky,Sobers,WA1,N,41,1438,645,35,67,102,218,61,14,147,158,534,234,185,154,55,23
SPANAJI01,1982,Jim,Spanarkel,DAL,N,48,722,272,27,57,84,78,27,3,55,59,197,91,113,88,10,2
SPARRRO01,1982,Rory,Sparrow,TOT,N,81,2428,936,61,169,230,397,107,5,197,255,810,392,199,147,22,5
SPARRRO01,1982,Rory,Sparrow,NYK,N,32,880,321,22,67,89,159,37,4,71,93,298,128,86,63,7,2
SPARRRO01,1982,Rory,Sparrow,ATL,N,49,1548,615,39,102,141,238,70,1,126,162,512,264,113,84,15,3
SPRIGLA01,1982,Larry,Spriggs,CHI,N,9,39,21,2,7,9,3,1,2,2,3,20,8,7,5,0,0
STEPPBR01,1982,Brook,Steppe,KCK,N,62,606,245,25,48,73,68,26,3,55,92,176,84,100,76,7,1
TAYLOJE01,1982,Jeff,Taylor,HOU,N,44,774,158,25,53,78,110,40,15,60,82,160,64,46,30,1,0
TAYLOVI01,1982,Vince,Taylor,NYK,N,31,321,95,19,17,36,41,20,2,30,54,102,37,32,21,0,0
TEAGLTE01,1982,Terry,Teagle,HOU,N,73,1708,761,74,120,194,150,53,18,137,171,776,332,125,87,29,10
TERRYCA01,1982,Carlos,Terry,WA1,N,55,514,88,27,72,99,46,24,13,20,79,106,39,15,10,2,0
THEUSRE01,1982,Reggie,Theus,CHI,N,82,2856,1953,91,209,300,484,143,17,321,281,1567,749,542,434,91,21
THIRDDA01,1982,David,Thirdkill,PHO,N,49,521,194,28,44,72,36,19,4,48,93,170,74,78,45,7,1
THOMAIS01,1982,Isiah,Thomas,DET,N,81,3093,1854,105,223,328,634,199,29,326,318,1537,725,518,368,125,36
THOMPCO01,1982,Corny,Thompson,DAL,N,44,520,122,41,79,120,34,12,7,31,92,137,43,46,36,0,0
THOMPDA01,1982,David,Thompson,SEA,N,75,2155,1190,96,174,270,222,47,33,163,142,925,445,380,298,10,2
THOMPLA01,1982,Lasalle,Thompson,KCK,N,71,987,383,133,242,375,33,40,61,96,186,287,147,137,89,1,0
THOMPMY01,1982,Mychal,Thompson,POR,N,80,3017,1259,183,570,753,380,68,110,281,213,1033,505,401,249,1,0
TILLIDA01,1982,Darren,Tillis,BOS,N,15,44,16,4,5,9,2,0,2,4,8,23,7,6,2,1,0
TILLIDA01,1982,Darren,Tillis,CLE,N,37,482,152,37,84,121,16,8,28,18,86,158,69,22,14,0,0
TILLIDA01,1982,Darren,Tillis,TOT,N,52,526,168,41,89,130,18,8,30,22,94,181,76,28,16,1,0
TOLBERA01,1982,Ray,Tolbert,TOT,N,73,1107,366,72,170,242,50,26,47,83,153,314,157,103,52,3,0
TOLBERA01,1982,Ray,Tolbert,SEA,N,45,712,224,46,105,151,31,16,24,51,97,190,100,44,24,2,0
TOLBERA01,1982,Ray,Tolbert,DET,N,28,395,142,26,65,91,19,10,23,32,56,124,57,59,28,1,0
TONEYAN01,1982,Andrew,Toney,PHI,N,81,2474,1598,42,183,225,365,80,17,271,255,1250,626,411,324,76,22
TOWNELI01,1982,Linton,Townes,POR,N,55,516,247,30,35,65,31,19,5,33,81,234,105,38,28,25,9
TRIPUKE01,1982,Kelly,Tripucka,DET,N,58,2252,1536,126,138,264,237,67,20,187,157,1156,565,464,392,37,14
TUCKETR01,1982,Trent,Tucker,NYK,N,78,1830,655,75,141,216,195,56,6,70,235,647,299,64,43,30,14
TURNEEL01,1982,Elston,Turner,DAL,N,59,879,214,68,84,152,88,47,0,59,75,238,96,30,20,3,2
TYLERTE01,1982,Terry,Tyler,DET,N,82,2543,990,180,360,540,157,103,160,120,221,880,421,196,146,15,2
VALENDA01,1982,Darnell,Valentine,POR,N,47,1298,587,34,83,117,293,101,5,131,139,460,209,213,169,1,0
VANBRJA01,1982,Jan,Vanbredakolff,NJN,N,13,63,15,2,11,13,5,2,2,3,9,14,5,6,5,0,0
VANDEKI01,1982,Kiki,Vandeweghe,DEN,N,82,2909,2186,124,313,437,203,66,38,177,198,1537,841,559,489,51,15
VERHOPE01,1982,Peter,Verhoeven,POR,N,48,527,195,44,52,96,32,18,9,40,95,171,87,31,21,1,0
VINCEJA01,1982,Jay,Vincent,DAL,N,81,2726,1513,217,375,592,212,70,45,188,295,1272,622,343,269,3,0
VRANEDA01,1982,Danny,Vranes,SEA,N,82,2054,567,177,248,425,120,53,49,102,254,429,226,209,115,1,0
WALKEFO01,1982,Foots,Walker,NJN,N,79,1388,346,30,106,136,264,78,3,104,134,250,114,149,116,12,2
WALKEWA01,1982,Wally,Walker,HOU,N,82,2251,797,137,236,373,199,37,22,144,202,806,362,116,72,4,1
WALTOBI01,1982,Bill,Walton,SDC,N,33,1099,465,75,248,323,120,34,119,105,113,379,200,117,65,0,0
WARRIBR01,1982,Bryan,Warrick,WA1,N,43,727,172,15,54,69,126,21,8,71,103,171,65,57,42,5,0
WEBSTMA01,1982,Marvin,Webster,NYK,N,82,1472,442,176,267,443,49,35,131,102,210,331,168,180,106,1,0
WEDMASC01,1982,Scott,Wedman,CLE,N,35,1290,634,69,139,208,86,23,11,94,145,583,280,77,65,22,9
WEDMASC01,1982,Scott,Wedman,BOS,N,40,503,209,29,45,74,31,20,6,32,83,205,94,30,20,10,1
WEDMASC01,1982,Scott,Wedman,TOT,N,75,1793,843,98,184,282,117,43,17,126,228,788,374,107,85,32,10
WESTPPA01,1982,Paul,Westphal,NYK,N,80,1978,798,19,96,115,439,87,16,196,180,693,318,184,148,48,14
WHITEJE01,1982,Jerome,Whitehead,SDC,N,46,905,400,105,156,261,42,21,15,65,139,306,164,87,72,0,0
WHITERO01,1982,Rory,White,PHO,N,65,626,324,47,58,105,30,16,2,51,54,234,127,109,70,1,0
WILKEBO01,1982,Bob,Wilkerson,CLE,N,77,1702,519,62,180,242,189,68,16,160,157,511,213,124,93,4,0
WILKEJA01,1982,Jamaal,Wilkes,LAL,N,80,2552,1571,146,197,343,182,65,17,150,221,1290,684,268,203,6,0
WILKEJA02,1982,James,Wilkes,DET,N,9,129,34,9,10,19,10,3,1,5,22,34,11,15,12,1,0
WILKIDO01,1982,Dominique,Wilkins,ATL,N,82,2697,1434,226,252,478,129,84,63,180,210,1220,601,337,230,11,2
WILKIJE01,1982,Jeff,Wilkins,UTA,N,81,2307,934,154,442,596,132,41,42,186,251,816,389,200,156,3,0
WILLIBU01,1982,Buck,Williams,NJN,N,82,2961,1396,365,662,1027,125,91,110,246,270,912,536,523,324,4,0
WILLIFR01,1982,Freeman,Williams,UTA,N,18,210,92,3,14,17,10,6,1,12,30,101,36,25,18,7,2
WILLIGU01,1982,Gus,Williams,SEA,N,80,2761,1600,72,133,205,643,182,26,230,117,1384,660,370,278,43,2
WILLIHE01,1982,Herb,Williams,IND,N,78,2513,1315,151,432,583,262,54,171,229,230,1163,580,220,155,7,0
WILLIRA01,1982,Ray,Williams,KCK,N,72,2170,1109,93,234,327,569,120,26,335,248,1068,419,333,256,74,15
WILLIRI01,1982,Rickey,Williams,UTA,N,44,346,147,15,23,38,37,20,4,38,42,135,56,53,35,3,0
WILLIRO02,1982,Rob,Williams,DEN,N,74,1443,515,37,99,136,361,89,12,185,221,468,191,174,131,15,2
WILLISA02,1982,Samuel,Williams,GSW,N,75,1533,627,153,240,393,45,71,89,101,244,479,252,171,123,1,0
WILLISL01,1982,Sly,Williams,NYK,N,68,1385,806,94,196,290,133,73,3,133,166,647,314,259,176,19,2
WILLOBI01,1982,Bill,Willoughby,TOT,N,62,1146,343,63,138,201,64,25,17,61,139,324,147,55,43,14,6
WILLOBI01,1982,Bill,Willoughby,SAS,N,52,1062,319,61,129,190,56,24,16,56,123,295,136,53,41,13,6
WILLOBI01,1982,Bill,Willoughby,NJN,N,10,84,24,2,9,11,8,1,1,5,16,29,11,2,2,1,0
WINTEBR01,1982,Brian,Winters,MIL,N,57,1361,605,35,75,110,156,45,4,81,132,587,255,85,73,68,22
WOODAL01,1982,Al,Wood,SDC,N,76,1822,825,96,140,236,134,55,36,111,188,740,343,161,124,50,15
WOODSMI01,1982,Mike,Woodson,KCK,N,81,2426,1473,84,164,248,254,137,59,174,203,1154,584,377,298,33,7
WOOLROR01,1982,Orlando,Woolridge,CHI,N,57,1627,939,122,176,298,97,38,44,157,177,622,361,340,217,3,0
WORTHJA01,1982,James,Worthy,LAL,N,77,1970,1033,157,242,399,132,91,64,178,221,772,447,221,138,4,1
ZOETJI01,1982,Jim,Zoet,DET,N,7,30,2,3,5,8,1,1,3,4,9,5,1,0,0,0,0
ABDULKA01,1983,Kareem,Abdul-jabbar,LAL,N,80,2622,1717,169,418,587,211,55,143,221,211,1238,716,394,285,1,0
ADAMSAL01,1983,Alvan,Adams,PHO,N,70,1452,670,118,201,319,219,73,31,117,195,582,269,160,132,4,0
AGUIRMA01,1983,Mark,Aguirre,DAL,N,79,2900,2330,161,308,469,358,80,22,285,246,1765,925,621,465,56,15
AINGEDA01,1983,Danny,Ainge,BOS,N,71,1154,384,29,87,116,162,41,4,70,143,361,166,56,46,22,6
ANDERMI01,1983,Mitchell,Anderson,UTA,N,48,311,122,38,25,63,22,15,9,20,28,130,55,29,12,3,0
ANDERRI01,1983,Richard,Anderson,DEN,N,78,1380,663,136,270,406,193,46,28,109,183,638,272,150,116,19,3
ARCHINA01,1983,Nate,Archibald,MIL,N,46,1038,340,16,60,76,160,33,0,78,78,279,136,101,64,18,4
AUSTIKE01,1983,Ken,Austin,DET,N,7,28,12,2,1,3,1,1,1,3,7,13,6,0,0,0,0
BAGLEJO01,1983,John,Bagley,CLE,N,76,1712,673,49,107,156,333,78,4,170,113,607,257,198,157,17,2
BAILEJA01,1983,James,Bailey,HOU,N,73,1174,646,104,190,294,79,33,40,101,197,517,254,192,138,1,0
BAILETH01,1983,Thurl,Bailey,UTA,N,81,2009,692,115,349,464,129,38,122,105,193,590,302,117,88,0,0
BALLAGR01,1983,Greg,Ballard,WA1,N,82,2701,1188,140,348,488,290,94,35,142,214,1061,510,208,166,15,2
BANKSGE01,1983,Gene,Banks,SAS,N,80,2600,1049,204,378,582,254,105,23,166,256,747,424,270,200,6,1
BATTODA01,1983,Dave,Batton,SAS,N,4,31,10,1,3,4,3,0,3,4,5,10,5,0,0,0,0
BENSOKE01,1983,Kent,Benson,DET,N,82,1734,579,117,292,409,130,71,53,79,230,451,248,101,83,1,0
BIRDLA01,1983,Larry,Bird,BOS,N,79,3028,1908,181,615,796,520,144,69,237,197,1542,758,421,374,73,18
BIRDSOT01,1983,Otis,Birdsong,NJN,N,69,2168,1365,74,96,170,266,86,17,170,180,1147,583,319,194,20,5
BLACKRO01,1983,Rolando,Blackman,DAL,N,81,3025,1815,124,249,373,288,56,37,169,127,1320,721,458,372,11,1
BOSWETO01,1983,Tom,Boswell,UTA,N,38,261,73,28,36,64,16,9,0,13,58,52,28,21,16,1,1
BRADLCH01,1983,Charles,Bradley,SEA,N,8,39,11,0,3,3,5,0,1,8,6,7,3,7,5,0,0
BRATZMI01,1983,Mike,Bratz,GSW,N,82,1428,561,41,102,143,252,84,6,109,155,521,213,137,120,51,15
BREUERA01,1983,Randy,Breuer,MIL,N,57,472,168,48,61,109,17,11,38,35,98,177,68,46,32,0,0
BREWERO01,1983,Ron,Brewer,GSW,N,13,210,65,5,8,13,6,6,5,7,10,58,27,17,11,1,0
BREWERO01,1983,Ron,Brewer,TOT,N,53,992,413,22,41,63,50,24,21,40,64,403,179,67,52,14,3
BREWERO01,1983,Ron,Brewer,SAS,N,40,782,348,17,33,50,44,18,16,33,54,345,152,50,41,13,3
BRIDGJU01,1983,Junior,Bridgeman,MIL,N,81,2431,1220,80,252,332,265,53,14,148,224,1094,509,243,196,31,6
BROOKMI01,1983,Michael,Brooks,SDC,N,47,1405,530,142,200,342,88,50,14,78,125,445,213,151,104,5,0
BROWNFR01,1983,Fred,Brown,SEA,N,71,1129,602,14,48,62,194,49,2,70,84,506,258,86,77,34,9
BROWNRI01,1983,Rickey,Brown,ATL,N,68,785,236,67,114,181,29,18,23,53,161,201,94,65,48,0,0
BRYANWA01,1983,Wallace,Bryant,CHI,N,29,317,118,37,43,80,13,9,11,16,48,133,52,33,14,0,0
BUCKNQU01,1983,Quinn,Buckner,BOS,N,79,1249,324,41,96,137,214,84,3,100,187,323,138,74,48,6,0
BUSEDO01,1983,Don,Buse,KCK,N,76,1327,381,29,87,116,303,86,1,87,62,352,150,80,63,59,18
CARRKE01,1983,Kenny,Carr,POR,N,82,2455,1283,208,434,642,157,68,33,202,274,923,518,367,247,5,0
CARRML01,1983,M.l.,Carr,BOS,N,60,585,185,26,49,75,49,17,4,46,67,171,70,48,42,15,3
CARROJO01,1983,Joebarry,Carroll,GSW,N,80,2962,1639,235,401,636,198,103,142,268,244,1390,663,433,313,1,0
CARTEBU01,1983,Butch,Carter,IND,N,73,2045,977,70,83,153,206,128,13,141,211,862,413,178,136,46,15
CARTEHO01,1983,Howard,Carter,DEN,N,55,688,342,38,48,86,71,19,4,42,81,316,145,61,47,19,5
CARTWBI01,1983,Bill,Cartwright,NYK,N,77,2487,1310,195,454,649,107,44,97,200,262,808,453,502,404,1,0
CATCHHA01,1983,Harvey,Catchings,MIL,N,69,1156,144,89,182,271,43,25,81,57,172,153,61,42,22,1,0
CHAMBTO01,1983,Tom,Chambers,SEA,N,82,2570,1483,219,313,532,133,47,51,192,309,1110,554,469,375,12,0
CHEEKMA01,1983,Maurice,Cheeks,PHI,N,75,2494,950,44,161,205,478,171,20,182,196,702,386,232,170,20,8
CLARKCA01,1983,Carlos,Clark,BOS,N,31,127,54,7,10,17,17,8,1,12,13,52,19,18,16,2,0
COLLIDO02,1983,Don,Collins,GSW,N,61,957,440,62,67,129,67,43,14,80,119,387,187,89,65,5,1
COMBSLE01,1983,Leroy,Combs,IND,N,48,446,218,19,37,56,38,23,18,46,49,163,81,91,56,3,0
CONNELE01,1983,Lester,Conner,GSW,N,82,2573,907,132,173,305,401,162,12,143,176,730,360,259,186,6,1
COOKDA01,1983,Darwin,Cook,NJN,N,82,1870,714,51,105,156,356,164,36,142,184,687,304,126,95,46,11
COOKJE01,1983,Jeff,Cook,CLE,N,81,1950,471,174,310,484,123,68,47,91,282,387,188,130,94,2,1
COOPEMI01,1983,Michael,Cooper,LAL,N,82,2387,739,53,209,262,482,113,67,148,267,549,273,185,155,121,38
COOPEWA01,1983,Wayne,Cooper,POR,N,81,1662,793,176,300,476,76,26,106,110,247,663,304,230,185,7,0
CORZIDA01,1983,Dave,Corzine,CHI,N,82,2674,1004,169,406,575,202,58,120,175,227,824,385,275,231,9,3
CRISSCH01,1983,Charlie,Criss,ATL,N,9,108,23,3,8,11,21,3,0,6,4,22,9,5,5,0,0
CRISSCH01,1983,Charlie,Criss,MIL,N,6,107,30,2,7,9,17,5,0,4,7,30,11,11,7,6,1
CRISSCH01,1983,Charlie,Criss,TOT,N,15,215,53,5,15,20,38,8,0,10,11,52,20,16,12,6,1
CROMPJE01,1983,Jeffrey,Crompton,CLE,N,7,23,5,6,3,9,1,1,1,4,4,8,1,6,3,0,0
CROSSRU01,1983,Russell,Cross,GSW,N,45,354,166,35,47,82,22,12,7,19,58,112,64,91,38,0,0
CUMMIPA01,1983,Pat,Cummings,DAL,N,80,2492,1045,151,507,658,158,64,23,146,282,915,452,190,141,2,0
CUMMITE01,1983,Terry,Cummings,SDC,N,81,2907,1854,323,454,777,139,92,57,218,298,1491,737,528,380,3,0
CURETEA01,1983,Earl,Cureton,DET,N,73,907,193,86,201,287,36,24,31,55,143,177,81,59,31,1,0
DAILEQU01,1983,Quintin,Dailey,CHI,N,82,2449,1491,61,174,235,254,109,11,220,218,1229,583,396,321,32,4
DANTLAD01,1983,Adrian,Dantley,UTA,N,79,2984,2418,179,269,448,310,61,4,263,201,1438,802,946,813,4,1
DAVISBR01,1983,Brad,Davis,DAL,N,81,2665,896,41,146,187,561,94,13,166,218,651,345,238,199,38,7
DAVISCH02,1983,Charlie,Davis,WA1,N,46,467,231,34,69,103,30,14,10,36,58,218,103,39,24,9,1
DAVISJO01,1983,Johnny,Davis,ATL,N,75,2079,925,53,86,139,326,62,6,134,146,800,354,256,217,8,0
DAVISWA03,1983,Walter,Davis,PHO,N,78,2546,1557,38,164,202,429,107,12,213,202,1274,652,270,233,87,20
DAWKIDA01,1983,Darryl,Dawkins,NJN,N,81,2417,1357,159,382,541,123,60,136,231,386,855,507,464,341,5,2
DAYEDA01,1983,Darren,Daye,WA1,N,75,1174,455,90,98,188,176,38,12,96,154,408,180,133,95,6,0
DENNAKE01,1983,Kenny,Dennard,DEN,N,43,413,90,37,64,101,45,23,8,29,83,99,36,24,15,10,3
DONALJA01,1983,James,Donaldson,SDC,N,82,2525,969,165,484,649,90,40,139,171,214,604,360,327,249,0,0
DREWJO01,1983,John,Drew,UTA,N,81,1797,1430,146,192,338,135,88,2,192,208,1067,511,517,402,22,6
DREWLA01,1983,Larry,Drew,KCK,N,73,2363,1194,33,113,146,558,121,10,194,170,1026,474,313,243,10,3
DREXLCL01,1983,Clyde,Drexler,POR,N,82,1408,628,112,123,235,153,107,29,123,209,559,252,169,123,4,1
DUNLEMI01,1983,Mike,Dunleavy,MIL,N,17,404,191,6,22,28,78,12,1,36,51,127,70,40,32,45,19
DUNNTR01,1983,T.r.,Dunn,DEN,N,80,2705,454,195,379,574,228,173,32,97,233,370,174,145,106,1,0
EATONMA01,1983,Mark,Eaton,UTA,N,82,2139,461,148,447,595,113,25,351,98,303,416,194,123,73,1,0
EAVESJE01,1983,Jerry,Eaves,UTA,N,80,1034,356,29,56,85,200,33,5,93,90,293,132,132,92,6,0
EDMONKE01,1983,Keith,Edmonson,DEN,N,15,101,64,6,12,18,7,4,1,16,16,47,23,25,18,0,0
EDMONKE01,1983,Keith,Edmonson,SAS,N,40,521,346,40,30,70,27,22,6,45,67,274,135,101,76,0,0
EDMONKE01,1983,Keith,Edmonson,TOT,N,55,622,410,46,42,88,34,26,7,61,83,321,158,126,94,0,0
EDWARFR01,1983,Franklin,Edwards,PHI,N,60,654,202,12,47,59,90,31,5,46,78,221,84,48,34,1,0
EDWARJA01,1983,James,Edwards,PHO,N,72,1897,1059,108,240,348,184,23,30,140,254,817,438,254,183,1,0
EHLOCR01,1983,Craig,Ehlo,HOU,N,7,63,23,4,5,9,6,3,0,3,13,27,11,1,1,0,0
ELLISDA01,1983,Dale,Ellis,DAL,N,67,1059,549,106,144,250,56,41,9,78,118,493,225,121,87,29,12
ELMORLE01,1983,Len,Elmore,NYK,N,65,832,155,62,103,165,30,29,30,46,153,157,64,38,27,0,0
ENGLECH01,1983,Chris,Engler,GSW,N,46,360,80,27,70,97,11,9,3,24,68,83,33,23,14,0,0
ENGLIAL01,1983,Alex,English,DEN,N,82,2870,2167,216,248,464,406,83,95,222,252,1714,907,427,352,7,1
ERVINJU01,1983,Julius,Erving,PHI,N,77,2683,1727,190,342,532,309,141,139,230,217,1324,678,483,364,21,7
EVANSMI01,1983,Mike,Evans,DEN,N,78,1687,629,23,115,138,288,61,4,117,175,564,243,131,111,89,32
FERNSER01,1983,Eric,Fernsten,NYK,N,32,402,83,29,57,86,11,16,8,19,49,52,29,34,25,0,0
FLOYDSL01,1983,Sleepy,Floyd,GSW,N,77,2555,1291,87,184,271,269,103,31,196,216,1045,484,386,315,45,8
FORDPH01,1983,Phil,Ford,HOU,N,81,2020,572,28,109,137,410,59,8,135,243,470,236,117,98,15,2
FOSTERO01,1983,Rod,Foster,PHO,N,80,1424,664,39,81,120,172,54,9,108,193,580,260,155,122,84,22
FREEWO01,1983,World,Free,CLE,N,75,2375,1669,89,128,217,226,94,8,154,214,1407,626,504,395,69,22
GARNEBI01,1983,Bill,Garnett,DAL,N,80,1529,411,123,208,331,128,44,66,68,217,299,141,176,129,2,0
GARRECA01,1983,Calvin,Garrett,LAL,N,41,478,188,24,47,71,31,12,2,34,62,152,78,39,30,6,2
GARRIJO01,1983,John,Garris,CLE,N,33,267,131,35,42,77,10,8,6,11,40,102,52,34,27,0,0
GERVIGE01,1983,George,Gervin,SAS,N,76,2584,1967,106,207,313,220,79,47,224,219,1561,765,507,427,24,10
GIBSOMI01,1983,Mike,Gibson,WA1,N,32,229,53,29,37,66,9,5,7,14,30,55,21,17,11,0,0
GILMOAR01,1983,Artis,Gilmore,SAS,N,64,2034,982,213,449,662,70,36,132,149,229,556,351,390,280,3,0
GLENNMI01,1983,Mike,Glenn,ATL,N,81,1503,681,17,87,104,171,46,5,63,146,554,312,70,56,2,1
GMINSMI01,1983,Mike,Gminski,NJN,N,82,1655,621,161,272,433,92,37,70,120,162,462,237,184,147,3,0
GRANGST01,1983,Stewart,Granger,CLE,N,56,738,251,8,47,55,134,24,0,57,97,226,97,70,53,13,4
GREENDA01,1983,David,Greenwood,CHI,N,78,2718,951,214,572,786,139,67,72,149,265,753,369,289,213,1,0
GREENRI01,1983,Rickey,Green,UTA,N,81,2768,1072,56,174,230,748,215,13,172,155,904,439,234,192,17,2
GREENSI02,1983,Sidney,Green,CHI,N,49,667,255,58,116,174,25,18,17,60,128,228,100,77,55,0,0
GREVEKE01,1983,Kevin,Grevey,MIL,N,64,923,446,30,51,81,75,27,4,45,95,395,178,84,75,53,15
GRIFFDA01,1983,Darrell,Griffith,UTA,N,82,2650,1636,95,243,338,283,114,23,243,202,1423,697,217,151,252,91
GRUNFER01,1983,Ernie,Grunfeld,NYK,N,76,1119,398,24,97,121,108,43,7,71,151,362,166,83,64,9,2
HANSEBO01,1983,Bob,Hansen,UTA,N,55,419,148,13,35,48,44,15,4,35,62,145,65,28,18,8,0
HANZLBI01,1983,Bill,Hanzlik,DEN,N,80,1469,434,66,139,205,252,68,19,109,255,306,132,207,167,12,3
HARPEDE01,1983,Derek,Harper,DAL,N,82,1712,469,53,119,172,239,95,21,111,143,451,200,98,66,26,3
HASTISC01,1983,Scott,Hastings,ATL,N,68,1135,305,96,174,270,46,40,36,66,220,237,111,104,82,4,1
HAWESST01,1983,Steve,Hawes,SEA,N,79,1153,290,50,170,220,99,24,16,52,144,237,114,78,61,4,1
HAYESEL01,1983,Elvin,Hayes,HOU,N,81,994,402,87,173,260,71,16,28,82,123,389,158,132,86,2,0
HAYESST01,1983,Steve,Hayes,SEA,N,43,253,57,19,43,62,13,5,18,13,52,50,26,14,5,0,0
HENDEGE01,1983,Gerald,Henderson,BOS,N,78,2088,908,68,79,147,300,117,14,161,209,718,376,177,136,57,20
HIGGIRO01,1983,Rod,Higgins,CHI,N,78,1577,500,87,119,206,116,49,29,76,161,432,193,156,113,22,1
HIGHJO01,1983,Johnny,High,PHO,N,29,512,46,16,50,66,51,40,11,38,84,52,18,29,10,2,0
HILLAR01,1983,Armond,Hill,ATL,N,15,181,45,2,8,10,35,7,0,14,30,46,14,21,17,0,0
HINSORO01,1983,Roy,Hinson,CLE,N,80,1858,437,175,324,499,69,31,145,109,306,371,184,117,69,0,0
HODGECR01,1983,Craig,Hodges,SDC,N,76,1571,592,22,64,86,116,58,1,85,166,573,258,88,66,46,10
HOLLILI01,1983,Lionel,Hollins,DET,N,32,216,59,4,18,22,62,13,1,24,26,63,24,13,11,2,0
HUBBAPH01,1983,Phil,Hubbard,CLE,N,80,1799,863,172,208,380,86,71,6,115,244,628,321,299,221,1,0
HUSTOGE01,1983,Geoff,Huston,CLE,N,77,2041,808,32,64,96,413,38,1,145,126,699,348,154,110,11,2
IAVARMA01,1983,Marc,Iavaroni,PHI,N,78,1532,395,91,219,310,95,36,55,124,222,322,149,131,97,2,0
ISSELDA01,1983,Dan,Issel,DEN,N,76,2076,1506,112,401,513,173,60,44,122,182,1153,569,428,364,19,4
JACKSTR01,1983,Tracy,Jackson,IND,N,2,10,6,1,0,1,0,0,0,1,3,4,1,4,4,0,0
JOHNSCL01,1983,Clemon,Johnson,PHI,N,80,1721,455,131,267,398,55,35,65,95,205,412,193,113,69,0,0
JOHNSCL02,1983,Clay,Johnson,SEA,N,25,176,55,6,6,12,14,8,2,12,24,50,20,22,14,1,1
JOHNSDE01,1983,Dennis,Johnson,BOS,N,80,2665,1053,87,193,280,338,93,57,172,251,878,384,330,281,32,4
JOHNSED02,1983,Eddie,Johnson,ATL,N,67,1893,886,31,115,146,374,58,7,173,155,798,353,213,164,43,16
JOHNSED03,1983,Eddie,Johnson,KCK,N,82,2920,1794,165,290,455,296,76,21,213,266,1552,753,331,268,64,20
JOHNSFR01,1983,Frank,Johnson,WA1,N,82,2686,982,58,126,184,567,96,6,191,174,840,392,252,187,43,11
JOHNSGE03,1983,George,Johnson,IND,N,81,2073,1056,139,321,460,195,82,49,186,256,884,411,270,223,47,11
JOHNSMA01,1983,Magic,Johnson,LAL,N,67,2567,1178,99,392,491,875,150,49,306,169,780,441,358,290,29,6
JOHNSMA02,1983,Marques,Johnson,MIL,N,74,2715,1535,173,307,480,315,115,45,180,194,1288,646,340,241,13,2
JOHNSMI01,1983,Mickey,Johnson,GSW,N,78,2122,1062,198,320,518,219,101,30,216,290,852,359,432,339,29,5
JOHNSRE01,1983,Reggie,Johnson,NJN,N,72,818,346,53,85,138,40,24,18,59,141,256,127,126,92,1,0
JOHNSST01,1983,Steve,Johnson,TOT,N,81,1487,769,162,256,418,81,37,69,164,307,540,302,287,165,0,0
JOHNSST01,1983,Steve,Johnson,KCK,N,50,893,479,94,158,252,63,22,48,105,188,342,189,177,101,0,0
JOHNSST01,1983,Steve,Johnson,CHI,N,31,594,290,68,98,166,18,15,21,59,119,198,113,110,64,0,0
JOHNSVI01,1983,Vinnie,Johnson,DET,N,82,1909,1063,130,107,237,271,44,19,135,196,901,426,275,207,19,4
JONESBO01,1983,Bobby,Jones,PHI,N,75,1761,619,92,231,323,187,107,103,101,199,432,226,213,167,1,0
JONESCA01,1983,Caldwell,Jones,HOU,N,81,2506,801,168,414,582,156,46,80,158,335,633,318,196,164,3,1
JONESCH01,1983,Charles,Jones,PHI,N,1,3,1,0,0,0,0,0,0,0,1,1,0,4,1,0,0
JONESED02,1983,Edgar,Jones,SAS,N,81,1770,826,143,306,449,85,64,107,125,298,644,322,242,176,19,6
JONESMA01,1983,Major,Jones,HOU,N,57,473,170,33,82,115,28,14,14,30,63,130,70,49,30,0,0
JONESMA02,1983,Mark,Jones,NJN,N,6,16,7,2,0,2,5,0,0,2,2,6,3,2,1,1,0
JONESWI03,1983,Willie,Jones,SDC,N,4,18,1,0,0,0,0,1,0,2,0,3,0,4,1,0,0
JORDAED01,1983,Eddie,Jordan,LAL,N,3,27,9,0,4,4,5,4,0,8,5,8,4,2,1,0,0
JORDAED01,1983,Eddie,Jordan,POR,N,13,183,33,3,10,13,39,21,0,18,32,41,13,10,7,3,0
JORDAED01,1983,Eddie,Jordan,TOT,N,16,210,42,3,14,17,44,25,0,26,37,49,17,12,8,3,0
KELLERI01,1983,Rich,Kelley,UTA,N,75,1674,388,140,350,490,157,55,29,148,273,264,132,162,124,0,0
KELLOCL01,1983,Clark,Kellogg,IND,N,79,2676,1506,230,489,719,234,121,28,218,242,1193,619,340,261,21,7
KELSEGR01,1983,Greg,Kelser,SDC,N,80,1783,878,188,203,391,91,68,31,195,249,603,313,356,250,6,2
KINGAL01,1983,Albert,King,NJN,N,79,2103,1165,125,263,388,203,91,33,208,258,946,465,295,232,22,3
KINGBE01,1983,Bernard,King,NYK,N,77,2667,2027,123,271,394,164,75,17,197,273,1391,795,561,437,4,0
KINGRE01,1983,Reggie,King,SEA,N,77,2086,602,134,336,470,179,54,24,127,159,448,233,206,136,2,0
KITEGR01,1983,Greg,Kite,BOS,N,35,197,65,27,35,62,7,1,5,20,42,66,30,16,5,0,0
KNIGHBI01,1983,Billy,Knight,KCK,N,75,1885,963,89,166,255,160,54,6,155,122,729,358,283,243,14,4
KOPICJO01,1983,Joe,Kopicki,WA1,N,59,678,220,64,102,166,46,15,5,39,71,132,64,112,91,7,1
KUCZEBR01,1983,Bruce,Kuczenski,PHI,N,3,40,3,1,5,6,2,1,1,5,7,8,1,2,1,0,0
KUCZEBR01,1983,Bruce,Kuczenski,NJN,N,7,28,11,3,5,8,4,0,0,2,3,12,4,6,3,0,0
KUCZEBR01,1983,Bruce,Kuczenski,IND,N,5,51,14,3,6,9,2,0,0,8,8,17,5,4,4,0,0
KUCZEBR01,1983,Bruce,Kuczenski,TOT,N,15,119,28,7,16,23,8,1,1,15,18,37,10,12,8,0,0
KUPCHMI01,1983,Mitch,Kupchak,LAL,N,34,324,104,35,52,87,7,4,6,22,46,108,41,34,22,0,0
LAIMBBI01,1983,Bill,Laimbeer,DET,N,82,2864,1422,329,674,1003,149,49,84,151,273,1044,553,365,316,11,0
LAMPJE01,1983,Jeff,Lamp,POR,N,64,660,318,23,40,63,51,22,4,52,67,261,128,67,60,13,2
LANDSMA01,1983,Mark,Landsberger,ATL,N,35,335,53,42,77,119,10,6,3,21,32,51,19,26,15,0,0
LANIEBO01,1983,Bob,Lanier,MIL,N,72,2007,978,141,314,455,186,58,51,163,228,685,392,274,194,3,0
LEAVEAL01,1983,Allen,Leavell,HOU,N,82,2009,947,31,86,117,459,107,12,184,199,731,349,286,238,71,11
LESTERO01,1983,Ronnie,Lester,CHI,N,43,687,232,20,26,46,168,30,6,72,59,188,78,87,75,5,1
LEVERLA01,1983,Lafayette,Lever,POR,N,81,2010,788,96,122,218,372,135,31,125,178,701,313,214,159,15,3
LEVINCL01,1983,Cliff,Levingston,DET,N,80,1746,583,234,311,545,109,44,78,77,281,436,229,186,125,3,0
LINGEST01,1983,Steve,Lingenfelter,SAS,N,3,14,2,3,1,4,1,0,0,1,6,1,1,2,0,0,0
LISTEAL01,1983,Alton,Lister,MIL,N,82,1955,626,156,447,603,110,41,140,153,327,512,256,182,114,0,0
LLOYDLE01,1983,Lewis,Lloyd,HOU,N,82,2578,1458,128,167,295,321,102,44,245,211,1182,610,298,235,13,3
LOCKHDA01,1983,Darrell,Lockhart,SAS,N,2,14,4,0,3,3,0,0,0,2,5,2,2,0,0,0,0
LODERKE01,1983,Kevin,Loder,SDC,N,1,4,0,0,0,0,0,0,0,0,1,0,0,0,0,0,0
LODERKE01,1983,Kevin,Loder,KCK,N,10,133,48,7,11,18,14,3,5,11,15,43,19,13,9,3,1
LODERKE01,1983,Kevin,Loder,TOT,N,11,137,48,7,11,18,14,3,5,11,16,43,19,13,9,3,1
LONGJO01,1983,John,Long,DET,N,82,2514,1334,139,150,289,205,93,18,143,199,1155,545,275,243,5,1
LOWESI01,1983,Sidney,Lowe,IND,N,78,1238,324,30,92,122,269,93,5,106,112,259,107,139,108,18,2
LUCASJO01,1983,John,Lucas,SAS,N,63,1807,689,23,157,180,673,92,5,147,123,595,275,157,120,69,19
LUCASMA01,1983,Maurice,Lucas,PHO,N,75,2309,1195,208,517,725,203,55,39,177,235,908,451,383,293,5,0
MACKLRU01,1983,Rudy,Macklin,NYK,N,8,65,35,5,6,11,3,1,0,6,17,30,12,13,11,0,0
MACYKY01,1983,Kyle,Macy,PHO,N,82,2402,832,49,137,186,353,123,6,116,181,713,357,114,95,70,23
MAHORRI01,1983,Rick,Mahorn,WA1,N,82,2701,739,169,569,738,131,62,123,142,358,605,307,192,125,0,0
MALONJE01,1983,Jeff,Malone,WA1,N,81,1976,982,57,98,155,151,23,13,110,162,918,408,172,142,74,24
MALONMO01,1983,Moses,Malone,PHI,N,71,2613,1609,352,598,950,96,71,110,250,188,1101,532,727,545,4,0
MANNIPA01,1983,Pace,Mannion,GSW,N,57,469,121,23,36,59,47,25,2,23,63,126,50,23,18,13,3
MATTHWE01,1983,Wes,Matthews,ATL,N,6,96,50,1,3,4,21,5,1,10,13,30,16,22,18,1,0
MATTHWE01,1983,Wes,Matthews,TOT,N,20,388,150,7,20,27,83,16,3,40,45,131,61,36,27,8,1
MATTHWE01,1983,Wes,Matthews,PHI,N,14,292,100,6,17,23,62,11,2,30,32,101,45,14,9,7,1
MAXWECE01,1983,Cedric,Maxwell,BOS,N,80,2502,955,201,260,461,205,63,24,203,224,596,317,425,320,6,1
MCADOBO01,1983,Bob,Mcadoo,LAL,N,70,1456,916,82,207,289,74,42,50,127,182,748,352,264,212,5,0
MCCRARO01,1983,Rodney,Mccray,HOU,N,79,2081,853,173,277,450,176,53,54,120,205,672,335,249,182,4,1
MCCRASC01,1983,Scooter,Mccray,SEA,N,47,520,129,45,70,115,44,11,19,34,73,121,47,50,35,0,0
MCDOWHA01,1983,Hank,Mcdowell,SDC,N,57,611,208,63,92,155,37,14,2,49,77,197,85,56,38,3,0
MCGEEMI01,1983,Mike,Mcgee,LAL,N,77,1425,757,117,76,193,81,49,6,111,176,584,347,113,61,13,2
MCHALKE01,1983,Kevin,Mchale,BOS,N,82,2577,1511,208,402,610,104,23,126,150,243,1055,587,439,336,3,1
MCKENKE01,1983,Kevin,Mckenna,IND,N,61,923,387,30,65,95,114,46,5,62,133,371,152,98,80,17,3
MCKINBI01,1983,Billy,Mckinney,SDC,N,80,843,311,7,47,54,161,27,0,48,84,305,136,46,39,2,0
MCMILTO01,1983,Tom,Mcmillen,WA1,N,62,1294,572,64,135,199,73,14,17,70,162,447,222,156,127,6,1
MCNAMMA01,1983,Mark,Mcnamara,SAS,N,70,1037,388,137,180,317,31,14,12,89,138,253,157,157,74,0,0
MERIWJO01,1983,Joe,Meriweather,KCK,N,73,1501,480,111,242,353,51,35,61,83,247,363,193,123,94,0,0
MICHELA01,1983,Larry,Micheaux,KCK,N,39,332,119,40,73,113,19,21,11,21,46,90,49,39,21,0,0
MILLEBO01,1983,Bob,Miller,SAS,N,2,8,4,2,3,5,1,0,1,0,5,3,2,0,0,0,0
MITCHMI01,1983,Mike,Mitchell,SAS,N,79,2853,1839,188,382,570,93,62,73,141,251,1597,779,353,275,14,6
MOKESPA01,1983,Paul,Mokeski,MIL,N,68,838,255,51,115,166,44,11,29,44,168,213,102,72,50,3,1
MONCRSI01,1983,Sidney,Moncrief,MIL,N,79,3075,1654,215,313,528,358,108,27,217,204,1125,560,624,529,18,5
MOOREJO01,1983,Johnny,Moore,SAS,N,59,1650,595,37,141,178,566,123,20,143,168,518,231,139,105,87,28
NANCELA01,1983,Larry,Nance,PHO,N,82,2899,1451,227,451,678,214,86,174,177,274,1044,601,352,249,7,0
NATERSW01,1983,Swen,Nater,LAL,N,69,829,311,81,183,264,27,25,7,68,150,253,124,91,63,1,0
NATTCA01,1983,Calvin,Natt,POR,N,79,2638,1277,166,310,476,179,69,22,166,218,857,500,345,275,17,2
NEALYED01,1983,Ed,Nealy,KCK,N,71,960,174,73,149,222,50,41,9,33,138,126,63,60,48,0,0
NIMPHKU01,1983,Kurt,Nimphius,DAL,N,82,2284,646,182,331,513,176,41,144,98,283,523,272,162,101,4,1
NIXONNO01,1983,Norm,Nixon,SDC,N,82,3053,1391,56,147,203,914,94,4,257,180,1270,587,271,206,46,11
NORRIAU01,1983,Audie,Norris,POR,N,79,1157,352,82,175,257,76,30,34,114,231,246,124,149,104,0,0
OKORMI01,1983,Mike,O'koren,NJN,N,73,1191,430,71,104,175,95,34,11,75,148,385,186,87,53,28,5
OLBERMA01,1983,Mark,Olberding,KCK,N,81,2160,759,119,326,445,192,50,28,166,291,504,249,318,261,1,0
OLDHAJA01,1983,Jawann,Oldham,CHI,N,64,870,259,75,158,233,33,15,76,83,139,218,110,66,39,0,0
ORRLO01,1983,Louis,Orr,NYK,N,78,1640,697,101,127,228,61,66,17,95,142,572,262,211,173,0,0
PARISRO01,1983,Robert,Parish,BOS,N,80,2867,1520,243,614,857,139,55,116,184,266,1140,623,368,274,0,0
PAULTBI01,1983,Billy,Paultz,ATL,N,40,486,89,35,78,113,18,8,7,22,57,88,36,33,17,0,0
PAXSOJI01,1983,Jim,Paxson,POR,N,81,2686,1722,68,105,173,251,122,10,142,165,1322,680,410,345,59,17
PAXSOJO01,1983,John,Paxson,SAS,N,49,458,142,4,29,33,149,10,2,32,47,137,61,26,16,22,4
PHEGLRO01,1983,Roger,Phegley,SAS,N,3,11,7,0,2,2,2,0,0,1,1,4,2,2,2,1,1
PHEGLRO01,1983,Roger,Phegley,DAL,N,10,76,21,2,7,9,9,1,0,5,10,31,9,2,2,4,1
PHEGLRO01,1983,Roger,Phegley,TOT,N,13,87,28,2,9,11,11,1,0,6,11,35,11,4,4,5,2
PIERCRI01,1983,Ricky,Pierce,SDC,N,69,1280,685,59,76,135,60,27,13,81,143,570,268,173,149,9,0
PINONJO01,1983,John,Pinone,ATL,N,7,65,20,0,10,10,3,2,1,5,11,13,7,10,6,0,0
PIOTRTO01,1983,Tom,Piotrowski,POR,N,18,78,30,6,10,16,5,1,3,6,22,26,12,6,6,0,0
PITTMCH01,1983,Charlie,Pittman,PHO,N,69,989,321,76,138,214,70,16,22,81,129,209,126,101,69,2,0
POQUEBE01,1983,Ben,Poquette,CLE,N,51,858,185,57,125,182,49,20,33,28,114,171,75,43,34,5,1
PRESSPA01,1983,Paul,Pressey,MIL,N,81,1730,674,102,180,282,252,86,50,157,241,528,276,200,120,9,2
RAMBIKU01,1983,Kurt,Rambis,LAL,N,47,743,168,82,184,266,34,30,14,56,108,113,63,66,42,0,0
RANSEKE01,1983,Kelvin,Ransey,NJN,N,80,1937,760,28,99,127,483,91,6,141,182,700,304,183,145,32,7
RAUTILE01,1983,Leo,Rautins,PHI,N,28,196,48,9,24,33,29,9,2,19,31,58,21,10,6,0,0
REIDRO01,1983,Robert,Reid,HOU,N,64,1936,895,97,244,341,217,88,30,92,243,857,406,123,81,8,2
RICHACL01,1983,Clint,Richardson,PHI,N,69,1571,521,62,103,165,155,49,23,100,145,473,221,103,79,4,0
RICHAMI01,1983,Michealray,Richardson,NJN,N,48,1285,576,56,116,172,214,103,20,118,156,528,243,108,76,58,14
RIVERDO01,1983,Doc,Rivers,ATL,N,81,1938,757,72,148,220,314,127,30,174,286,541,250,325,255,12,2
ROBERAN01,1983,Anthony,Roberts,DEN,N,19,197,81,20,31,51,13,5,1,17,43,91,34,18,13,0,0
ROBERFR01,1983,Fred,Roberts,SAS,N,79,1531,573,102,202,304,98,52,38,100,219,399,214,172,144,4,1
ROBEYRI01,1983,Rick,Robey,PHO,N,61,856,342,80,118,198,65,20,14,77,120,257,140,88,61,1,1
ROBINCL01,1983,Cliff,Robinson,CLE,N,73,2402,1301,156,597,753,185,51,32,187,195,1185,533,334,234,2,1
ROBINTR01,1983,Truck,Robinson,NYK,N,65,2135,701,171,374,545,94,43,27,160,217,581,284,206,133,0,0
ROBISDA01,1983,Dave,Robisch,TOT,N,31,340,92,15,43,58,20,3,2,12,36,96,35,26,22,0,0
ROBISDA01,1983,Dave,Robisch,SAS,N,4,37,8,2,6,8,1,0,0,1,8,8,4,0,0,0,0
ROBISDA01,1983,Dave,Robisch,DEN,N,19,141,37,1,20,21,13,0,1,11,13,40,13,13,11,0,0
ROBISDA01,1983,Dave,Robisch,KCK,N,8,162,47,12,17,29,6,3,1,0,15,48,18,13,11,0,0
ROLLITR01,1983,Tree,Rollins,ATL,N,77,2351,666,200,393,593,62,35,277,101,297,529,274,190,118,0,0
ROMARLO01,1983,Lorenzo,Romar,GSW,N,3,15,6,0,1,1,1,0,0,0,1,5,2,4,2,1,0
ROMARLO01,1983,Lorenzo,Romar,MIL,N,65,1007,387,21,71,92,192,55,8,63,76,346,159,90,65,32,4
ROMARLO01,1983,Lorenzo,Romar,TOT,N,68,1022,393,21,72,93,193,55,8,63,77,351,161,94,67,33,4
ROUNDDA01,1983,Dan,Roundfield,ATL,N,73,2610,1380,206,515,721,184,61,74,205,221,1038,503,486,374,11,0
RULANJE01,1983,Jeff,Ruland,WA1,N,75,3082,1665,265,657,922,296,68,72,342,285,1035,599,636,466,7,1
RUSSEWA01,1983,Walker,Russell,DET,N,16,119,41,6,13,19,22,4,0,9,25,42,14,13,12,2,1
SAMPSRA01,1983,Ralph,Sampson,HOU,N,82,2693,1720,293,620,913,163,70,197,294,339,1369,716,434,287,4,1
SANDEMI01,1983,Mike,Sanders,PHO,N,50,586,223,40,63,103,44,23,12,44,101,203,97,42,29,0,0
SCALEDE01,1983,Dewayne,Scales,WA1,N,2,13,6,0,3,3,0,1,0,2,1,5,3,2,0,0,0
SCHAYDA01,1983,Danny,Schayes,DEN,N,82,1420,581,145,288,433,91,32,60,119,308,371,183,272,215,2,0
SCOTTAL01,1983,Alvin,Scott,PHO,N,65,735,167,29,71,100,48,19,20,42,85,124,55,72,56,2,1
SCOTTBY01,1983,Byron,Scott,LAL,N,74,1637,788,50,114,164,177,81,19,116,174,690,334,139,112,34,8
SHELTLO01,1983,Lonnie,Shelton,CLE,N,79,2101,850,140,241,381,179,76,55,165,279,779,371,140,107,5,1
SHORTPU01,1983,Purvis,Short,GSW,N,79,2945,1803,184,254,438,246,103,11,228,252,1509,714,445,353,72,22
SICHTJE01,1983,Jerry,Sichting,IND,N,80,2497,917,44,127,171,457,90,8,144,179,746,397,135,117,20,6
SIKMAJA01,1983,Jack,Sikma,SEA,N,82,2993,1563,225,686,911,327,95,92,236,301,1155,576,480,411,2,0
SMITHDE01,1983,Derek,Smith,SDC,N,61,1297,600,54,116,170,82,33,22,78,165,436,238,163,123,6,1
SMITHLA01,1983,Larry,Smith,GSW,N,75,2091,582,282,390,672,72,61,22,124,274,436,244,168,94,0,0
SOBERRI01,1983,Ricky,Sobers,WA1,N,81,2624,1266,51,128,179,377,117,17,222,278,1115,508,264,221,111,29
SPANAJI01,1983,Jim,Spanarkel,DAL,N,7,54,24,5,2,7,5,6,0,4,8,16,7,13,9,2,1
SPARRRO01,1983,Rory,Sparrow,NYK,N,79,2436,818,48,141,189,539,100,8,210,230,738,350,131,108,39,10
SPRIGLA01,1983,Larry,Spriggs,LAL,N,38,363,124,16,45,61,30,12,4,34,55,82,44,50,36,2,0
STEPPBR01,1983,Brook,Steppe,IND,N,61,857,430,43,79,122,79,34,6,83,93,314,148,161,134,3,0
STIPAST01,1983,Steve,Stipanovich,IND,N,81,2426,970,116,446,562,170,73,67,161,303,816,392,243,183,16,3
SUNDVJO01,1983,Jon,Sundvold,SEA,N,73,1284,507,23,68,91,239,29,1,81,81,488,217,72,64,37,9
SUTTLDA01,1983,Dane,Suttle,KCK,N,40,469,258,21,25,46,46,20,0,32,46,214,109,47,40,3,0
TEAGLTE01,1983,Terry,Teagle,HOU,N,68,616,340,28,50,78,63,13,4,62,81,315,148,44,37,27,7
THEUSRE01,1983,Reggie,Theus,TOT,N,61,1498,745,50,79,129,352,50,12,156,171,625,262,281,214,42,7
THEUSRE01,1983,Reggie,Theus,KCK,N,30,897,474,29,54,83,210,29,9,97,93,388,170,173,130,27,4
THEUSRE01,1983,Reggie,Theus,CHI,N,31,601,271,21,25,46,142,21,3,59,78,237,92,108,84,15,3
THIRDDA01,1983,David,Thirdkill,DET,N,46,291,77,9,22,31,27,10,3,19,44,72,31,31,15,1,0
THOMAIS01,1983,Isiah,Thomas,DET,N,82,3007,1748,103,224,327,914,204,33,307,324,1448,669,529,388,65,22
THOMAJI01,1983,Jim,Thomas,IND,N,72,1219,455,59,90,149,130,60,6,69,115,403,187,110,80,11,1
THOMPDA01,1983,David,Thompson,SEA,N,19,349,240,18,26,44,13,10,13,27,30,165,89,73,62,1,0
THOMPLA01,1983,Lasalle,Thompson,KCK,N,80,1915,826,260,449,709,86,71,145,168,327,637,333,223,160,0,0
THOMPMY01,1983,Mychal,Thompson,POR,N,79,2648,1240,235,453,688,308,84,108,235,237,929,487,399,266,2,0
THOMPPA01,1983,Paul,Thompson,CLE,N,82,1731,742,120,192,312,122,70,37,73,192,662,309,149,115,39,9
THREASE01,1983,Sedale,Threatt,PHI,N,45,464,148,17,23,40,41,13,2,33,65,148,62,28,23,8,1
TILLIDA01,1983,Darren,Tillis,GSW,N,72,730,257,75,109,184,24,12,60,51,176,254,108,63,41,2,0
TOLBERA01,1983,Ray,Tolbert,DET,N,49,475,151,45,53,98,26,12,20,26,88,121,64,45,23,1,0
TONEYAN01,1983,Andrew,Toney,PHI,N,78,2556,1588,57,136,193,373,70,23,297,251,1125,593,465,390,38,12
TOWNELI01,1983,Linton,Townes,MIL,N,2,2,2,0,0,0,0,0,0,0,1,1,1,0,0,0,0
TOWNELI01,1983,Linton,Townes,SDC,N,2,17,6,0,1,1,1,1,2,1,3,7,3,0,0,0,0
TOWNELI01,1983,Linton,Townes,TOT,N,4,19,8,0,1,1,1,1,2,1,4,8,4,0,0,0,0
TRIPUKE01,1983,Kelly,Tripucka,DET,N,76,2493,1618,119,187,306,228,65,17,190,190,1296,595,523,426,17,2
TUCKETR01,1983,Trent,Tucker,NYK,N,63,1228,481,43,87,130,138,63,8,54,124,450,225,33,25,16,6
TURNEEL01,1983,Elston,Turner,DAL,N,47,536,137,42,51,93,59,26,0,29,40,150,54,34,28,9,1
TYLERTE01,1983,Terry,Tyler,DET,N,82,1602,722,104,181,285,76,63,59,78,151,691,313,132,94,13,2
VALENDA01,1983,Darnell,Valentine,POR,N,68,1893,696,49,78,127,395,107,6,149,179,561,251,246,194,3,0
VANDEKI01,1983,Kiki,Vandeweghe,DEN,N,78,2734,2295,84,289,373,238,53,50,156,187,1603,895,580,494,30,11
VERHOPE01,1983,Peter,Verhoeven,POR,N,43,327,117,27,34,61,20,22,11,21,75,100,50,25,17,1,0
VINCEJA01,1983,Jay,Vincent,DAL,N,61,1421,672,81,166,247,114,30,10,113,159,579,252,215,168,1,0
VRANEDA01,1983,Danny,Vranes,SEA,N,80,2174,669,150,245,395,132,51,54,121,263,495,258,236,153,1,0
WAITEGR01,1983,Granville,Waiters,IND,N,78,1040,277,64,163,227,60,24,85,65,164,238,123,51,31,1,0
WALKEDA01,1983,Darrell,Walker,NYK,N,82,1324,644,74,93,167,284,127,15,194,202,518,216,263,208,15,4
WALKEFO01,1983,Foots,Walker,NJN,N,34,378,90,8,23,31,81,20,3,31,37,90,32,27,24,5,2
WALKEWA01,1983,Wally,Walker,HOU,N,58,612,244,26,66,92,55,17,4,33,65,241,118,18,6,6,2
WALTOBI01,1983,Bill,Walton,SDC,N,55,1476,668,132,345,477,183,45,88,177,153,518,288,154,92,2,0
WARRIBR01,1983,Bryan,Warrick,WA1,N,32,254,63,5,17,22,43,9,3,20,37,66,27,16,8,3,1
WEBSTMA01,1983,Marvin,Webster,NYK,N,76,1290,290,146,220,366,53,34,100,85,187,239,112,117,66,0,0
WEDMASC01,1983,Scott,Wedman,BOS,N,68,916,327,41,98,139,67,27,7,43,107,333,148,35,29,13,2
WEIDNBR01,1983,Brant,Weidner,SAS,N,8,38,8,4,7,11,0,0,2,2,5,9,2,4,4,0,0
WESTMA01,1983,Mark,West,DAL,N,34,202,37,19,27,46,13,1,15,12,55,42,15,22,7,0,0
WESTPPA01,1983,Paul,Westphal,PHO,N,59,865,412,8,35,43,148,41,6,77,69,313,144,142,117,26,7
WHATLEN01,1983,Ennis,Whatley,CHI,N,80,2159,668,63,134,197,662,119,17,268,223,556,261,200,146,2,0
WHITEJE01,1983,Jerome,Whitehead,SDC,N,70,921,376,94,151,245,19,17,12,59,159,294,144,107,88,0,0
WHITERO01,1983,Rory,White,SDC,N,6,19,8,2,2,4,0,0,0,1,3,9,4,0,0,0,0
WHITERO01,1983,Rory,White,TOT,N,36,372,186,37,37,74,15,15,3,24,31,170,80,47,26,0,0
WHITERO01,1983,Rory,White,MIL,N,8,45,16,5,3,8,1,2,1,5,3,17,7,5,2,0,0
WHITERO01,1983,Rory,White,PHO,N,22,308,162,30,32,62,14,13,2,18,25,144,69,42,24,0,0
WIGGIMI01,1983,Mitchell,Wiggins,CHI,N,82,2123,1018,138,190,328,187,106,11,139,278,890,399,287,213,29,7
WILKEJA01,1983,Jamaal,Wilkes,LAL,N,75,2507,1294,130,210,340,214,72,41,137,205,1055,542,280,208,8,2
WILKIDO01,1983,Dominique,Wilkins,ATL,N,81,2961,1750,254,328,582,126,117,87,215,197,1429,684,496,382,11,0
WILKIJE01,1983,Jeff,Wilkins,UTA,N,81,1734,632,109,346,455,73,27,42,109,205,520,249,182,134,3,0
WILLIBU01,1983,Buck,Williams,NJN,N,81,3003,1274,355,645,1000,130,81,125,237,298,926,495,498,284,4,0
WILLIGU01,1983,Gus,Williams,SEA,N,80,2818,1497,67,137,204,675,189,25,232,151,1306,598,396,297,25,4
WILLIHE01,1983,Herb,Williams,IND,N,69,2279,1029,154,400,554,215,60,108,207,193,860,411,295,207,4,0
WILLIKE02,1983,Kevin,Williams,SAS,N,19,200,75,4,9,13,43,8,4,22,42,58,25,32,25,1,0
WILLIRA01,1983,Ray,Williams,NYK,N,76,2230,1124,67,200,267,449,162,26,219,274,939,418,318,263,81,25
WILLIRO02,1983,Rob,Williams,DEN,N,79,1924,804,54,140,194,464,84,5,169,268,671,309,209,171,47,15
WILLISA02,1983,Samuel,Williams,GSW,N,7,59,28,4,9,13,2,6,3,3,6,26,11,7,6,0,0
WILLISA02,1983,Samuel,Williams,PHI,N,70,1375,472,117,209,326,60,62,103,96,203,405,193,133,86,1,0
WILLISA02,1983,Samuel,Williams,TOT,N,77,1434,500,121,218,339,62,68,106,99,209,431,204,140,92,1,0
WILLISL01,1983,Sly,Williams,ATL,N,13,258,105,19,31,50,16,14,1,18,33,114,34,46,36,9,1
WILLOBI01,1983,Bill,Willoughby,NJN,N,67,936,303,75,118,193,56,23,24,53,106,258,124,63,55,7,0
WILSOMI01,1983,Mike,Wilson,WA1,N,6,26,1,1,0,1,3,0,0,3,5,2,0,2,1,1,0
WITTMRA01,1983,Randy,Wittman,ATL,N,78,1071,350,14,57,71,71,17,0,32,82,318,160,46,28,5,2
WOODAL01,1983,Al,Wood,SEA,N,81,2236,1160,94,181,275,166,64,32,126,207,945,467,271,223,21,3
WOODSMI01,1983,Mike,Woodson,KCK,N,71,1838,1027,62,113,175,175,83,28,115,174,816,389,302,247,8,2
WOOLROR01,1983,Orlando,Woolridge,CHI,N,75,2544,1444,130,239,369,136,71,60,188,253,1086,570,424,303,2,1
WORTHJA01,1983,James,Worthy,LAL,N,82,2415,1185,157,358,515,207,77,70,181,244,890,495,257,195,6,0
ABDULKA01,1984,Kareem,Abdul-jabbar,LAL,N,79,2630,1735,162,460,622,249,63,162,197,238,1207,723,395,289,1,0
ADAMSAL01,1984,Alvan,Adams,PHO,N,82,2136,1202,153,347,500,308,115,48,197,254,915,476,283,250,0,0
AGUIRMA01,1984,Mark,Aguirre,DAL,N,80,2699,2055,188,289,477,249,60,24,253,250,1569,794,580,440,85,27
AINGEDA01,1984,Danny,Ainge,BOS,N,75,2564,971,76,192,268,399,122,6,149,228,792,419,136,118,56,15
ALEKSCH01,1984,Chuck,Aleksinas,GSW,N,74,1114,377,87,183,270,36,15,15,72,171,337,161,75,55,1,0
ANDERMI01,1984,Mitchell,Anderson,UTA,N,44,457,149,29,53,82,21,29,9,32,70,149,61,45,27,2,0
ANDERRO01,1984,Ron,Anderson,CLE,N,36,520,210,39,49,88,34,9,7,34,40,195,84,50,41,2,1
BAGLEJO01,1984,John,Bagley,CLE,N,81,2401,804,54,237,291,697,129,5,207,132,693,338,167,125,26,3
BAILEJA01,1984,James,Bailey,NYK,N,74,1297,385,122,222,344,39,30,50,100,286,349,156,108,73,1,0
BAILETH01,1984,Thurl,Bailey,UTA,N,80,2481,1212,153,372,525,138,51,105,152,215,1034,507,234,197,1,1
BALLAGR01,1984,Greg,Ballard,WA1,N,82,2664,1072,150,381,531,208,100,33,106,221,978,469,151,120,46,14
BANKSGE01,1984,Gene,Banks,SAS,N,82,2091,778,133,312,445,234,65,13,140,220,493,289,257,199,3,1
BANNIKE01,1984,Ken,Bannister,NYK,N,75,1404,509,108,222,330,39,38,40,141,279,445,209,192,91,0,0
BARKLCH01,1984,Charles,Barkley,PHI,N,82,2347,1148,266,437,703,155,95,80,209,301,783,427,400,293,6,1
BENSOKE01,1984,Kent,Benson,DET,N,72,1401,478,103,221,324,93,53,44,68,207,397,201,94,76,3,0
BIRDLA01,1984,Larry,Bird,BOS,N,80,3161,2295,164,678,842,531,129,98,248,208,1760,918,457,403,131,56
BIRDSOT01,1984,Otis,Birdsong,NJN,N,56,1842,1155,60,88,148,232,84,7,117,145,968,495,259,161,21,4
BLACKCO01,1984,Cory,Blackwell,SEA,N,60,551,202,42,54,96,26,25,3,44,55,237,87,55,28,2,0
BLACKRO01,1984,Rolando,Blackman,DAL,N,81,2834,1598,107,193,300,289,61,16,162,96,1230,625,413,342,20,6
BOWIESA01,1984,Sam,Bowie,POR,N,76,2216,758,207,449,656,215,55,203,172,278,557,299,225,160,0,0
BRADLDU01,1984,Dudley,Bradley,WA1,N,73,1232,358,34,100,134,173,96,21,84,152,299,142,79,54,65,20
BRATZMI01,1984,Mike,Bratz,GSW,N,56,746,287,11,47,58,122,47,4,54,76,250,106,82,69,26,6
BREUERA01,1984,Randy,Breuer,MIL,N,78,1083,413,92,164,256,40,21,82,63,179,317,162,127,89,0,0
BREWERO01,1984,Ron,Brewer,SAS,N,9,81,33,1,2,3,6,1,1,4,8,34,13,7,7,0,0
BREWERO01,1984,Ron,Brewer,NJN,N,11,245,114,8,10,18,11,5,5,5,15,84,49,18,16,2,0
BREWERO01,1984,Ron,Brewer,TOT,N,20,326,147,9,12,21,17,6,6,9,23,118,62,25,23,2,0
BRICKFR01,1984,Frank,Brickowski,SEA,N,78,1115,385,76,184,260,100,34,15,100,171,305,150,127,85,4,0
BRIDGJU01,1984,Junior,Bridgeman,LAC,N,80,2042,1115,55,175,230,171,47,18,116,128,990,460,206,181,39,14
BROWNRI01,1984,Rickey,Brown,ATL,N,69,814,195,76,147,223,25,19,22,51,117,192,78,68,39,0,0
BROWNTO01,1984,Tony,Brown,IND,N,82,1586,544,146,142,288,159,59,12,116,212,465,214,171,116,6,0
BRYANWA01,1984,Wallace,Bryant,DAL,N,56,860,164,74,167,241,84,21,24,46,110,148,67,44,30,0,0
BUCKNQU01,1984,Quinn,Buckner,BOS,N,75,858,180,26,61,87,148,63,2,67,142,193,74,50,32,1,0
BURTTST01,1984,Steve,Burtt,GSW,N,47,418,197,10,18,28,20,21,4,33,76,188,72,77,53,1,0
BUSEDO01,1984,Don,Buse,KCK,N,65,939,218,21,40,61,203,38,1,45,75,203,82,30,23,87,31
CAGEMI01,1984,Michael,Cage,LAC,N,75,1610,533,126,266,392,51,41,32,81,164,398,216,137,101,0,0
CAMPBTO01,1984,Tony,Campbell,DET,N,56,625,316,41,48,89,24,28,3,69,107,262,130,70,56,1,0
CARLIRI01,1984,Rick,Carlisle,BOS,N,38,179,67,8,13,21,25,3,0,19,21,67,26,17,15,2,0
CARRAN01,1984,Antoine,Carr,ATL,N,62,1195,499,79,153,232,80,29,78,108,219,375,198,128,101,6,2
CARRKE01,1984,Kenny,Carr,POR,N,48,1120,498,90,233,323,56,25,17,100,141,363,190,164,118,3,0
CARRML01,1984,M.l.,Carr,BOS,N,47,397,150,21,22,43,24,21,6,24,44,149,62,17,17,23,9
CARTEBU01,1984,Butch,Carter,NYK,N,69,1279,548,36,59,95,167,57,5,109,151,476,214,134,109,43,11
CARTEHO01,1984,Howard,Carter,DAL,N,11,66,9,1,2,3,4,1,0,8,4,23,4,1,1,3,0
CATCHHA01,1984,Harvey,Catchings,LAC,N,70,1049,203,89,173,262,14,15,57,55,162,149,72,89,59,1,0
CAVENRO01,1984,Ron,Cavenall,NYK,N,53,653,78,53,113,166,19,12,42,45,123,86,28,39,22,0,0
CHAMBTO01,1984,Tom,Chambers,SEA,N,81,2923,1739,164,415,579,209,70,57,260,312,1302,629,571,475,22,6
CHEEKMA01,1984,Maurice,Cheeks,PHI,N,78,2616,1025,54,163,217,497,169,24,155,184,741,422,199,175,26,6
CLARKCA01,1984,Carlos,Clark,BOS,N,62,562,169,29,40,69,48,35,2,42,66,152,64,53,41,5,0
COLLIDO02,1984,Don,Collins,WA1,N,11,91,32,10,9,19,7,7,4,8,5,34,12,9,8,0,0
COLTEST01,1984,Steve,Colter,POR,N,78,1462,556,40,110,150,243,75,9,112,142,477,216,130,98,74,26
CONNELE01,1984,Lester,Conner,GSW,N,79,2258,640,87,159,246,369,161,13,138,136,546,246,192,144,20,4
COOKDA01,1984,Darwin,Cook,NJN,N,58,1063,473,21,71,92,160,74,10,75,96,453,212,54,47,23,2
COOKJE01,1984,Jeff,Cook,TOT,N,72,1288,323,122,192,314,62,30,23,48,203,279,138,64,47,1,0
COOKJE01,1984,Jeff,Cook,CLE,N,18,440,109,41,63,104,23,5,9,16,53,105,46,27,17,1,0
COOKJE01,1984,Jeff,Cook,SAS,N,54,848,214,81,129,210,39,25,14,32,150,174,92,37,30,0,0
COOPEJO01,1984,Joe,Cooper,SEA,N,3,45,17,3,6,9,2,2,1,0,7,15,7,6,3,0,0
COOPEMI01,1984,Michael,Cooper,LAL,N,82,2189,702,56,199,255,429,93,49,156,208,593,276,133,115,123,35
COOPEWA01,1984,Wayne,Cooper,DEN,N,80,2031,969,229,402,631,86,28,197,149,304,856,404,235,161,2,0
CORZIDA01,1984,Dave,Corzine,CHI,N,82,2062,701,130,292,422,140,32,64,124,189,568,276,200,149,1,0
CRISSCH01,1984,Charlie,Criss,ATL,N,4,115,18,2,12,14,22,3,0,11,5,17,7,6,4,2,0
CUMMIPA01,1984,Pat,Cummings,NYK,N,63,2069,997,139,379,518,109,50,17,166,247,797,410,227,177,4,0
CUMMITE01,1984,Terry,Cummings,MIL,N,79,2722,1861,244,472,716,228,117,67,190,264,1532,759,463,343,1,0
CURETEA01,1984,Earl,Cureton,DET,N,81,1642,496,169,250,419,83,56,42,114,216,428,207,144,82,3,0
DAILEQU01,1984,Quintin,Dailey,CHI,N,79,2101,1262,57,151,208,191,71,5,154,192,1111,525,251,205,30,7
DANTLAD01,1984,Adrian,Dantley,UTA,N,55,1971,1462,148,175,323,186,57,8,171,133,964,512,545,438,0,0
DAVISBR01,1984,Brad,Davis,DAL,N,82,2539,825,39,154,193,581,91,10,123,219,614,310,178,158,115,47
DAVISCH02,1984,Charlie,Davis,WA1,N,4,28,7,2,2,4,1,1,0,2,3,10,2,4,3,0,0
DAVISCH02,1984,Charlie,Davis,MIL,N,57,746,351,57,92,149,50,21,5,52,110,346,151,58,48,10,1
DAVISCH02,1984,Charlie,Davis,TOT,N,61,774,358,59,94,153,51,22,5,54,113,356,153,62,51,10,1
DAVISJO01,1984,Johnny,Davis,CLE,N,76,1920,941,35,84,119,426,43,4,152,136,791,337,300,255,46,12
DAVISWA03,1984,Walter,Davis,PHO,N,23,570,345,6,29,35,98,18,0,50,42,309,139,73,64,10,3
DAWKIDA01,1984,Darryl,Dawkins,NJN,N,39,972,527,55,126,181,45,14,35,93,171,339,192,201,143,1,0
DAYEDA01,1984,Darren,Daye,WA1,N,80,1573,695,93,179,272,240,53,19,134,164,504,258,249,178,7,1
DONALJA01,1984,James,Donaldson,LAC,N,82,2392,929,168,500,668,48,28,130,206,217,551,351,303,227,0,0
DREWJO01,1984,John,Drew,UTA,N,19,463,308,36,46,82,35,22,2,42,65,260,107,122,94,4,0
DREWLA01,1984,Larry,Drew,KCK,N,72,2373,1075,39,125,164,484,93,8,179,147,913,457,194,154,28,7
DREXLCL01,1984,Clyde,Drexler,POR,N,80,2555,1377,217,259,476,441,177,68,223,265,1161,573,294,223,37,8
DUNLEMI01,1984,Mike,Dunleavy,MIL,N,19,433,169,6,25,31,85,15,3,40,55,135,64,29,25,47,16
DUNNTR01,1984,T.r.,Dunn,DEN,N,81,2290,434,169,216,385,153,140,14,65,213,358,175,116,84,2,0
DURRADE01,1984,Devin,Durrant,IND,N,59,756,300,49,75,124,80,19,10,77,106,274,114,102,72,3,0
EATONMA01,1984,Mark,Eaton,UTA,N,82,2813,794,207,720,927,124,36,456,206,312,673,302,267,190,0,0
EAVESJE01,1984,Jerry,Eaves,ATL,N,3,37,11,0,0,0,4,0,0,4,6,6,3,6,5,0,0
EDELIKE01,1984,Kent,Edelin,IND,N,10,143,11,8,18,26,10,5,4,3,39,13,4,8,3,0,0
EDWARFR01,1984,Franklin,Edwards,LAC,N,16,198,91,3,11,14,38,17,0,17,10,66,36,24,19,0,0
EDWARJA01,1984,James,Edwards,PHO,N,70,1787,1044,95,292,387,153,26,52,162,237,766,384,370,276,3,0
EHLOCR01,1984,Craig,Ehlo,HOU,N,45,189,87,8,17,25,26,11,3,22,26,69,34,30,19,3,0
ELLISDA01,1984,Dale,Ellis,DAL,N,72,1314,667,100,138,238,56,46,7,58,131,603,274,104,77,109,42
ENGLECH01,1984,Chris,Engler,MIL,N,1,3,0,1,0,1,0,0,1,0,0,2,0,0,0,0,0
ENGLECH01,1984,Chris,Engler,CHI,N,3,3,2,1,1,2,0,0,0,1,1,2,1,0,0,0,0
ENGLECH01,1984,Chris,Engler,NJN,N,7,76,19,10,17,27,0,2,4,1,4,16,7,9,5,0,0
ENGLECH01,1984,Chris,Engler,TOT,N,11,82,21,12,18,30,0,2,5,2,5,20,8,9,5,0,0
ENGLIAL01,1984,Alex,English,DEN,N,81,2924,2262,203,255,458,344,101,46,251,259,1812,939,462,383,5,1
ERVINJU01,1984,Julius,Erving,PHI,N,78,2535,1561,172,242,414,233,135,109,208,199,1236,610,442,338,14,3
EVANSMI01,1984,Mike,Evans,DEN,N,81,1437,816,26,93,119,231,65,12,130,174,661,323,131,113,157,57
FIELDKE01,1984,Kenny,Fields,MIL,N,51,535,195,41,43,84,38,9,10,32,84,191,84,36,27,0,0
FLEMIVE01,1984,Vern,Fleming,IND,N,80,2486,1126,148,175,323,247,99,8,197,232,922,433,339,260,4,0
FLOYDSL01,1984,Sleepy,Floyd,GSW,N,82,2873,1598,62,140,202,406,134,41,251,226,1372,610,415,336,143,42
FORDPH01,1984,Phil,Ford,HOU,N,25,290,44,3,24,27,61,6,1,17,33,47,14,18,16,4,0
FOSTERO01,1984,Rod,Foster,PHO,N,79,1318,696,27,53,80,186,61,0,117,171,636,286,110,83,126,41
FREEWO01,1984,World,Free,CLE,N,71,2249,1597,61,150,211,320,75,16,139,163,1328,609,411,308,193,71
GARNEBI01,1984,Bill,Garnett,IND,N,65,1123,418,98,188,286,67,28,15,92,196,310,149,174,120,2,0
GERVIGE01,1984,George,Gervin,SAS,N,72,2091,1524,79,155,234,178,66,48,198,208,1182,600,384,324,10,0
GILMOAR01,1984,Artis,Gilmore,SAS,N,81,2756,1548,231,615,846,131,40,173,241,306,854,532,646,484,2,0
GLENNMI01,1984,Mike,Glenn,ATL,N,60,1126,518,20,61,81,122,27,0,55,74,388,228,76,62,2,0
GMINSMI01,1984,Mike,Gminski,NJN,N,81,2418,1036,229,404,633,158,38,92,136,135,818,380,328,276,1,0
GORDOLA01,1984,Lancaster,Gordon,LAC,N,63,682,259,26,35,61,88,33,6,69,61,287,110,49,37,9,2
GRANGST01,1984,Stewart,Granger,ATL,N,9,92,16,1,5,6,12,2,0,12,13,17,6,8,4,1,0
GRAVEBU01,1984,Butch,Graves,CLE,N,4,11,5,0,2,2,1,1,0,1,4,6,2,5,1,1,0
GRAYST01,1984,Stuart,Gray,IND,N,52,391,102,29,94,123,15,9,14,51,82,92,35,47,32,0,0
GREENDA01,1984,David,Greenwood,CHI,N,61,1523,371,108,280,388,78,34,21,63,190,332,152,94,67,1,0
GREENRI01,1984,Rickey,Green,UTA,N,77,2431,1000,37,152,189,597,132,3,177,131,798,381,267,232,20,6
GREENSI02,1984,Sidney,Green,CHI,N,48,740,295,72,174,246,29,11,11,68,102,250,108,98,79,4,0
GREVEKE01,1984,Kevin,Grevey,MIL,N,78,1182,476,27,76,103,94,30,2,55,85,424,190,107,88,33,8
GRIFFDA01,1984,Darrell,Griffith,UTA,N,78,2776,1764,124,220,344,243,133,30,247,178,1593,728,298,216,257,92
GRUNFER01,1984,Ernie,Grunfeld,NYK,N,69,1061,455,41,110,151,105,50,7,40,129,384,188,104,77,8,2
HANSEBO01,1984,Bob,Hansen,UTA,N,54,646,261,20,50,70,75,25,1,49,88,225,110,72,40,7,1
HANZLBI01,1984,Bill,Hanzlik,DEN,N,80,1673,621,88,119,207,210,84,26,115,291,522,220,238,180,15,1
HARPEDE01,1984,Derek,Harper,DAL,N,82,2218,790,47,152,199,360,144,37,123,194,633,329,154,111,61,21
HASTISC01,1984,Scott,Hastings,ATL,N,64,825,241,59,100,159,46,24,23,50,135,188,89,81,63,0,0
HAYESST01,1984,Steve,Hayes,PHI,N,11,101,22,11,23,34,1,1,4,2,19,18,10,4,2,0,0
HENDEGE01,1984,Gerald,Henderson,SEA,N,79,2648,1062,71,119,190,559,140,9,231,196,891,427,255,199,38,9
HIGGIRO01,1984,Rod,Higgins,CHI,N,68,942,308,55,92,147,73,21,13,49,91,270,119,90,60,37,10
HINSORO01,1984,Roy,Hinson,CLE,N,76,2344,1201,186,410,596,68,51,173,171,311,925,465,376,271,3,0
HODGECR01,1984,Craig,Hodges,MIL,N,82,2496,871,74,112,186,349,96,1,135,262,733,359,130,106,135,47
HOLLILI01,1984,Lionel,Hollins,HOU,N,80,1950,609,33,140,173,417,78,10,170,187,540,249,136,108,13,3
HOLTOMI01,1984,Michael,Holton,PHO,N,74,1761,624,30,102,132,198,59,6,123,141,576,257,118,96,45,14
HUBBAPH01,1984,Phil,Hubbard,CLE,N,76,2249,1201,214,265,479,114,81,9,178,258,822,415,494,371,4,0
HUMPHJA01,1984,Jay,Humphries,PHO,N,80,2062,703,32,132,164,350,107,8,167,209,626,279,170,141,20,4
HUSTOGE01,1984,Geoff,Huston,CLE,N,8,93,26,0,1,1,23,0,0,8,8,25,12,3,2,0,0
IAVARMA01,1984,Marc,Iavaroni,SAS,N,57,1178,381,84,191,275,113,31,32,103,193,323,150,122,81,4,0
IAVARMA01,1984,Marc,Iavaroni,TOT,N,69,1334,411,95,209,304,119,35,35,119,217,354,162,128,87,4,0
IAVARMA01,1984,Marc,Iavaroni,PHI,N,12,156,30,11,18,29,6,4,3,16,24,31,12,6,6,0,0
ISSELDA01,1984,Dan,Issel,DEN,N,77,1684,984,80,251,331,137,65,31,93,171,791,363,319,257,7,1
JACKSRA01,1984,Ralph,Jackson,IND,N,1,12,2,1,0,1,4,2,0,1,1,3,1,0,0,0,0
JOHNSCL01,1984,Clemon,Johnson,PHI,N,58,875,270,92,129,221,33,15,44,43,112,235,117,49,36,1,0
JOHNSDE01,1984,Dennis,Johnson,BOS,N,80,2976,1254,91,226,317,543,96,39,212,224,1066,493,306,261,26,7
JOHNSED02,1984,Eddie,Johnson,ATL,N,73,2367,1193,38,154,192,566,43,7,244,184,946,453,332,265,72,22
JOHNSED03,1984,Eddie,Johnson,KCK,N,82,3029,1876,151,256,407,273,83,22,225,237,1565,769,373,325,54,13
JOHNSFR01,1984,Frank,Johnson,WA1,N,46,925,428,23,40,63,143,43,3,59,72,358,175,96,72,17,6
JOHNSGE01,1984,George,Johnson,NJN,N,65,800,107,74,111,185,22,19,78,39,151,79,42,27,22,1,1
JOHNSGE03,1984,George,Johnson,PHI,N,55,756,264,48,116,164,38,31,16,49,99,263,107,56,49,10,1
JOHNSMA01,1984,Magic,Johnson,LAL,N,77,2781,1406,90,386,476,968,113,25,305,155,899,504,464,391,37,7
JOHNSMA02,1984,Marques,Johnson,LAC,N,72,2448,1181,188,240,428,248,72,30,176,193,1094,494,260,190,13,3
JOHNSMI01,1984,Mickey,Johnson,GSW,N,66,1565,875,149,247,396,149,70,35,142,221,714,304,316,260,30,7
JOHNSST01,1984,Steve,Johnson,CHI,N,74,1659,743,146,291,437,64,37,62,151,265,516,281,252,181,3,0
JOHNSVI01,1984,Vinnie,Johnson,DET,N,82,2093,1051,134,118,252,325,71,20,135,205,942,428,247,190,27,5
JONESBO01,1984,Bobby,Jones,PHI,N,80,1633,600,105,192,297,155,84,50,118,183,385,207,216,186,4,0
JONESCA01,1984,Caldwell,Jones,CHI,N,42,885,142,49,162,211,34,12,31,40,125,115,53,47,36,2,0
JONESCH01,1984,Charles,Jones,TOT,N,31,667,174,71,113,184,26,22,79,25,107,127,67,58,40,0,0
JONESCH01,1984,Charles,Jones,CHI,N,3,29,8,2,4,6,1,0,5,4,6,4,2,6,4,0,0
JONESCH01,1984,Charles,Jones,WA1,N,28,638,166,69,109,178,25,22,74,21,101,123,65,52,36,0,0
JONESCH03,1984,Charles,Jones,PHO,N,78,1565,654,139,255,394,128,45,61,143,149,454,236,281,182,4,0
JONESEA01,1984,Earl,Jones,LAL,N,2,7,0,0,0,0,0,0,0,1,0,1,0,0,0,0,0
JONESED02,1984,Edgar,Jones,SAS,N,18,322,129,16,46,62,18,9,18,28,52,91,44,51,41,1,0
JONESED02,1984,Edgar,Jones,CLE,N,26,447,213,34,75,109,11,11,11,33,71,184,86,60,41,3,0
JONESED02,1984,Edgar,Jones,TOT,N,44,769,342,50,121,171,29,20,29,61,123,275,130,111,82,4,0
JONESMA01,1984,Major,Jones,DET,N,47,418,129,48,80,128,15,9,14,35,58,87,48,51,33,0,0
JONESOZ01,1984,Ozell,Jones,SAS,N,67,888,245,65,173,238,56,30,57,61,139,180,106,83,33,1,0
JORDAMI01,1984,Michael,Jordan,CHI,N,82,3144,2313,167,367,534,481,196,69,291,285,1625,837,746,630,52,9
KELLERI01,1984,Rich,Kelley,UTA,N,77,1276,290,118,232,350,120,42,30,124,227,216,103,112,84,2,0
KELLOCL01,1984,Clark,Kellogg,IND,N,77,2449,1432,224,500,724,244,86,26,231,247,1112,562,396,301,14,7
KELSEGR01,1984,Greg,Kelser,IND,N,10,114,62,6,13,19,13,7,0,12,16,53,21,28,20,1,0
KERSEJE01,1984,Jerome,Kersey,POR,N,77,958,473,95,111,206,63,49,29,66,147,372,178,181,117,3,0
KINGAL01,1984,Albert,King,NJN,N,42,860,537,70,89,159,58,41,9,65,110,460,226,104,85,8,0
KINGBE01,1984,Bernard,King,NYK,N,55,2063,1809,114,203,317,204,71,15,204,191,1303,691,552,426,10,1
KINGRE01,1984,Reggie,King,SEA,N,60,860,167,44,78,122,53,28,11,42,74,149,63,59,41,0,0
KITEGR01,1984,Greg,Kite,BOS,N,55,424,88,38,51,89,17,3,10,29,84,88,33,32,22,0,0
KNIGHBI01,1984,Billy,Knight,KCK,N,16,189,76,10,12,22,21,2,1,13,14,69,31,16,13,1,1
KNIGHBI01,1984,Billy,Knight,SAS,N,52,611,311,40,56,96,59,14,1,57,48,285,125,57,51,24,10
KNIGHBI01,1984,Billy,Knight,TOT,N,68,800,387,50,68,118,80,16,2,70,62,354,156,73,64,25,11
KOPICJO01,1984,Joe,Kopicki,DEN,N,42,308,145,29,57,86,29,13,1,28,58,95,50,54,43,3,2
KUPCHMI01,1984,Mitch,Kupchak,LAL,N,58,716,306,68,116,184,21,19,20,48,104,244,123,91,60,0,0
LAGARTO01,1984,Tom,Lagarde,NJN,N,1,8,1,1,1,2,0,0,0,1,2,1,0,2,1,0,0
LAIMBBI01,1984,Bill,Laimbeer,DET,N,82,2892,1438,295,718,1013,154,69,71,129,308,1177,595,306,244,18,4
LEAVEAL01,1984,Allen,Leavell,HOU,N,42,536,228,8,29,37,102,23,4,51,61,209,88,57,44,37,8
LESTERO01,1984,Ronnie,Lester,LAL,N,32,278,89,4,22,26,80,15,3,32,25,82,34,31,21,1,0
LEVERLA01,1984,Lafayette,Lever,DEN,N,82,2559,1051,147,264,411,613,202,30,203,226,985,424,256,197,24,6
LEVINCL01,1984,Cliff,Levingston,ATL,N,74,2017,727,230,336,566,104,70,69,133,231,552,291,222,145,2,0
LISTEAL01,1984,Alton,Lister,MIL,N,81,2091,798,219,428,647,127,49,167,183,287,598,322,262,154,1,0
LLOYDLE01,1984,Lewis,Lloyd,HOU,N,82,2128,1077,98,133,231,280,73,28,177,196,869,457,220,161,8,2
LONGJO01,1984,John,Long,DET,N,66,1820,973,81,109,190,130,71,14,98,139,885,431,123,106,15,5
LOWESI01,1984,Sidney,Lowe,DET,N,6,31,4,0,1,1,8,0,0,2,5,7,2,0,0,0,0
LOWESI01,1984,Sidney,Lowe,ATL,N,15,159,24,4,11,15,42,11,0,11,23,20,8,8,8,1,0
LOWESI01,1984,Sidney,Lowe,TOT,N,21,190,28,4,12,16,50,11,0,13,28,27,10,8,8,1,0
LUCASJO01,1984,John,Lucas,HOU,N,47,1158,536,21,64,85,318,62,2,102,78,446,206,129,103,66,21
LUCASMA01,1984,Maurice,Lucas,PHO,N,63,1670,842,138,419,557,145,39,17,151,183,727,346,200,150,4,0
MACYKY01,1984,Kyle,Macy,PHO,N,65,2018,714,33,146,179,380,85,3,111,128,582,282,140,127,85,23
MAHORRI01,1984,Rick,Mahorn,WA1,N,77,2072,483,150,458,608,121,59,104,133,308,413,206,104,71,0,0
MALONJE01,1984,Jeff,Malone,WA1,N,76,2613,1436,60,146,206,184,52,9,107,176,1213,605,250,211,72,15
MALONMO01,1984,Moses,Malone,PHI,N,79,2957,1941,385,646,1031,130,67,123,286,216,1284,602,904,737,2,0
MANNIPA01,1984,Pace,Mannion,UTA,N,34,190,70,12,11,23,27,16,3,18,17,63,27,23,16,1,0
MATTHWE01,1984,Wes,Matthews,CHI,N,78,1523,443,16,51,67,354,73,12,124,133,386,191,85,59,16,2
MAXWECE01,1984,Cedric,Maxwell,BOS,N,57,1495,633,98,144,242,102,36,15,98,140,377,201,278,231,2,0
MCADOBO01,1984,Bob,Mcadoo,LAL,N,66,1254,690,79,216,295,67,18,53,95,170,546,284,162,122,1,0
MCCORTI01,1984,Tim,Mccormick,SEA,N,78,1584,726,146,252,398,78,18,33,114,207,483,269,263,188,1,0
MCCRARO01,1984,Rodney,Mccray,HOU,N,82,3001,1183,201,338,539,355,90,75,178,215,890,476,313,231,6,0
MCCRASC01,1984,Scooter,Mccray,SEA,N,6,93,15,6,11,17,7,1,3,10,13,10,6,4,3,0,0
MCDOWHA01,1984,Hank,Mcdowell,HOU,N,34,132,47,7,15,22,9,3,5,8,22,42,20,10,7,1,0
MCGEEMI01,1984,Mike,Mcgee,LAL,N,76,1170,774,97,68,165,71,39,7,81,147,612,329,160,94,61,22
MCHALKE01,1984,Kevin,Mchale,BOS,N,79,2653,1565,229,483,712,141,28,120,157,234,1062,605,467,355,6,0
MCKENKE01,1984,Kevin,Mckenna,NJN,N,29,535,165,20,29,49,58,30,7,32,63,134,61,43,38,13,5
MCMILTO01,1984,Tom,Mcmillen,WA1,N,69,1547,616,64,146,210,52,8,17,44,163,534,252,135,112,5,0
MCNAMMA01,1984,Mark,Mcnamara,TOT,N,45,273,112,31,43,74,6,7,8,19,27,76,40,62,32,0,0
MCNAMMA01,1984,Mark,Mcnamara,SAS,N,12,63,33,7,10,17,0,2,1,6,5,18,12,18,9,0,0
MCNAMMA01,1984,Mark,Mcnamara,KCK,N,33,210,79,24,33,57,6,5,7,13,22,58,28,44,23,0,0
MERIWJO01,1984,Joe,Meriweather,KCK,N,76,1061,339,94,169,263,27,17,28,50,181,243,121,124,96,2,1
MICHELA01,1984,Larry,Micheaux,MIL,N,18,171,46,18,26,44,13,8,7,8,26,35,17,17,12,0,0
MICHELA01,1984,Larry,Micheaux,HOU,N,39,394,165,44,55,99,17,12,14,28,49,122,74,26,17,3,0
MICHELA01,1984,Larry,Micheaux,TOT,N,57,565,211,62,81,143,30,20,21,36,75,157,91,43,29,3,0
MITCHMI01,1984,Mike,Mitchell,SAS,N,82,2853,1824,145,272,417,151,61,27,144,219,1558,775,346,269,23,5
MOKESPA01,1984,Paul,Mokeski,MIL,N,79,1586,491,107,303,410,99,28,35,85,266,429,205,116,81,2,0
MONCRSI01,1984,Sidney,Moncrief,MIL,N,73,2734,1585,149,242,391,382,117,39,184,197,1162,561,548,454,33,9
MOOREJO01,1984,Johnny,Moore,SAS,N,82,2689,1046,94,284,378,816,229,18,236,247,910,416,248,189,89,25
MURPHJA01,1984,Jay,Murphy,LAC,N,23,149,28,6,35,41,4,1,2,8,21,50,8,21,12,1,0
NANCELA01,1984,Larry,Nance,PHO,N,61,2202,1211,195,341,536,159,88,104,136,185,877,515,254,180,2,1
NATTCA01,1984,Calvin,Natt,DEN,N,78,2657,1817,209,401,610,238,75,33,190,182,1255,685,564,447,3,0
NATTKE01,1984,Kenny,Natt,KCK,N,4,16,0,1,0,1,3,1,0,0,1,1,0,0,0,0,0
NATTKE01,1984,Kenny,Natt,TOT,N,8,29,6,2,1,3,3,2,0,3,3,6,2,4,2,0,0
NATTKE01,1984,Kenny,Natt,UTA,N,4,13,6,1,1,2,0,1,0,3,2,5,2,4,2,0,0
NEALYED01,1984,Ed,Nealy,KCK,N,22,225,62,15,29,44,18,3,1,12,26,44,26,19,10,0,0
NEVITCH01,1984,Chuck,Nevitt,LAL,N,11,59,12,5,15,20,3,0,15,10,20,17,5,8,2,0,0
NIMPHKU01,1984,Kurt,Nimphius,DAL,N,82,2010,500,136,272,408,183,30,126,95,262,434,196,140,108,6,0
NIXONNO01,1984,Norm,Nixon,LAC,N,81,2894,1395,55,163,218,711,95,4,273,175,1281,596,218,170,99,33
NORRIAU01,1984,Audie,Norris,POR,N,78,1117,401,90,160,250,47,42,33,100,221,245,133,203,135,3,0
OKORMI01,1984,Mike,O'koren,NJN,N,43,1119,438,46,120,166,102,32,16,51,115,393,194,67,42,21,8
OLAJUHA01,1984,Hakeem,Olajuwon,HOU,N,82,2914,1692,440,534,974,111,99,220,234,344,1258,677,551,338,0,0
OLBERMA01,1984,Mark,Olberding,KCK,N,81,2277,823,139,374,513,243,56,11,185,298,528,265,352,293,3,0
OLDHAJA01,1984,Jawann,Oldham,CHI,N,63,993,212,79,157,236,31,11,127,58,166,192,89,50,34,1,0
ORRLO01,1984,Louis,Orr,NYK,N,79,2452,1007,171,220,391,134,100,27,138,195,766,372,334,262,10,1
PARISRO01,1984,Robert,Parish,BOS,N,79,2850,1394,263,577,840,125,56,101,186,223,1016,551,393,292,0,0
PAULTBI01,1984,Billy,Paultz,UTA,N,62,370,82,24,72,96,16,6,11,30,51,87,32,28,18,0,0
PAXSOJI01,1984,Jim,Paxson,POR,N,68,2253,1218,69,153,222,264,101,5,108,115,988,508,248,196,39,6
PAXSOJO01,1984,John,Paxson,SAS,N,78,1259,486,19,49,68,215,45,3,81,117,385,196,100,84,34,10
PERKISA01,1984,Sam,Perkins,DAL,N,82,2317,903,189,416,605,135,63,63,102,236,736,347,244,200,36,9
PETERJI01,1984,Jim,Petersen,HOU,N,60,714,190,44,103,147,29,14,32,71,125,144,70,66,50,0,0
PIERCRI01,1984,Ricky,Pierce,MIL,N,44,882,433,49,68,117,94,34,5,63,117,307,165,124,102,4,1
PITTMCH01,1984,Charlie,Pittman,PHO,N,68,1001,323,90,137,227,69,20,21,100,144,227,107,146,109,2,0
PLUMMGA01,1984,Gary,Plummer,GSW,N,66,702,250,54,80,134,26,15,14,50,127,232,92,92,65,4,1
POPEDA01,1984,David,Pope,KCK,N,22,129,41,9,9,18,5,3,3,7,30,53,17,13,7,1,0
POQUEBE01,1984,Ben,Poquette,CLE,N,79,1656,532,148,325,473,79,47,58,70,220,457,210,137,109,17,3
PRESSPA01,1984,Paul,Pressey,MIL,N,80,2876,1284,149,280,429,543,129,56,247,258,928,480,418,317,20,7
RAMBIKU01,1984,Kurt,Rambis,LAL,N,82,1617,430,164,364,528,69,82,47,97,211,327,181,103,68,0,0
RANSEKE01,1984,Kelvin,Ransey,NJN,N,81,1689,724,40,90,130,355,87,7,113,134,654,300,142,122,11,2
RAUTILE01,1984,Leo,Rautins,ATL,N,4,12,0,1,1,2,3,0,0,1,3,2,0,0,0,0,0
REIDRO01,1984,Robert,Reid,HOU,N,82,1763,713,81,192,273,171,48,22,101,196,648,312,126,88,16,1
RICHACL01,1984,Clint,Richardson,PHI,N,74,1531,443,60,95,155,157,37,15,78,143,404,183,89,76,3,1
RICHAMI01,1984,Michealray,Richardson,NJN,N,82,3127,1649,156,301,457,669,243,22,249,277,1470,690,313,240,115,29
RIVERDO01,1984,Doc,Rivers,ATL,N,69,2126,974,66,148,214,410,163,53,176,250,701,334,378,291,36,15
ROBERAL01,1984,Alvin,Robertson,SAS,N,79,1685,726,116,149,265,275,127,24,167,217,600,299,169,124,11,4
ROBERFR01,1984,Fred,Roberts,SAS,N,22,305,117,10,25,35,22,10,12,21,45,98,44,38,29,0,0
ROBERFR01,1984,Fred,Roberts,UTA,N,52,873,450,68,83,151,65,18,10,68,96,320,164,144,121,1,1
ROBERFR01,1984,Fred,Roberts,TOT,N,74,1178,567,78,108,186,87,28,22,89,141,418,208,182,150,1,1
ROBEYRI01,1984,Rick,Robey,PHO,N,4,48,5,3,5,8,5,2,0,8,7,9,2,2,1,0,0
ROBINCL01,1984,Cliff,Robinson,WA1,N,60,1870,1003,141,405,546,149,51,47,161,187,896,422,213,158,2,1
ROBINTR01,1984,Truck,Robinson,NYK,N,2,35,4,6,3,9,3,2,3,5,3,5,2,2,0,0,0
ROLLITR01,1984,Tree,Rollins,ATL,N,70,1750,439,113,329,442,52,35,167,80,213,339,186,93,67,0,0
ROMARLO01,1984,Lorenzo,Romar,MIL,N,4,16,2,0,0,0,2,0,0,0,2,8,1,0,0,1,0
ROMARLO01,1984,Lorenzo,Romar,TOT,N,9,51,11,0,0,0,12,4,0,5,7,16,3,5,5,3,0
ROMARLO01,1984,Lorenzo,Romar,DET,N,5,35,9,0,0,0,10,4,0,5,5,8,2,5,5,2,0
ROUNDDA01,1984,Dan,Roundfield,DET,N,56,1492,611,175,278,453,102,26,54,123,147,505,236,178,139,2,0
RULANJE01,1984,Jeff,Ruland,WA1,N,37,1436,700,127,283,410,162,31,27,179,128,439,250,292,200,2,0
RUSSECA02,1984,Campy,Russell,CLE,N,3,24,6,0,5,5,3,0,0,5,3,7,2,3,2,1,0
RUSSEWA01,1984,Walker,Russell,ATL,N,21,377,83,8,32,40,66,17,4,40,37,63,34,17,14,1,1
SAMPSRA01,1984,Ralph,Sampson,HOU,N,82,3086,1809,227,626,853,224,81,168,326,306,1499,753,448,303,6,0
SANDEMI01,1984,Mike,Sanders,PHO,N,21,418,215,38,51,89,29,23,4,34,59,175,85,59,45,0,0
SAPPLWA01,1984,Wayne,Sappleton,NJN,N,33,298,96,28,47,75,7,7,4,21,50,87,41,34,14,0,0
SCHAYDA01,1984,Danny,Schayes,DEN,N,56,542,199,48,96,144,38,20,25,44,98,129,60,97,79,0,0
SCHEFTO01,1984,Tom,Scheffler,POR,N,39,268,52,18,58,76,11,8,11,15,48,51,21,20,10,0,0
SCHWEJO01,1984,John,Schweitz,SEA,N,19,110,57,6,15,21,18,0,1,14,12,74,25,10,7,4,0
SCOTTAL01,1984,Alvin,Scott,PHO,N,77,1238,276,46,115,161,127,39,25,60,125,259,111,74,53,5,1
SCOTTBY01,1984,Byron,Scott,LAL,N,81,2305,1295,57,153,210,244,100,17,138,197,1003,541,228,187,60,26
SEWELTO01,1984,Tom,Sewell,WA1,N,21,87,20,2,2,4,6,3,1,7,13,36,9,4,2,2,0
SHELTLO01,1984,Lonnie,Shelton,CLE,N,57,1244,367,82,185,267,96,44,18,74,187,363,158,77,51,5,0
SHORTPU01,1984,Purvis,Short,GSW,N,78,3081,2186,157,241,398,234,116,27,241,255,1780,819,613,501,150,47
SICHTJE01,1984,Jerry,Sichting,IND,N,70,1808,771,24,90,114,264,47,4,102,116,624,325,128,112,37,9
SIKMAJA01,1984,Jack,Sikma,SEA,N,68,2402,1259,164,559,723,285,83,91,160,239,943,461,393,335,10,2
SITTOCH01,1984,Charlie,Sitton,DAL,N,43,304,91,24,36,60,26,7,6,19,50,94,39,25,13,2,0
SLUBYTO01,1984,Tom,Sluby,DAL,N,31,151,73,5,7,12,16,3,0,11,18,58,30,21,13,2,0
SMITHDE01,1984,Derek,Smith,LAC,N,80,2762,1767,174,253,427,216,77,52,230,317,1271,682,504,400,19,3
SMITHLA01,1984,Larry,Smith,GSW,N,80,2497,887,405,464,869,96,78,54,160,285,690,366,256,155,0,0
SMITHRO01,1984,Robert,Smith,CLE,N,7,48,16,0,4,4,7,2,0,3,6,17,4,10,8,4,0
SOBERRI01,1984,Ricky,Sobers,SEA,N,71,1490,700,27,76,103,252,49,9,158,156,628,280,162,132,28,8
SPARRRO01,1984,Rory,Sparrow,NYK,N,79,2292,781,38,131,169,557,81,9,150,200,662,326,141,122,31,7
SPRIGLA01,1984,Larry,Spriggs,LAL,N,75,1292,500,77,150,227,132,47,13,115,195,354,194,146,112,3,0
STANSTE01,1984,Terence,Stansbury,IND,N,74,1278,526,39,75,114,127,47,12,80,205,458,210,126,102,25,4
STEPPBR01,1984,Brook,Steppe,DET,N,54,486,253,25,32,57,36,16,4,43,61,178,83,104,87,1,0
STIPAST01,1984,Steve,Stipanovich,IND,N,82,2315,1126,141,473,614,199,71,78,184,265,871,414,372,297,11,1
STOCKJO01,1984,John,Stockton,UTA,N,82,1490,458,26,79,105,415,109,11,150,203,333,157,193,142,11,2
SUNDVJO01,1984,Jon,Sundvold,SEA,N,73,1150,400,17,53,70,206,36,1,85,87,400,170,59,48,38,12
SUTTLDA01,1984,Dane,Suttle,KCK,N,6,24,14,0,3,3,2,1,0,1,3,13,6,2,2,1,0
TEAGLTE01,1984,Terry,Teagle,DET,N,2,5,2,0,0,0,0,0,0,1,2,2,1,0,0,0,0
TEAGLTE01,1984,Terry,Teagle,GSW,N,19,344,173,22,21,43,14,13,5,14,34,135,73,35,25,4,2
TEAGLTE01,1984,Terry,Teagle,TOT,N,21,349,175,22,21,43,14,13,5,15,36,137,74,35,25,4,2
THEUSRE01,1984,Reggie,Theus,KCK,N,82,2543,1341,106,164,270,656,95,18,307,250,1029,501,387,334,38,5
THIBEPE01,1984,Peter,Thibeaux,GSW,N,51,461,231,29,40,69,17,11,17,34,85,195,94,67,43,2,0
THIRDDA01,1984,David,Thirdkill,MIL,N,6,16,7,1,1,2,0,0,0,0,1,4,3,2,1,0,0
THIRDDA01,1984,David,Thirdkill,TOT,N,18,183,51,10,7,17,4,5,3,14,22,38,20,19,11,1,0
THIRDDA01,1984,David,Thirdkill,SAS,N,2,52,15,5,2,7,3,2,1,2,5,11,5,6,5,0,0
THIRDDA01,1984,David,Thirdkill,DET,N,10,115,29,4,4,8,1,3,2,12,16,23,12,11,5,1,0
THOMAIS01,1984,Isiah,Thomas,DET,N,81,3089,1720,114,247,361,1123,187,25,302,288,1410,646,493,399,113,29
THOMAJI01,1984,Jim,Thomas,IND,N,80,2059,885,74,187,261,234,76,5,131,195,726,347,234,183,42,8
THOMPBE01,1984,Bernard,Thompson,POR,N,59,535,197,37,39,76,52,31,10,35,79,212,79,51,39,8,0
THOMPLA01,1984,Lasalle,Thompson,KCK,N,82,2458,965,274,580,854,130,98,128,202,328,695,369,315,227,0,0
THOMPMY01,1984,Mychal,Thompson,POR,N,79,2616,1451,211,407,618,205,78,104,231,216,1111,572,449,307,0,0
THOMPPA01,1984,Paul,Thompson,MIL,N,16,227,106,21,21,42,20,15,5,15,42,105,41,34,24,7,0
THOMPPA01,1984,Paul,Thompson,CLE,N,33,715,347,36,80,116,58,41,20,42,77,354,148,53,45,23,6
THOMPPA01,1984,Paul,Thompson,TOT,N,49,942,453,57,101,158,78,56,25,57,119,459,189,87,69,30,6
THORPOT01,1984,Otis,Thorpe,KCK,N,82,1918,1052,187,369,556,111,34,37,187,256,685,411,371,230,2,0
THREASE01,1984,Sedale,Threatt,PHI,N,82,1304,446,21,78,99,175,80,16,99,171,416,188,90,66,22,4
TONEYAN01,1984,Andrew,Toney,PHI,N,70,2237,1245,35,142,177,363,65,24,224,211,914,450,355,306,105,39
TOWNELI01,1984,Linton,Townes,SAS,N,1,8,2,1,0,1,0,0,0,0,1,6,0,2,2,0,0
TRIPUKE01,1984,Kelly,Tripucka,DET,N,55,1675,1049,66,152,218,135,49,14,118,118,831,396,288,255,5,2
TUCKETR01,1984,Trent,Tucker,NYK,N,77,1819,653,74,114,188,199,75,15,64,195,606,293,48,38,72,29
TURNEEL01,1984,Elston,Turner,DEN,N,81,1491,414,88,128,216,158,96,7,70,152,388,181,65,51,6,1
TURNEJE01,1984,Jeff,Turner,NJN,N,72,1429,421,88,130,218,108,29,7,90,243,377,171,92,79,3,0
TURPIME01,1984,Mel,Turpin,CLE,N,79,1949,835,155,297,452,36,38,87,118,211,711,363,139,109,0,0
TYLERTE01,1984,Terry,Tyler,DET,N,82,2004,950,148,275,423,63,49,90,76,192,855,422,148,106,8,0
VALENDA01,1984,Darnell,Valentine,POR,N,75,2278,872,54,165,219,522,143,5,194,189,679,321,290,230,2,0
VANDEKI01,1984,Kiki,Vandeweghe,POR,N,72,2502,1616,74,154,228,106,37,22,116,116,1158,618,412,369,33,11
VERHOPE01,1984,Peter,Verhoeven,KCK,N,54,366,123,28,35,63,17,15,7,20,85,108,51,25,21,0,0
VINCEJA01,1984,Jay,Vincent,DAL,N,79,2543,1441,185,519,704,169,48,22,170,226,1138,545,420,351,4,0
VRANEDA01,1984,Danny,Vranes,SEA,N,76,2163,440,154,282,436,152,76,57,119,256,402,186,127,67,4,1
WAITEGR01,1984,Granville,Waiters,IND,N,62,703,199,57,113,170,30,16,44,55,107,190,85,50,29,1,0
WALKEDA01,1984,Darrell,Walker,NYK,N,82,2489,1103,128,150,278,408,167,21,204,244,989,430,347,243,17,0
WALTOBI01,1984,Bill,Walton,LAC,N,67,1647,676,168,432,600,156,50,140,174,184,516,269,203,138,2,0
WARRIBR01,1984,Bryan,Warrick,LAC,N,58,713,215,10,48,58,153,23,6,70,85,173,85,57,44,4,1
WEDMASC01,1984,Scott,Wedman,BOS,N,78,1127,499,57,102,159,94,23,10,47,111,460,220,55,42,34,17
WESTMA01,1984,Mark,West,TOT,N,66,888,255,90,161,251,15,13,49,59,197,194,106,87,43,1,0
WESTMA01,1984,Mark,West,MIL,N,1,6,2,1,0,1,0,0,1,2,4,1,0,2,2,0,0
WESTMA01,1984,Mark,West,CLE,N,65,882,253,89,161,250,15,13,48,57,193,193,106,85,41,1,0
WHATLEN01,1984,Ennis,Whatley,CHI,N,70,1385,349,34,67,101,381,66,10,144,141,313,140,86,68,9,1
WHITEJE01,1984,Jerome,Whitehead,GSW,N,79,2536,1026,219,403,622,53,45,43,141,322,825,421,235,184,0,0
WHITERO01,1984,Rory,White,LAC,N,80,1106,378,94,101,195,34,35,20,87,115,279,144,130,90,0,0
WHITEWI01,1984,Willie,White,DEN,N,39,234,129,15,21,36,29,5,2,30,24,124,52,31,21,11,4
WIGGIMI01,1984,Mitchell,Wiggins,HOU,N,82,1575,738,110,125,235,119,83,13,90,195,657,318,131,96,23,6
WILKEJA01,1984,Jamaal,Wilkes,LAL,N,42,761,347,35,59,94,41,19,3,49,65,303,148,66,51,1,0
WILKIDA01,1984,Dale,Wilkinson,DET,N,2,7,0,0,1,1,0,0,0,0,2,2,0,0,0,0,0
WILKIDA01,1984,Dale,Wilkinson,LAC,N,10,38,14,1,2,3,2,0,0,4,8,14,4,7,6,1,0
WILKIDA01,1984,Dale,Wilkinson,TOT,N,12,45,14,1,3,4,2,0,0,4,10,16,4,7,6,1,0
WILKIDO01,1984,Dominique,Wilkins,ATL,N,81,3023,2217,226,331,557,200,135,54,225,170,1891,853,603,486,81,25
WILKIED01,1984,Eddielee,Wilkins,NYK,N,54,917,298,86,176,262,16,21,16,64,155,233,116,122,66,2,0
WILKIJE01,1984,Jeff,Wilkins,UTA,N,79,1505,631,78,288,366,81,35,18,91,173,582,285,80,61,1,0
WILLIBU01,1984,Buck,Williams,NJN,N,82,3182,1491,323,682,1005,167,63,110,238,293,1089,577,538,336,4,1
WILLIGU01,1984,Gus,Williams,WA1,N,79,2960,1578,72,123,195,608,178,32,213,159,1483,638,346,251,176,51
WILLIGU02,1984,Guy,Williams,WA1,N,21,119,61,15,12,27,9,5,2,8,17,63,29,5,2,4,1
WILLIHE01,1984,Herb,Williams,IND,N,75,2557,1375,154,480,634,252,54,134,265,218,1211,575,341,224,9,1
WILLIKE01,1984,Kevin,Willis,ATL,N,82,1785,765,177,345,522,36,31,49,104,226,690,322,181,119,9,2
WILLIKE02,1984,Kevin,Williams,CLE,N,46,413,163,19,44,63,61,22,4,49,86,134,58,64,47,5,0
WILLIRA01,1984,Ray,Williams,BOS,N,23,459,147,16,41,57,90,30,5,42,56,143,55,46,31,23,6
WILLISA02,1984,Samuel,Williams,PHI,N,46,488,144,38,68,106,11,26,26,44,92,148,58,47,28,1,0
WILLISL01,1984,Sly,Williams,ATL,N,34,867,417,45,123,168,94,28,8,78,83,380,167,123,79,15,4
WILSOMI01,1984,Mike,Wilson,TOT,N,19,267,99,14,17,31,35,14,5,20,21,77,36,36,27,0,0
WILSOMI01,1984,Mike,Wilson,NJN,N,8,92,22,4,9,13,11,4,2,5,7,23,9,6,4,0,0
WILSOMI01,1984,Mike,Wilson,CLE,N,11,175,77,10,8,18,24,10,3,15,14,54,27,30,23,0,0
WILSOOT01,1984,Othell,Wilson,GSW,N,74,1260,325,35,96,131,217,77,12,95,122,291,134,76,54,16,3
WITTMRA01,1984,Randy,Wittman,ATL,N,41,1168,406,16,57,73,125,28,7,57,58,352,187,41,30,7,2
WOODAL01,1984,Al,Wood,SEA,N,80,2545,1203,99,180,279,236,84,52,120,187,1061,515,214,166,33,7
WOODLE01,1984,Leon,Wood,PHI,N,38,269,122,3,15,18,45,8,0,25,17,134,50,26,18,30,4
WOODSMI01,1984,Mike,Woodson,KCK,N,78,1998,1329,69,129,198,143,117,28,139,216,1068,530,330,264,21,5
WOOLROR01,1984,Orlando,Woolridge,CHI,N,77,2816,1767,158,277,435,135,58,38,178,185,1225,679,521,409,5,0
WORTHJA01,1984,James,Worthy,LAL,N,80,2696,1410,169,342,511,201,87,67,198,196,1066,610,245,190,7,0
YOUNGDA01,1984,Danny,Young,SEA,N,3,26,4,0,3,3,2,3,0,2,2,10,2,0,0,1,0
YOUNGMI01,1984,Michael,Young,PHO,N,2,11,4,1,1,2,0,0,0,0,0,6,2,0,0,1,0
ABDULKA01,1985,Kareem,Abdul-jabbar,LAL,N,79,2629,1846,133,345,478,280,67,130,203,248,1338,755,439,336,2,0
ADAMSAL01,1985,Alvan,Adams,PHO,N,78,2005,841,148,329,477,324,103,46,206,272,679,341,203,159,2,0
ADAMSMI01,1985,Michael,Adams,SAC,N,18,139,40,2,4,6,22,9,1,11,9,44,16,12,8,3,0
AGUIRMA01,1985,Mark,Aguirre,DAL,N,74,2501,1670,177,268,445,339,62,14,252,229,1327,668,451,318,56,16
AINGEDA01,1985,Danny,Ainge,BOS,N,80,2407,855,47,188,235,405,94,7,129,204,701,353,136,123,73,26
ANDERRO01,1985,Ron,Anderson,CLE,N,17,207,86,5,21,26,8,1,0,76,20,74,37,16,12,1,0
ANDERRO01,1985,Ron,Anderson,IND,N,60,1469,621,125,123,248,136,55,6,6,105,554,273,111,73,8,2
ANDERRO01,1985,Ron,Anderson,TOT,N,77,1676,707,130,144,274,144,56,6,82,125,628,310,127,85,9,2
BAGLEJO01,1985,John,Bagley,CLE,N,78,2472,911,76,199,275,735,122,10,239,165,865,366,215,170,37,9
BAILEJA01,1985,James,Bailey,NYK,N,48,1245,533,102,232,334,50,33,40,99,207,443,202,167,129,4,0
BAILETH01,1985,Thurl,Bailey,UTA,N,82,2358,1196,148,345,493,153,42,114,144,160,1077,483,277,230,7,0
BALLAGR01,1985,Greg,Ballard,GSW,N,75,1792,662,132,285,417,83,65,8,54,174,570,272,126,101,35,17
BANKSGE01,1985,Gene,Banks,CHI,N,82,2139,895,178,182,360,251,81,10,139,212,688,356,255,183,19,0
BANNIKE01,1985,Ken,Bannister,NYK,N,70,1405,601,89,233,322,42,42,24,129,208,479,235,249,131,1,0
BARKLCH01,1985,Charles,Barkley,PHI,N,80,2952,1603,354,672,1026,312,173,125,350,333,1041,595,578,396,75,17
BATTLJO01,1985,John,Battle,ATL,N,64,639,277,12,50,62,74,23,3,47,80,222,101,103,75,7,0
BENJABE01,1985,Benoit,Benjamin,LAC,N,79,2088,878,161,439,600,79,64,206,145,286,661,324,307,229,3,1
BENSOKE01,1985,Kent,Benson,DET,N,72,1344,469,118,258,376,80,58,51,58,196,415,201,83,66,2,1
BIRDLA01,1985,Larry,Bird,BOS,N,82,3113,2115,190,615,805,557,166,51,266,182,1606,796,492,441,194,82
BIRDSOT01,1985,Otis,Birdsong,NJN,N,77,2395,1214,88,114,202,261,85,17,179,228,1056,542,210,122,22,8
BLABUW01,1985,Uwe,Blab,DAL,N,48,409,124,25,66,91,17,3,12,28,65,94,44,67,36,0,0
BLACKRO01,1985,Rolando,Blackman,DAL,N,82,2787,1762,88,203,291,271,79,25,189,138,1318,677,483,404,29,4
BOLMA01,1985,Manute,Bol,WA1,N,80,2090,298,123,354,477,23,28,397,65,255,278,128,86,42,1,0
BOWIESA01,1985,Sam,Bowie,POR,N,38,1132,448,93,234,327,99,21,96,88,142,345,167,161,114,0,0
BRADLDU01,1985,Dudley,Bradley,WA1,N,70,842,195,24,71,95,107,85,3,44,101,209,73,56,32,68,17
BRATZMI01,1985,Mike,Bratz,SAC,N,33,269,70,2,21,23,39,13,0,17,43,70,26,18,14,14,4
BREUERA01,1985,Randy,Breuer,MIL,N,82,1792,685,159,299,458,114,50,116,122,214,570,272,198,141,1,0
BREWERO01,1985,Ron,Brewer,TOT,N,44,570,211,14,39,53,40,17,6,23,44,224,86,38,34,17,5
BREWERO01,1985,Ron,Brewer,CHI,N,4,18,7,0,0,0,0,0,0,2,1,9,3,1,1,0,0
BREWERO01,1985,Ron,Brewer,CLE,N,40,552,204,14,39,53,40,17,6,21,43,215,83,37,33,17,5
BRICKFR01,1985,Frank,Brickowski,SEA,N,40,311,78,16,38,54,21,11,7,23,74,58,30,27,18,0,0
BRIDGJU01,1985,Junior,Bridgeman,LAC,N,58,1161,510,29,94,123,108,31,8,68,81,451,199,119,106,18,6
BRITTMI01,1985,Mike,Brittain,SAS,N,32,219,54,10,39,49,5,3,12,20,54,43,22,19,10,0,0
BROWNTO01,1985,Tony,Brown,CHI,N,10,132,45,5,11,16,14,5,1,4,16,41,18,13,9,2,0
BRYANWA01,1985,Wallace,Bryant,LAC,N,8,64,13,8,12,20,4,2,3,2,12,18,4,8,5,0,0
BRYANWA01,1985,Wallace,Bryant,DAL,N,9,154,28,9,24,33,11,3,2,7,26,30,11,11,6,0,0
BRYANWA01,1985,Wallace,Bryant,TOT,N,17,218,41,17,36,53,15,5,5,9,38,48,15,19,11,0,0
BUCKNQU01,1985,Quinn,Buckner,IND,N,32,419,117,9,42,51,86,40,3,55,80,104,49,27,19,1,0
CAGEMI01,1985,Michael,Cage,LAC,N,78,1566,521,168,249,417,81,62,34,106,176,426,204,174,113,3,0
CAMPBTO01,1985,Tony,Campbell,DET,N,82,1292,648,83,153,236,45,62,7,86,164,608,294,73,58,9,2
CARLIRI01,1985,Rick,Carlisle,BOS,N,77,760,199,22,55,77,104,19,4,50,92,189,92,23,15,10,0
CARRAN01,1985,Antoine,Carr,ATL,N,17,258,116,16,36,52,14,7,15,14,51,93,49,27,18,0,0
CARRKE01,1985,Kenny,Carr,POR,N,55,1557,613,146,346,492,70,38,30,106,203,466,232,217,149,4,0
CARROJO01,1985,Joebarry,Carroll,GSW,N,79,2801,1677,193,477,670,176,101,144,275,277,1404,650,501,377,2,0
CARTEBU01,1985,Butch,Carter,TOT,N,9,67,20,2,2,4,4,1,0,7,14,24,7,7,6,1,0
CARTEBU01,1985,Butch,Carter,NYK,N,5,31,5,2,1,3,3,1,0,6,6,8,2,1,1,1,0
CARTEBU01,1985,Butch,Carter,PHI,N,4,36,15,0,1,1,1,0,0,1,8,16,5,6,5,0,0
CARTWBI01,1985,Bill,Cartwright,NYK,N,2,36,12,2,8,10,5,1,1,6,6,7,3,10,6,0,0
CATLETE01,1985,Terry,Catledge,PHI,N,64,1092,494,107,165,272,21,31,8,69,127,431,202,139,90,4,0
CATTABO01,1985,Bobby,Cattage,NJN,N,29,185,92,15,19,34,4,6,0,13,23,83,28,44,35,5,1
CHAMBTO01,1985,Tom,Chambers,SEA,N,66,2019,1223,126,305,431,132,55,37,194,248,928,432,414,346,48,13
CHARLLO01,1985,Lorenzo,Charles,ATL,N,36,273,122,13,26,39,8,2,6,18,37,88,49,36,24,0,0
CHEEKMA01,1985,Maurice,Cheeks,PHI,N,82,3270,1266,55,180,235,753,207,27,238,160,913,490,335,282,17,4
COFIEFR01,1985,Fred,Cofield,NYK,N,45,469,165,6,40,46,82,20,3,49,65,184,75,20,12,15,3
COLTEST01,1985,Steve,Colter,POR,N,81,1868,706,41,136,177,257,113,10,115,188,597,272,164,135,83,27
CONNELE01,1985,Lester,Conner,GSW,N,36,413,144,25,37,62,43,24,1,15,23,136,51,54,40,7,2
COOKDA01,1985,Darwin,Cook,NJN,N,79,1965,629,51,126,177,390,156,22,132,172,627,267,111,84,53,11
COOKEDA01,1985,David,Cooke,SAC,N,6,38,9,5,5,10,1,4,0,2,5,11,2,10,5,0,0
COOKJE01,1985,Jeff,Cook,UTA,N,2,17,7,2,3,5,0,0,0,3,1,6,3,1,1,0,0
COOKJE01,1985,Jeff,Cook,SAS,N,34,356,82,31,50,81,21,13,11,11,64,67,28,41,26,1,0
COOKJE01,1985,Jeff,Cook,TOT,N,36,373,89,33,53,86,21,13,11,14,65,73,31,42,27,1,0
COOPEMI01,1985,Michael,Cooper,LAL,N,82,2269,758,44,200,244,466,89,43,151,238,606,274,170,147,163,63
COOPEWA01,1985,Wayne,Cooper,DEN,N,78,2112,1021,190,420,610,81,42,227,117,315,906,422,219,174,7,3
CORBITY01,1985,Tyrone,Corbin,SAS,N,16,174,64,11,14,25,11,11,2,12,21,64,27,14,10,1,0
CORZIDA01,1985,Dave,Corzine,CHI,N,67,1709,640,132,301,433,150,28,53,104,133,519,255,171,127,12,3
CREVIRO01,1985,Ron,Crevier,GSW,N,1,1,0,0,0,0,0,0,0,0,0,1,0,0,0,0,0
CREVIRO01,1985,Ron,Crevier,TOT,N,3,4,0,1,0,1,0,0,0,0,2,3,0,2,0,0,0
CREVIRO01,1985,Ron,Crevier,DET,N,2,3,0,1,0,1,0,0,0,0,2,2,0,2,0,0,0
CROSSJE01,1985,Jeff,Cross,LAC,N,21,128,26,9,21,30,1,2,3,6,38,24,6,25,14,0,0
CUMMIPA01,1985,Pat,Cummings,NYK,N,31,1007,487,92,188,280,47,27,12,87,136,408,195,139,97,2,0
CUMMITE01,1985,Terry,Cummings,MIL,N,82,2669,1627,222,472,694,193,121,51,191,283,1438,681,404,265,2,0
CURETEA01,1985,Earl,Cureton,DET,N,80,2017,687,198,306,504,137,58,58,150,239,564,285,211,117,2,0
DAILEQU01,1985,Quintin,Dailey,CHI,N,35,723,569,20,48,68,67,22,5,67,86,470,203,198,163,8,0
DANTLAD01,1985,Adrian,Dantley,UTA,N,76,2744,2267,178,217,395,264,64,4,231,206,1453,818,796,630,11,1
DAVISBR01,1985,Brad,Davis,DAL,N,82,1971,764,26,120,146,467,57,15,110,174,502,267,228,198,89,32
DAVISCH02,1985,Charlie,Davis,MIL,N,57,873,440,60,110,170,55,26,7,50,113,397,188,75,61,24,3
DAVISJO01,1985,Johnny,Davis,ATL,N,27,402,144,2,17,19,112,13,0,38,32,107,46,59,51,2,1
DAVISJO01,1985,Johnny,Davis,CLE,N,39,612,273,6,30,36,105,24,4,40,44,237,102,79,67,11,2
DAVISJO01,1985,Johnny,Davis,TOT,N,66,1014,417,8,47,55,217,37,4,78,76,344,148,138,118,13,3
DAVISWA03,1985,Walter,Davis,PHO,N,70,2239,1523,54,149,203,361,99,3,219,153,1287,624,305,257,76,18
DAWKIDA01,1985,Darryl,Dawkins,NJN,N,51,1207,778,85,166,251,77,16,59,124,227,441,284,297,210,1,0
DAYEDA01,1985,Darren,Daye,WA1,N,64,1075,556,71,112,183,109,46,11,98,121,399,198,237,159,3,1
DONALJA01,1985,James,Donaldson,TOT,N,83,2682,716,171,624,795,96,28,139,123,189,459,256,254,204,0,0
DONALJA01,1985,James,Donaldson,LAC,N,14,441,143,28,103,131,12,5,29,38,33,84,43,70,57,0,0
DONALJA01,1985,James,Donaldson,DAL,N,69,2241,573,143,521,664,84,23,110,85,156,375,213,184,147,0,0
DREWLA01,1985,Larry,Drew,SAC,N,75,1971,890,25,100,125,338,66,2,133,134,776,376,161,128,31,10
DREXLCL01,1985,Clyde,Drexler,POR,N,75,2576,1389,171,250,421,600,197,46,282,270,1142,542,381,293,60,12
DUMARJO01,1985,Joe,Dumars,DET,N,82,1957,769,60,59,119,390,66,11,158,200,597,287,238,190,16,5
DUNNTR01,1985,T.r.,Dunn,DEN,N,82,2401,412,143,234,377,171,155,16,51,228,379,172,88,68,1,0
DURRADE01,1985,Devin,Durrant,PHO,N,4,51,17,2,6,8,5,3,0,4,10,21,8,4,1,0,0
EATONMA01,1985,Mark,Eaton,UTA,N,80,2551,676,172,503,675,101,33,369,157,282,589,277,202,122,0,0
EDWARFR01,1985,Franklin,Edwards,LAC,N,73,1491,657,24,62,86,259,89,4,137,87,577,262,151,132,9,1
EDWARJA01,1985,James,Edwards,PHO,N,52,1314,848,79,222,301,74,23,29,128,200,587,318,302,212,0,0
EHLOCR01,1985,Craig,Ehlo,HOU,N,36,199,98,17,29,46,29,11,4,15,22,84,36,29,23,9,3
ELLISDA01,1985,Dale,Ellis,DAL,N,72,1086,508,86,82,168,37,40,9,38,78,470,193,82,59,173,63
ENGLIAL01,1985,Alex,English,DEN,N,81,3024,2414,192,213,405,320,73,29,249,235,1888,951,593,511,5,1
ERVINJU01,1985,Julius,Erving,PHI,N,74,2474,1340,169,201,370,248,113,82,214,196,1085,521,368,289,32,9
EVANSMI01,1985,Mike,Evans,DEN,N,81,1389,773,30,71,101,177,61,1,124,159,715,304,149,126,176,39
EWINGPA01,1985,Patrick,Ewing,NYK,N,50,1771,998,124,327,451,102,54,103,172,191,814,386,306,226,5,0
FIELDKE01,1985,Kenny,Fields,MIL,N,78,1120,499,59,144,203,79,51,15,77,170,398,204,132,91,4,0
FLEMIVE01,1985,Vern,Fleming,IND,N,80,2870,1136,102,284,386,505,131,5,208,230,862,436,353,263,6,1
FLOYDSL01,1985,Sleepy,Floyd,GSW,N,82,2764,1410,76,221,297,746,157,16,290,199,1007,510,441,351,119,39
FOSTERO01,1985,Rod,Foster,PHO,N,48,704,202,9,49,58,121,22,1,61,77,218,85,32,23,32,9
FREEWO01,1985,World,Free,CLE,N,75,2535,1754,72,146,218,314,91,19,172,186,1433,652,486,379,169,71
GARNEBI01,1985,Bill,Garnett,IND,N,80,1197,340,106,169,275,95,39,22,91,174,239,112,162,116,2,0
GERVIGE01,1985,George,Gervin,CHI,N,82,2065,1325,78,137,215,144,49,23,161,210,1100,519,322,283,19,4
GIBSOMI01,1985,Mike,Gibson,DET,N,32,161,48,15,25,40,5,8,4,6,35,51,20,11,8,0,0
GILMOAR01,1985,Artis,Gilmore,SAS,N,71,2395,1184,166,434,600,102,39,108,186,239,684,423,482,338,1,0
GLENNMI01,1985,Mike,Glenn,MIL,N,38,573,235,4,53,57,39,9,3,18,42,190,94,49,47,0,0
GLOUCGE01,1985,Georgi,Glouchkov,PHO,N,49,772,239,31,132,163,32,26,25,76,124,209,84,122,70,1,1
GMINSMI01,1985,Mike,Gminski,NJN,N,81,2525,1333,206,462,668,133,56,71,140,163,949,491,393,351,1,0
GORDOLA01,1985,Lancaster,Gordon,LAC,N,60,704,312,24,44,68,60,33,10,62,91,345,130,56,45,28,7
GRAYST01,1985,Stuart,Gray,IND,N,67,423,155,45,73,118,15,8,11,32,94,108,54,74,47,0,0
GREENAC01,1985,A.c.,Green,LAL,N,82,1542,521,160,221,381,54,49,49,99,229,388,209,167,102,6,1
GREENDA01,1985,David,Greenwood,SAS,N,68,1910,538,151,380,531,90,37,52,113,207,388,198,184,142,1,0
GREENKE01,1985,Kenny,Green,PHI,N,21,232,92,10,25,35,6,1,2,18,27,91,39,23,14,0,0
GREENKE01,1985,Kenny,Green,WA1,N,20,221,109,17,21,38,3,4,7,17,26,101,44,26,21,1,0
GREENKE01,1985,Kenny,Green,TOT,N,41,453,201,27,46,73,9,5,9,35,53,192,83,49,35,1,0
GREENKE02,1985,Ken,Green,NYK,N,7,72,31,12,15,27,2,4,0,1,8,27,13,9,5,0,0
GREENRI01,1985,Rickey,Green,UTA,N,80,2012,932,32,103,135,411,106,6,132,130,758,357,250,213,29,5
GREENSI02,1985,Sidney,Green,CHI,N,80,2307,1076,208,450,658,139,70,37,220,292,875,407,335,262,8,0
GREGOCL01,1985,Claude,Gregory,WA1,N,2,2,2,2,0,2,0,1,0,2,1,2,1,0,0,0,0
GRUNFER01,1985,Ernie,Grunfeld,NYK,N,76,1402,412,42,164,206,119,39,13,50,192,355,148,108,90,61,26
GUDMUPE01,1985,Petur,Gudmundsson,LAL,N,8,128,58,17,21,38,3,3,4,11,25,37,20,27,18,0,0
HANSEBO01,1985,Bob,Hansen,UTA,N,82,2032,710,82,162,244,193,74,9,126,205,628,299,132,95,50,17
HANZLBI01,1985,Bill,Hanzlik,DEN,N,79,1982,988,88,176,264,316,107,16,165,277,741,331,405,318,41,8
HARPEDE01,1985,Derek,Harper,DAL,N,79,2150,963,75,151,226,416,153,23,144,166,730,390,229,171,51,12
HARRIST01,1985,Steve,Harris,HOU,N,57,482,257,25,32,57,50,21,4,34,55,233,103,54,50,5,1
HASTISC01,1985,Scott,Hastings,ATL,N,62,650,193,44,80,124,26,14,8,40,118,159,65,70,60,4,3
HAYESST01,1985,Steve,Hayes,UTA,N,58,397,89,32,45,77,7,5,19,16,81,87,39,36,11,0,0
HENDEGE01,1985,Gerald,Henderson,SEA,N,82,2568,1071,89,98,187,487,138,12,184,230,900,434,223,185,52,18
HENDEJE01,1985,Jerome,Henderson,LAL,N,1,3,4,0,1,1,0,0,0,0,1,3,2,0,0,0,0
HENRYCA01,1985,Carl,Henry,SAC,N,28,149,78,8,11,19,4,5,0,9,11,67,31,17,12,10,4
HIGGIRO01,1985,Rod,Higgins,TOT,N,30,332,98,14,37,51,24,9,11,13,49,106,39,27,19,9,1
HIGGIRO01,1985,Rod,Higgins,NJN,N,2,29,6,3,5,8,1,1,4,2,6,16,3,0,0,2,0
HIGGIRO01,1985,Rod,Higgins,SEA,N,12,94,22,3,9,12,6,2,1,4,11,27,9,5,3,4,1
HIGGIRO01,1985,Rod,Higgins,CHI,N,5,81,23,3,4,7,5,4,3,2,11,23,9,6,5,1,0
HIGGIRO01,1985,Rod,Higgins,SAS,N,11,128,47,5,19,24,12,2,3,5,21,40,18,16,11,2,0
HINSORO01,1985,Roy,Hinson,CLE,N,82,2834,1606,167,472,639,102,62,112,188,316,1167,621,506,364,4,0
HODGECR01,1985,Craig,Hodges,MIL,N,66,1739,716,39,78,117,229,74,2,89,157,568,284,86,75,162,73
HOLTOMI01,1985,Michael,Holton,PHO,N,4,65,12,1,2,3,7,2,0,4,7,20,4,6,4,2,0
HOLTOMI01,1985,Michael,Holton,CHI,N,24,447,171,10,20,30,48,23,0,23,40,155,73,38,24,10,1
HOLTOMI01,1985,Michael,Holton,TOT,N,28,512,183,11,22,33,55,25,0,27,47,175,77,44,28,12,1
HUBBAPH01,1985,Phil,Hubbard,CLE,N,23,640,262,48,72,120,29,20,3,66,78,198,93,112,76,1,0
HUGHEAL01,1985,Alfredrick,Hughes,SAS,N,68,866,356,0,113,113,61,26,5,63,79,372,152,84,49,17,3
HUMPHJA01,1985,Jay,Humphries,PHO,N,82,2733,905,56,204,260,526,132,9,190,222,735,352,257,197,29,4
HUSTOGE01,1985,Geoff,Huston,GSW,N,82,1208,345,10,55,65,342,38,4,83,67,273,140,92,63,6,2
IAVARMA01,1985,Marc,Iavaroni,UTA,N,26,345,105,21,56,77,29,10,3,21,54,81,36,48,33,0,0
IAVARMA01,1985,Marc,Iavaroni,TOT,N,68,1014,296,63,146,209,82,32,17,72,163,244,110,115,76,2,0
IAVARMA01,1985,Marc,Iavaroni,SAS,N,42,669,191,42,90,132,53,22,14,51,109,163,74,67,43,2,0
JOHNSCL01,1985,Clemon,Johnson,PHI,N,75,1069,261,106,149,255,15,23,62,38,129,223,105,81,51,0,0
JOHNSDE01,1985,Dennis,Johnson,BOS,N,78,2732,1213,69,199,268,456,110,35,173,206,1060,482,297,243,42,6
JOHNSED02,1985,Eddie,Johnson,CLE,N,32,615,315,13,33,46,114,8,1,60,56,293,129,45,33,65,24
JOHNSED02,1985,Eddie,Johnson,ATL,N,39,862,394,17,58,75,219,10,1,90,72,328,155,110,79,20,5
JOHNSED02,1985,Eddie,Johnson,TOT,N,71,1477,709,30,91,121,333,18,2,150,128,621,284,155,112,85,29
JOHNSED03,1985,Eddie,Johnson,SAC,N,82,2514,1530,173,246,419,214,54,17,191,237,1311,623,343,280,20,4
JOHNSFR01,1985,Frank,Johnson,WA1,N,14,402,176,7,21,28,76,11,1,29,30,154,69,54,38,3,0
JOHNSGE01,1985,George,Johnson,SEA,N,41,264,35,26,34,60,13,6,37,14,46,23,12,16,11,0,0
JOHNSGE03,1985,George,Johnson,WA1,N,2,7,4,1,1,2,0,0,0,1,1,3,1,2,2,0,0
JOHNSKE02,1985,Ken,Johnson,POR,N,64,815,263,90,153,243,19,13,22,59,147,214,113,85,37,0,0
JOHNSMA01,1985,Magic,Johnson,LAL,N,72,2578,1354,85,341,426,907,113,16,273,133,918,483,434,378,43,10
JOHNSMA02,1985,Marques,Johnson,LAC,N,75,2605,1525,156,260,416,283,107,50,183,214,1201,613,392,298,15,1
JOHNSMI01,1985,Mickey,Johnson,NJN,N,79,1574,616,98,234,332,217,67,25,165,248,507,214,233,183,24,5
JOHNSST01,1985,Steve,Johnson,SAS,N,71,1828,983,143,319,462,95,44,66,191,291,573,362,373,259,0,0
JOHNSVI01,1985,Vinnie,Johnson,DET,N,79,1978,1097,119,107,226,269,80,23,88,180,996,465,214,165,13,2
JONESBO01,1985,Bobby,Jones,PHI,N,70,1519,492,49,120,169,126,48,50,90,159,338,189,145,114,1,0
JONESCA01,1985,Caldwell,Jones,POR,N,80,1437,376,105,250,355,74,38,61,102,244,254,126,150,124,7,0
JONESCH01,1985,Charles,Jones,WA1,N,81,1609,312,122,199,321,76,57,133,71,235,254,129,86,54,2,0
JONESCH03,1985,Charles,Jones,PHO,N,43,742,200,65,128,193,52,32,25,57,87,164,75,98,50,1,0
JONESEA01,1985,Earl,Jones,MIL,N,12,43,13,4,6,10,4,0,1,7,13,12,5,4,3,0,0
JONESED02,1985,Edgar,Jones,CLE,N,53,1011,513,71,136,207,45,30,38,64,142,370,187,178,132,23,7
JONESOZ01,1985,Ozell,Jones,LAC,N,3,18,0,0,2,2,0,2,1,3,5,2,0,0,0,0,0
JORDAMI01,1985,Michael,Jordan,CHI,N,18,451,408,23,41,64,53,37,21,45,46,328,150,125,105,18,3
JOSEPYV01,1985,Yvon,Joseph,NJN,N,1,5,2,0,0,0,0,0,0,0,1,0,0,2,2,0,0
KEELIHA01,1985,Harold,Keeling,DAL,N,20,75,44,3,3,6,10,7,0,7,9,39,17,14,10,0,0
KELLERI01,1985,Rich,Kelley,SAC,N,37,324,74,29,52,81,43,10,3,22,62,49,28,22,18,2,0
KELLOCL01,1985,Clark,Kellogg,IND,N,19,568,335,51,117,168,57,28,8,61,59,294,139,69,53,13,4
KERSEJE01,1985,Jerome,Kersey,POR,N,79,1217,672,137,156,293,83,85,32,113,208,470,258,229,156,6,0
KINGAL01,1985,Albert,King,NJN,N,73,1998,1047,116,250,366,181,58,24,181,205,961,438,203,167,23,4
KITEGR01,1985,Greg,Kite,BOS,N,64,464,83,35,93,128,17,3,28,32,81,91,34,39,15,1,0
KLEINJO01,1985,Joe,Kleine,SAC,N,80,1180,414,113,260,373,46,24,34,107,224,344,160,130,94,0,0
KONCAJO01,1985,Jon,Koncak,ATL,N,82,1695,682,171,296,467,55,37,69,111,296,519,263,257,156,1,0
KUPCHMI01,1985,Mitch,Kupchak,LAL,N,55,783,332,69,122,191,17,12,7,64,102,257,124,112,84,1,0
LAIMBBI01,1985,Bill,Laimbeer,DET,N,82,2891,1360,305,770,1075,146,59,65,133,291,1107,545,319,266,14,4
LAMPJE01,1985,Jeff,Lamp,SAS,N,30,620,332,19,60,79,53,19,1,38,67,271,136,69,56,17,4
LAMPJE01,1985,Jeff,Lamp,TOT,N,74,1321,608,53,147,200,117,39,4,68,155,514,245,133,111,30,7
LAMPJE01,1985,Jeff,Lamp,MIL,N,44,701,276,34,87,121,64,20,3,30,88,243,109,64,55,13,3
LEAVEAL01,1985,Allen,Leavell,HOU,N,74,1190,583,6,61,67,234,58,8,88,126,458,212,158,135,67,24
LEEKE01,1985,Keith,Lee,CLE,N,58,1197,431,116,235,351,67,29,37,78,204,380,177,96,75,9,2
LESTERO01,1985,Ronnie,Lester,LAL,N,27,222,67,0,10,10,54,9,3,42,27,52,26,19,15,3,0
LEVERLA01,1985,Lafayette,Lever,DEN,N,78,2616,1080,136,284,420,584,178,15,210,204,1061,468,182,132,38,12
LEVINCL01,1985,Cliff,Levingston,ATL,N,81,1945,752,193,341,534,72,76,39,113,260,551,294,242,164,1,0
LISTEAL01,1985,Alton,Lister,MIL,N,81,1812,796,199,393,592,101,49,142,161,300,577,318,266,160,2,0
LLOYDLE01,1985,Lewis,Lloyd,HOU,N,82,2444,1386,155,169,324,300,102,24,194,216,1119,592,236,199,14,3
LONGJO01,1985,John,Long,DET,N,62,1176,620,47,51,98,82,41,13,59,92,548,264,104,89,16,3
LUCASJO01,1985,John,Lucas,HOU,N,65,2120,1006,33,110,143,571,77,5,149,124,818,365,298,231,146,45
LUCASMA01,1985,Maurice,Lucas,LAL,N,77,1750,785,164,402,566,84,45,24,121,253,653,302,230,180,2,1
MACYKY01,1985,Kyle,Macy,CHI,N,82,2426,703,41,137,178,446,81,11,117,201,592,286,90,73,140,58
MAHORRI01,1985,Rick,Mahorn,DET,N,80,1442,395,121,291,412,64,40,61,109,261,345,157,119,81,1,0
MALONJE01,1985,Jeff,Malone,WA1,N,80,2992,1795,66,222,288,191,70,12,168,180,1522,735,371,322,17,3
MALONKA01,1985,Karl,Malone,UTA,N,81,2475,1203,174,544,718,236,105,44,279,295,1016,504,405,195,2,0
MALONMO01,1985,Moses,Malone,PHI,N,74,2706,1759,339,533,872,90,67,71,261,194,1246,571,784,617,1,0
MANNIPA01,1985,Pace,Mannion,UTA,N,57,673,255,26,56,82,55,32,5,41,68,214,97,82,53,42,8
MARTIBI01,1985,Bill,Martin,IND,N,66,691,332,42,60,102,52,21,7,58,108,298,143,54,46,8,0
MARTIBR01,1985,Brian,Martin,TOT,N,8,21,6,1,3,4,0,0,1,2,7,7,3,2,0,0,0
MARTIBR01,1985,Brian,Martin,POR,N,5,14,4,0,0,0,0,0,0,0,5,5,2,2,0,0,0
MARTIBR01,1985,Brian,Martin,SEA,N,3,7,2,1,3,4,0,0,1,2,2,2,1,0,0,0,0
MATTHWE01,1985,Wes,Matthews,SAS,N,75,1853,817,30,101,131,476,87,32,232,168,603,320,211,173,25,4
MAXWECE01,1985,Cedric,Maxwell,LAC,N,76,2458,1075,241,383,624,215,61,29,206,252,661,314,562,447,3,0
MCADOBO01,1985,Bob,Mcadoo,PHI,N,29,609,294,25,78,103,35,10,18,49,64,251,116,81,62,0,0
MCCLADW01,1985,Dwayne,Mcclain,IND,N,45,461,157,14,16,30,67,38,4,40,61,180,69,35,18,9,1
MCCORTI01,1985,Tim,Mccormick,SEA,N,77,1705,681,140,263,403,83,19,28,110,219,444,253,244,174,2,1
MCCRARO01,1985,Rodney,Mccray,HOU,N,82,2610,847,159,361,520,292,50,58,130,197,629,338,222,171,3,0
MCDANXA01,1985,Xavier,Mcdaniel,SEA,N,82,2706,1404,307,348,655,193,101,37,248,305,1176,576,364,250,10,2
MCDONBE01,1985,Ben,Mcdonald,CLE,N,21,266,61,15,23,38,9,7,1,10,30,58,28,8,5,1,0
MCDOWHA01,1985,Hank,Mcdowell,HOU,N,22,204,65,12,37,49,6,1,3,10,25,42,24,25,17,2,0
MCGEEMI01,1985,Mike,Mcgee,LAL,N,71,1213,587,51,89,140,83,53,7,70,131,544,252,64,42,114,41
MCHALKE01,1985,Kevin,Mchale,BOS,N,68,2397,1448,171,380,551,181,29,134,149,192,978,561,420,326,0,0
MCKENKE01,1985,Kevin,Mckenna,WA1,N,30,430,174,9,27,36,23,29,2,18,54,166,61,30,25,77,27
MCKINBI01,1985,Billy,Mckinney,CHI,N,9,83,22,1,4,5,13,3,0,2,9,23,10,2,2,0,0
MCMILTO01,1985,Tom,Mcmillen,WA1,N,56,863,326,44,69,113,35,9,10,34,85,285,131,79,64,1,0
MCNEACH01,1985,Chris,Mcnealy,NYK,N,30,627,171,62,141,203,41,38,12,35,88,144,70,47,31,0,0
MINNIDI01,1985,Dirk,Minniefield,CLE,N,76,1131,417,43,88,131,269,65,1,108,165,347,167,93,73,37,10
MITCHMI01,1985,Mike,Mitchell,SAS,N,82,2970,1921,134,275,409,188,56,25,184,175,1697,802,392,317,12,0
MOKESPA01,1985,Paul,Mokeski,MIL,N,45,521,143,36,103,139,30,6,6,25,92,139,59,34,25,0,0
MONCRSI01,1985,Sidney,Moncrief,MIL,N,73,2567,1471,115,219,334,357,103,18,174,178,962,470,580,498,103,33
MOOREJO01,1985,Johnny,Moore,SAS,N,28,856,363,25,61,86,252,70,6,81,78,303,150,86,59,22,4
MOSSPE01,1985,Perry,Moss,PHI,N,60,852,249,25,65,90,59,50,12,61,106,239,95,74,54,25,5
MOSSPE01,1985,Perry,Moss,WA1,N,12,160,55,9,16,25,19,6,3,18,26,53,21,15,11,7,2
MOSSPE01,1985,Perry,Moss,TOT,N,72,1012,304,34,81,115,78,56,15,79,132,292,116,89,65,32,7
MULLICH01,1985,Chris,Mullin,GSW,N,55,1391,768,42,73,115,105,70,23,75,130,620,287,211,189,27,5
MURPHJA01,1985,Jay,Murphy,LAC,N,14,100,41,7,8,15,3,4,3,5,12,45,16,14,9,2,0
NANCELA01,1985,Larry,Nance,PHO,N,73,2484,1474,169,449,618,240,70,130,210,247,1001,582,444,310,8,0
NATTCA01,1985,Calvin,Natt,DEN,N,69,2007,1218,125,311,436,164,58,13,130,143,930,469,347,278,6,2
NEVITCH01,1985,Chuck,Nevitt,LAL,N,4,25,10,3,4,7,2,2,2,5,6,11,3,6,4,0,0
NEVITCH01,1985,Chuck,Nevitt,TOT,N,29,126,49,13,19,32,7,4,19,12,35,43,15,26,19,0,0
NEVITCH01,1985,Chuck,Nevitt,DET,N,25,101,39,10,15,25,5,2,17,7,29,32,12,20,15,0,0
NIMPHKU01,1985,Kurt,Nimphius,DAL,N,13,280,91,23,37,60,14,3,12,13,38,72,37,29,17,1,0
NIMPHKU01,1985,Kurt,Nimphius,LAC,N,67,1946,805,129,264,393,48,30,93,107,229,622,314,233,177,2,0
NIMPHKU01,1985,Kurt,Nimphius,TOT,N,80,2226,896,152,301,453,62,33,105,120,267,694,351,262,194,3,0
NIXONNO01,1985,Norm,Nixon,LAC,N,67,2138,979,45,135,180,576,84,3,190,143,921,403,162,131,121,42
OAKLECH01,1985,Charles,Oakley,CHI,N,77,1772,740,255,409,664,133,68,30,175,250,541,281,269,178,3,0
OKORMI01,1985,Mike,O'koren,NJN,N,67,1031,350,33,102,135,118,29,9,54,134,336,160,39,23,27,7
OLAJUHA01,1985,Hakeem,Olajuwon,HOU,N,68,2467,1597,333,448,781,137,134,231,195,271,1188,625,538,347,0,0
OLBERMA01,1985,Mark,Olberding,SAC,N,81,2157,612,113,310,423,266,43,23,148,276,403,225,210,162,2,0
OLDHAJA01,1985,Jawann,Oldham,CHI,N,52,1276,387,112,194,306,37,28,134,86,206,323,167,91,53,1,0
ORRLO01,1985,Louis,Orr,NYK,N,74,2237,878,123,189,312,179,61,26,118,177,741,330,278,218,4,0
PARISRO01,1985,Robert,Parish,BOS,N,81,2567,1305,246,524,770,145,65,116,187,215,966,530,335,245,0,0
PAXSOJI01,1985,Jim,Paxson,POR,N,75,1931,981,42,106,148,278,94,5,112,156,792,372,244,217,62,20
PAXSOJO01,1985,John,Paxson,CHI,N,75,1570,395,18,76,94,274,55,2,63,172,328,153,92,74,51,15
PERKISA01,1985,Sam,Perkins,DAL,N,80,2626,1234,195,490,685,153,75,94,145,212,910,458,377,307,33,11
PETERJI01,1985,Jim,Petersen,HOU,N,82,1664,505,149,247,396,85,38,54,84,231,411,196,160,113,3,0
PHELPMI01,1985,Mike,Phelps,SEA,N,70,880,279,29,60,89,71,45,1,62,86,286,117,74,44,12,1
PIERCRI01,1985,Ricky,Pierce,MIL,N,81,2147,1127,94,137,231,177,83,6,107,252,798,429,310,266,23,3
PINCKED01,1985,Ed,Pinckney,PHO,N,80,1602,681,95,213,308,90,71,37,148,190,457,255,254,171,2,0
PITTMCH01,1985,Charlie,Pittman,PHO,N,69,1132,353,99,147,246,58,37,23,107,140,218,127,141,99,0,0
POPEDA01,1985,David,Pope,SEA,N,11,74,21,6,5,11,4,2,1,2,11,20,9,4,2,1,1
POQUEBE01,1985,Ben,Poquette,CLE,N,81,1496,406,121,252,373,78,33,32,68,187,348,166,100,72,10,2
PORTETE01,1985,Terry,Porter,POR,N,79,1214,562,35,82,117,198,81,1,106,136,447,212,155,125,42,13
PRESSPA01,1985,Paul,Pressey,MIL,N,80,2704,1146,127,272,399,623,168,71,240,247,843,411,392,316,44,8
RAMBIKU01,1985,Kurt,Rambis,LAL,N,74,1573,408,156,361,517,69,66,33,97,198,269,160,122,88,0,0
RANSEKE01,1985,Kelvin,Ransey,NJN,N,79,1504,586,34,82,116,252,51,4,114,128,505,231,148,121,24,3
RASMUBL01,1985,Blair,Rasmussen,DEN,N,48,330,153,37,60,97,16,3,10,40,63,150,61,39,31,0,0
REIDRO01,1985,Robert,Reid,HOU,N,82,2157,986,67,234,301,222,91,16,96,231,881,409,214,162,33,6
REYNOJE01,1985,Jerry,Reynolds,MIL,N,55,508,203,37,43,80,86,43,19,52,57,162,72,104,58,2,1
RICHACL01,1985,Clint,Richardson,IND,N,82,2224,794,69,182,251,372,58,8,136,153,736,335,147,123,9,1
RICHAMI01,1985,Michealray,Richardson,NJN,N,47,1604,737,77,173,250,340,125,11,150,163,661,296,179,141,27,4
RIVERDO01,1985,Doc,Rivers,ATL,N,53,1571,612,49,113,162,443,120,13,141,185,464,220,283,172,16,0
ROBERAL01,1985,Alvin,Robertson,SAS,N,82,2878,1392,184,332,516,448,301,40,256,296,1093,562,327,260,29,8
ROBERFR01,1985,Fred,Roberts,UTA,N,58,469,216,31,49,80,27,8,6,53,72,167,74,87,67,2,1
ROBEYRI01,1985,Rick,Robey,PHO,N,46,629,177,40,108,148,58,19,5,66,92,191,72,48,33,3,0
ROBINCL01,1985,Cliff,Robinson,WA1,N,78,2563,1460,180,500,680,186,98,44,206,217,1255,595,353,269,3,1
ROLLITR01,1985,Tree,Rollins,ATL,N,74,1781,415,131,327,458,41,38,167,91,239,347,173,90,69,1,0
ROUNDDA01,1985,Dan,Roundfield,WA1,N,79,2321,917,210,432,642,167,36,51,187,194,660,322,362,273,6,0
ROWLADE01,1985,Derrick,Rowland,MIL,N,2,9,3,0,1,1,1,0,0,0,1,3,1,2,1,0,0
RULANJE01,1985,Jeff,Ruland,WA1,N,30,1114,569,107,213,320,159,23,25,121,100,383,212,200,145,4,0
RUSSEWA01,1985,Walker,Russell,DET,N,1,2,0,0,0,0,1,0,0,0,0,1,0,0,0,0,0
SAMPSRA01,1985,Ralph,Sampson,HOU,N,79,2864,1491,258,621,879,283,99,129,285,308,1280,624,376,241,15,2
SANDEMI01,1985,Mike,Sanders,PHO,N,82,1644,905,104,169,273,150,76,31,143,236,676,347,257,208,15,3
SCHAYDA01,1985,Danny,Schayes,DEN,N,80,1654,658,154,285,439,79,42,63,105,298,440,221,278,216,1,0
SCHREDE01,1985,Detlef,Schrempf,DAL,N,64,969,397,70,128,198,88,23,10,84,166,315,142,152,110,7,3
SCOTTBY01,1985,Byron,Scott,LAL,N,76,2190,1174,55,134,189,164,85,15,110,167,989,507,176,138,61,22
SCURRCA01,1985,Carey,Scurry,UTA,N,78,1168,363,97,145,242,85,78,66,96,171,301,142,126,78,11,1
SHELTLO01,1985,Lonnie,Shelton,CLE,N,44,682,198,38,105,143,61,21,4,48,128,188,92,16,14,2,0
SHORTPU01,1985,Purvis,Short,GSW,N,64,2427,1632,126,203,329,237,92,22,184,229,1313,633,406,351,49,15
SICHTJE01,1985,Jerry,Sichting,BOS,N,82,1596,537,27,77,104,188,50,0,73,118,412,235,66,61,16,6
SIKMAJA01,1985,Jack,Sikma,SEA,N,80,2790,1371,146,602,748,301,92,73,214,293,1100,508,411,355,13,0
SMITHDE01,1985,Derek,Smith,LAC,N,11,339,259,20,21,41,31,9,13,33,35,181,100,84,58,2,1
SMITHLA01,1985,Larry,Smith,GSW,N,77,2441,740,384,472,856,95,62,50,135,286,586,314,227,112,1,0
SMREKMI01,1985,Mike,Smrek,CHI,N,38,408,108,46,64,110,19,6,23,29,95,122,46,29,16,2,0
SOBERRI01,1985,Ricky,Sobers,SEA,N,78,1279,603,29,70,99,180,44,2,85,139,541,240,125,110,43,13
SPARRRO01,1985,Rory,Sparrow,NYK,N,74,2344,796,50,120,170,472,85,14,154,182,723,345,127,101,20,5
SPRIGLA01,1985,Larry,Spriggs,LAL,N,43,471,214,28,53,81,49,18,9,54,78,192,88,49,38,1,0
STANSTE01,1985,Terence,Stansbury,IND,N,74,1331,498,29,110,139,206,59,8,139,200,441,191,132,107,53,9
STIPAST01,1985,Steve,Stipanovich,IND,N,79,2397,1076,173,450,623,206,75,69,146,261,885,416,315,242,10,2
STIVRAL01,1985,Alex,Stivrins,SEA,N,3,14,3,3,0,3,1,0,0,3,2,4,1,4,1,0,0
STOCKJO01,1985,John,Stockton,UTA,N,82,1935,630,33,146,179,610,157,10,168,227,466,228,205,172,15,2
STOKEGR01,1985,Greg,Stokes,PHI,N,31,350,126,27,30,57,17,14,11,19,56,119,56,21,14,1,0
SUNDVJO01,1985,Jon,Sundvold,SAS,N,70,1150,500,22,58,80,261,34,0,85,110,476,220,48,39,60,21
TEAGLTE01,1985,Terry,Teagle,GSW,N,82,2158,1165,96,139,235,115,71,34,136,241,958,475,265,211,25,4
THEUSRE01,1985,Reggie,Theus,SAC,N,82,2919,1503,73,231,304,788,112,20,327,231,1137,546,490,405,35,6
THIBEPE01,1985,Peter,Thibeaux,GSW,N,42,531,231,28,47,75,28,23,15,39,82,233,100,48,29,5,2
THIRDDA01,1985,David,Thirdkill,BOS,N,49,385,163,27,43,70,15,11,3,19,55,110,54,88,55,1,0
THOMAIS01,1985,Isiah,Thomas,DET,N,77,2790,1609,83,194,277,830,171,20,289,245,1248,609,462,365,84,26
THOMAJI01,1985,Jim,Thomas,LAC,N,6,69,13,3,5,8,12,5,1,9,12,15,6,2,1,0,0
THOMPBE01,1985,Bernard,Thompson,PHO,N,61,1281,517,58,83,141,132,51,10,90,151,399,195,157,127,2,0
THOMPLA01,1985,Lasalle,Thompson,SAC,N,80,2377,1024,252,518,770,168,71,109,184,295,794,411,276,202,1,0
THOMPMY01,1985,Mychal,Thompson,POR,N,82,2569,1204,181,427,608,176,76,35,196,267,1011,503,309,198,0,0
THOMPPA01,1985,Paul,Thompson,PHI,N,23,432,179,27,36,63,24,15,17,30,49,194,70,43,37,12,2
THORNBO01,1985,Bob,Thornton,NYK,N,71,1323,336,113,177,290,43,30,7,83,209,274,125,162,86,0,0
THORPOT01,1985,Otis,Thorpe,SAC,N,75,1675,742,137,283,420,84,35,34,123,233,492,289,248,164,0,0
THREASE01,1985,Sedale,Threatt,PHI,N,70,1754,696,21,100,121,193,93,5,102,157,684,310,90,75,24,1
TISDAWA01,1985,Wayman,Tisdale,IND,N,81,2277,1192,191,393,584,79,32,44,188,290,1002,516,234,160,2,0
TONEYAN01,1985,Andrew,Toney,PHI,N,6,84,25,2,3,5,12,2,0,7,8,36,11,8,3,2,0
TONEYSE01,1985,Sedric,Toney,ATL,N,3,24,5,0,2,2,0,1,0,3,6,7,2,1,1,0,0
TONEYSE01,1985,Sedric,Toney,TOT,N,13,230,80,3,22,25,26,6,0,22,24,66,28,31,21,10,3
TONEYSE01,1985,Sedric,Toney,PHO,N,10,206,75,3,20,23,26,5,0,19,18,59,26,30,20,10,3
TRIPUKE01,1985,Kelly,Tripucka,DET,N,81,2626,1622,116,232,348,265,93,10,183,167,1236,615,444,380,25,12
TUCKETR01,1985,Trent,Tucker,NYK,N,77,1788,818,70,99,169,192,65,8,70,167,740,349,100,79,91,41
TURNEEL01,1985,Elston,Turner,DEN,N,73,1324,369,64,137,201,165,70,6,80,150,379,165,53,39,9,0
TURNEJE01,1985,Jeff,Turner,NJN,N,53,650,226,45,92,137,14,21,3,49,125,171,84,78,58,1,0
TURPIME01,1985,Mel,Turpin,CLE,N,80,2292,1097,182,374,556,55,65,106,134,260,838,456,228,185,4,0
TYLERTE01,1985,Terry,Tyler,SAC,N,71,1651,674,109,204,313,94,64,108,94,159,649,295,112,84,3,0
VALENDA01,1985,Darnell,Valentine,LAC,N,34,483,200,12,41,53,107,23,1,57,45,182,69,75,59,11,3
VALENDA01,1985,Darnell,Valentine,POR,N,28,734,256,20,52,72,139,49,1,58,78,206,92,100,71,3,1
VALENDA01,1985,Darnell,Valentine,TOT,N,62,1217,456,32,93,125,246,72,2,115,123,388,161,175,130,14,4
VANDEKI01,1985,Kiki,Vandeweghe,POR,N,79,2791,1962,92,124,216,187,54,17,177,161,1332,719,602,523,8,1
VANOSNI01,1985,Nick,Vanos,PHO,N,11,202,54,21,39,60,16,2,5,20,34,72,23,23,8,0,0
VERHOPE01,1985,Peter,Verhoeven,GSW,N,61,749,206,65,95,160,29,29,17,30,141,167,90,43,25,2,1
VINCEJA01,1985,Jay,Vincent,DAL,N,80,1994,1106,107,261,368,180,66,21,145,193,919,442,274,222,3,0
VINCESA01,1985,Sam,Vincent,BOS,N,57,432,184,11,37,48,69,17,4,49,59,162,59,70,65,4,1
VRANEDA01,1985,Danny,Vranes,SEA,N,80,1569,301,115,166,281,68,63,31,58,218,284,131,75,39,4,0
WAITEGR01,1985,Granville,Waiters,HOU,N,43,156,27,15,13,28,8,4,10,11,30,39,13,6,1,1,0
WALKEDA01,1985,Darrell,Walker,NYK,N,81,2023,838,100,120,220,337,146,36,192,216,753,324,277,190,10,0
WALTOBI01,1985,Bill,Walton,BOS,N,80,1546,606,136,408,544,165,38,106,151,210,411,231,202,144,0,0
WARRIBR01,1985,Bryan,Warrick,TOT,N,36,685,227,10,59,69,115,27,2,53,79,182,85,68,54,12,3
WARRIBR01,1985,Bryan,Warrick,IND,N,31,658,217,10,56,66,109,25,2,48,76,172,81,67,53,10,2
WARRIBR01,1985,Bryan,Warrick,MIL,N,5,27,10,0,3,3,6,2,0,5,3,10,4,1,1,2,1
WEBBSP01,1985,Spud,Webb,ATL,N,79,1229,616,27,96,123,337,82,5,159,164,412,199,275,216,11,2
WEDMASC01,1985,Scott,Wedman,BOS,N,79,1402,634,66,126,192,83,38,22,54,127,605,286,68,45,48,17
WENNIBI01,1985,Bill,Wennington,DAL,N,56,562,189,32,100,132,21,11,22,21,83,153,72,62,45,4,0
WESTMA01,1985,Mark,West,CLE,N,67,1172,280,97,225,322,20,27,62,91,235,209,113,103,54,0,0
WHATLEN01,1985,Ennis,Whatley,WA1,N,4,27,11,2,5,7,7,0,1,0,1,14,5,3,1,0,0
WHATLEN01,1985,Ennis,Whatley,CLE,N,8,66,22,2,5,7,13,5,0,6,8,19,9,7,4,0,0
WHATLEN01,1985,Ennis,Whatley,TOT,N,14,107,35,4,10,14,23,5,1,10,10,35,15,10,5,0,0
WHATLEN01,1985,Ennis,Whatley,SAS,N,2,14,2,0,0,0,3,0,0,4,1,2,1,0,0,0,0
WHITEJE01,1985,Jerome,Whitehead,GSW,N,81,1079,312,94,234,328,19,18,19,64,176,294,126,97,60,0,0
WHITERO01,1985,Rory,White,LAC,N,75,1761,875,82,99,181,74,74,8,95,161,684,355,222,164,9,1
WHITEWI01,1985,Willie,White,DEN,N,43,343,173,17,27,44,53,18,2,25,24,168,74,23,19,21,6
WIGGIMI01,1985,Mitchell,Wiggins,HOU,N,78,1198,531,87,72,159,101,59,5,62,155,489,222,118,86,12,1
WILKEJA01,1985,Jamaal,Wilkes,LAC,N,13,195,75,13,16,29,15,7,2,16,19,65,26,27,22,3,1
WILKIDO01,1985,Dominique,Wilkins,ATL,N,78,3049,2366,261,357,618,206,138,49,251,170,1897,888,705,577,70,13
WILKIGE01,1985,Gerald,Wilkins,NYK,N,81,2025,1013,92,116,208,161,68,9,157,155,934,437,237,132,25,7
WILKIJE01,1985,Jeff,Wilkins,TOT,N,75,1126,352,74,198,272,46,11,21,52,157,374,147,93,58,0,0
WILKIJE01,1985,Jeff,Wilkins,UTA,N,48,604,222,40,105,145,28,3,11,32,86,240,96,47,30,0,0
WILKIJE01,1985,Jeff,Wilkins,SAS,N,27,522,130,34,93,127,18,8,10,20,71,134,51,46,28,0,0
WILLIBU01,1985,Buck,Williams,NJN,N,82,3070,1301,329,657,986,131,73,96,244,294,956,500,445,301,2,0
WILLIFR01,1985,Freeman,Williams,WA1,N,9,110,69,4,8,12,7,7,1,13,10,67,25,17,12,14,7
WILLIGU01,1985,Gus,Williams,WA1,N,77,2284,1036,52,114,166,453,96,15,160,113,1013,434,188,138,116,30
WILLIGU02,1985,Guy,Williams,GSW,N,5,25,7,0,6,6,0,1,2,0,7,5,2,6,3,0,0
WILLIHE01,1985,Herb,Williams,IND,N,78,2770,1549,172,538,710,174,50,184,210,244,1275,627,403,294,12,1
WILLIKE01,1985,Kevin,Willis,ATL,N,82,2300,1010,243,461,704,45,66,44,177,294,811,419,263,172,6,0
WILLIPE01,1985,Pete,Williams,DEN,N,53,573,151,47,99,146,14,19,23,19,68,111,67,40,17,0,0
WILLIRA01,1985,Ray,Williams,NJN,N,5,63,32,3,1,4,9,5,0,9,12,32,10,14,12,2,0
WILLIRA01,1985,Ray,Williams,ATL,N,19,367,159,19,26,45,67,28,1,41,48,143,57,48,41,11,4
WILLIRA01,1985,Ray,Williams,SAS,N,23,397,164,13,24,37,111,28,3,51,64,131,50,64,62,6,2
WILLIRA01,1985,Ray,Williams,TOT,N,47,827,355,35,51,86,187,61,4,101,124,306,117,126,115,19,6
WILLISL01,1985,Sly,Williams,BOS,N,6,54,17,7,8,15,2,1,1,7,15,21,5,12,7,4,0
WINTEVO01,1985,Voise,Winters,PHI,N,4,17,6,1,2,3,0,1,0,2,1,13,3,0,0,1,0
WITTMRA01,1985,Randy,Wittman,ATL,N,81,2760,1043,51,119,170,306,81,14,114,118,881,467,135,104,16,5
WOODAL01,1985,Al,Wood,SEA,N,78,1749,902,80,164,244,114,57,19,107,171,817,355,239,187,37,5
WOODLE01,1985,Leon,Wood,PHI,N,29,455,154,9,18,27,75,14,0,7,24,136,57,34,27,29,13
WOODLE01,1985,Leon,Wood,TOT,N,68,1198,532,25,65,90,182,34,0,74,70,466,184,155,123,114,41
WOODLE01,1985,Leon,Wood,WA1,N,39,743,378,16,47,63,107,20,0,67,46,330,127,121,96,85,28
WOODSMI01,1985,Mike,Woodson,SAC,N,81,2417,1264,94,132,226,197,92,37,145,215,1073,510,289,242,13,2
WOOLROR01,1985,Orlando,Woolridge,CHI,N,70,2248,1448,150,200,350,213,49,47,174,186,1090,540,462,364,23,4
WORTHJA01,1985,James,Worthy,LAL,N,75,2454,1500,136,251,387,201,82,77,149,195,1086,629,314,242,13,0
YOUNGDA01,1985,Danny,Young,SEA,N,82,1901,568,29,91,120,303,110,9,92,113,449,227,106,90,74,24
YOUNGMI01,1985,Michael,Young,PHI,N,2,2,0,0,0,0,0,0,0,0,0,2,0,0,0,0,0
ABDULKA01,1986,Kareem,Abdul-jabbar,LAL,N,78,2441,1366,152,371,523,203,49,97,186,245,993,560,343,245,3,1
ADAMSAL01,1986,Alvan,Adams,PHO,N,68,1690,756,91,247,338,223,62,37,139,207,618,311,170,134,1,0
ADAMSMI01,1986,Michael,Adams,WA1,N,63,1303,453,38,85,123,244,85,6,81,88,393,160,124,105,102,28
ADDISRA01,1986,Rafael,Addison,PHO,N,62,711,359,41,65,106,45,27,7,54,75,331,146,64,51,50,16
AGUIRMA01,1986,Mark,Aguirre,DAL,N,80,2663,2056,181,246,427,254,84,30,217,243,1590,787,557,429,150,53
AINGEDA01,1986,Danny,Ainge,BOS,N,71,2499,1053,49,193,242,400,101,14,141,189,844,410,165,148,192,85
ALARIMA01,1986,Mark,Alarie,DEN,N,64,1110,503,73,141,214,74,22,28,56,138,443,217,101,67,9,2
ANDERRI01,1986,Richard,Anderson,HOU,N,51,312,144,24,55,79,33,7,3,19,37,139,59,29,22,16,4
ANDERRO01,1986,Ron,Anderson,IND,N,63,721,363,73,78,151,54,31,3,55,65,294,139,108,85,5,0
BAGLEJO01,1986,John,Bagley,CLE,N,72,2182,768,55,197,252,379,91,7,163,114,732,312,136,113,103,31
BAILEJA01,1986,James,Bailey,NJN,N,34,542,282,48,89,137,20,12,23,54,119,239,112,80,58,0,0
BAILETH01,1986,Thurl,Bailey,UTA,N,81,2155,1116,145,287,432,102,38,88,123,150,1036,463,236,190,2,0
BALLAGR01,1986,Greg,Ballard,GSW,N,82,1579,579,99,241,340,108,50,15,70,167,564,248,91,68,40,15
BANKSGE01,1986,Gene,Banks,CHI,N,63,1822,610,115,193,308,170,52,17,113,173,462,249,146,112,5,0
BARKLCH01,1986,Charles,Barkley,PHI,N,68,2740,1564,390,604,994,331,119,104,322,252,937,557,564,429,104,21
BATTLJO01,1986,John,Battle,ATL,N,64,804,381,16,44,60,124,29,5,60,76,315,144,126,93,10,0
BEDFOWI01,1986,William,Bedford,PHO,N,50,979,334,79,167,246,57,18,37,85,125,358,142,86,50,1,0
BENJABE01,1986,Benoit,Benjamin,LAC,N,72,2230,828,134,452,586,135,60,187,184,251,713,320,263,188,2,0
BENSOKE01,1986,Kent,Benson,UTA,N,73,895,329,80,151,231,39,39,28,45,138,316,140,58,47,7,2
BERRYWA01,1986,Walter,Berry,POR,N,7,19,13,4,3,7,1,2,0,0,8,8,6,1,1,0,0
BERRYWA01,1986,Walter,Berry,SAS,N,56,1567,988,132,170,302,104,36,40,153,188,758,401,287,186,3,0
BERRYWA01,1986,Walter,Berry,TOT,N,63,1586,1001,136,173,309,105,38,40,153,196,766,407,288,187,3,0
BINIOJO01,1986,Joe,Binion,POR,N,11,51,14,8,10,18,1,2,2,3,5,10,4,10,6,0,0
BIRDLA01,1986,Larry,Bird,BOS,N,74,3005,2076,124,558,682,566,135,70,240,185,1497,786,455,414,225,90
BIRDSOT01,1986,Otis,Birdsong,NJN,N,7,127,44,3,4,7,17,3,0,9,16,42,19,9,6,1,0
BLABUW01,1986,Uwe,Blab,DAL,N,30,160,53,11,25,36,13,4,9,15,33,51,20,28,13,0,0
BLACKRO01,1986,Rolando,Blackman,DAL,N,80,2758,1676,96,182,278,266,64,21,174,142,1264,626,474,419,15,5
BOLMA01,1986,Manute,Bol,WA1,N,82,1552,251,84,278,362,11,20,302,61,189,231,103,67,45,1,0
BOWIESA01,1986,Sam,Bowie,POR,N,5,163,80,14,19,33,9,1,10,15,19,66,30,30,20,0,0
BRADLDU01,1986,Dudley,Bradley,MIL,N,68,900,212,31,71,102,66,105,8,34,118,213,76,58,47,50,13
BRANCAD01,1986,Adrian,Branch,LAL,N,32,219,138,23,30,53,16,16,3,24,39,96,48,54,42,2,0
BREUERA01,1986,Randy,Breuer,MIL,N,76,1467,600,129,221,350,47,56,61,100,229,497,241,202,118,0,0
BRICKFR01,1986,Frank,Brickowski,TOT,N,44,487,176,48,68,116,17,20,6,32,118,124,63,70,50,4,0
BRICKFR01,1986,Frank,Brickowski,SAS,N,7,83,30,8,11,19,5,6,2,7,13,30,10,11,10,4,0
BRICKFR01,1986,Frank,Brickowski,LAL,N,37,404,146,40,57,97,12,14,4,25,105,94,53,59,40,0,0
BRIDGJU01,1986,Junior,Bridgeman,MIL,N,34,418,175,14,38,52,35,10,2,15,50,171,79,20,16,6,1
BRITTMI01,1986,Mike,Brittain,SAS,N,6,29,9,2,2,4,2,1,0,2,3,9,4,2,1,0,0
BROOKMI01,1986,Michael,Brooks,IND,N,10,148,33,9,19,28,11,9,0,11,19,37,13,10,7,0,0
BROWNMI01,1986,Mike,Brown,CHI,N,62,818,258,71,143,214,24,20,7,59,129,201,106,72,46,0,0
BROWNTO01,1986,Tony,Brown,NJN,N,77,2339,873,84,135,219,259,89,14,153,273,810,358,206,152,20,5
CAGEMI01,1986,Michael,Cage,LAC,N,80,2922,1255,354,568,922,131,99,67,171,221,878,457,467,341,3,0
CAMPBTO01,1986,Tony,Campbell,DET,N,40,332,138,21,37,58,19,12,1,34,40,145,57,39,24,3,0
CARLIRI01,1986,Rick,Carlisle,BOS,N,42,297,80,8,22,30,35,8,0,25,28,92,30,20,15,16,5
CARRAN01,1986,Antoine,Carr,ATL,N,65,695,342,60,96,156,34,14,48,40,146,265,134,103,73,3,1
CARRKE01,1986,Kenny,Carr,POR,N,49,1443,528,131,368,499,83,29,13,103,159,399,201,169,126,2,0
CARROJO01,1986,Joebarry,Carroll,GSW,N,81,2724,1720,173,416,589,214,92,123,226,255,1461,690,432,340,0,0
CARTWBI01,1986,Bill,Cartwright,NYK,N,58,1989,1016,132,313,445,96,40,26,128,188,631,335,438,346,0,0
CATLETE01,1986,Terry,Catledge,WA1,N,78,2149,1025,248,312,560,56,43,14,145,195,835,413,335,199,4,0
CHAMBTO01,1986,Tom,Chambers,SEA,N,82,3018,1909,163,382,545,245,81,50,268,307,1446,660,630,535,145,54
CHEEKMA01,1986,Maurice,Cheeks,PHI,N,68,2624,1061,47,168,215,538,180,15,173,109,788,415,292,227,17,4
COFIEFR01,1986,Fred,Cofield,CHI,N,5,27,4,1,4,5,4,2,0,1,1,11,2,0,0,1,0
COLEMBE01,1986,Ben,Coleman,NJN,N,68,1029,452,99,189,288,37,32,31,94,200,313,182,121,88,1,0
COLLIDO02,1986,Don,Collins,MIL,N,6,57,25,11,4,15,2,2,1,5,11,28,10,7,5,0,0
COLTEST01,1986,Steve,Colter,CHI,N,27,473,131,9,33,42,94,19,6,32,38,142,49,39,33,9,0
COLTEST01,1986,Steve,Colter,PHI,N,43,849,293,14,52,66,116,37,6,38,61,255,120,68,49,8,4
COLTEST01,1986,Steve,Colter,TOT,N,70,1322,424,23,85,108,210,56,12,70,99,397,169,107,82,17,4
COOKDA01,1986,Darwin,Cook,WA1,N,82,1420,614,46,99,145,151,98,17,96,136,622,265,103,82,23,2
COOPEMI01,1986,Michael,Cooper,LAL,N,82,2253,859,58,196,254,373,78,43,102,199,736,322,148,126,231,89
COOPEWA01,1986,Wayne,Cooper,DEN,N,69,1561,549,162,311,473,68,13,101,78,257,524,235,109,79,3,0
CORBITY01,1986,Tyrone,Corbin,TOT,N,63,1170,404,88,127,215,97,55,5,66,129,381,156,124,91,4,1
CORBITY01,1986,Tyrone,Corbin,CLE,N,32,438,129,36,60,96,17,17,2,20,48,117,43,57,42,4,1
CORBITY01,1986,Tyrone,Corbin,SAS,N,31,732,275,52,67,119,80,38,3,46,81,264,113,67,49,0,0
CORZIDA01,1986,Dave,Corzine,CHI,N,82,2287,683,199,341,540,209,38,87,114,202,619,294,129,95,5,0
CUMMIPA01,1986,Pat,Cummings,NYK,N,49,1056,423,123,189,312,38,26,7,85,145,382,172,110,79,0,0
CUMMITE01,1986,Terry,Cummings,MIL,N,82,2770,1707,214,486,700,229,129,81,172,296,1426,729,376,249,3,0
CURETEA01,1986,Earl,Cureton,LAC,N,35,868,271,99,126,225,52,18,30,35,86,234,114,79,43,1,0
CURETEA01,1986,Earl,Cureton,CHI,N,43,1105,297,113,114,227,70,15,26,45,102,276,129,73,39,1,0
CURETEA01,1986,Earl,Cureton,TOT,N,78,1973,568,212,240,452,122,33,56,80,188,510,243,152,82,2,0
CURRYDE01,1986,Dell,Curry,UTA,N,67,636,325,30,48,78,58,27,4,44,86,326,139,38,30,60,17
DAILEQU01,1986,Quintin,Dailey,LAC,N,49,924,520,34,49,83,79,43,8,71,113,491,200,155,119,10,1
DANTLAD01,1986,Adrian,Dantley,DET,N,81,2736,1742,104,228,332,162,63,7,181,193,1126,601,664,539,6,1
DAUGHBR01,1986,Brad,Daugherty,CLE,N,80,2695,1253,152,495,647,304,49,63,248,248,905,487,401,279,0,0
DAVISBR01,1986,Brad,Davis,DAL,N,82,1582,577,27,87,114,373,63,10,114,159,436,199,171,147,106,32
DAVISWA03,1986,Walter,Davis,PHO,N,79,2646,1867,90,154,244,364,96,5,226,184,1515,779,334,288,81,21
DAWKIDA01,1986,Darryl,Dawkins,NJN,N,6,106,57,9,10,19,2,2,3,15,25,32,20,24,17,0,0
DAWKIJO01,1986,Johnny,Dawkins,SAS,N,81,1682,835,56,113,169,290,67,3,120,118,764,334,191,153,47,14
DAYEDA01,1986,Darren,Daye,CHI,N,1,7,0,0,1,1,1,0,0,1,2,0,0,0,0,0,0
DAYEDA01,1986,Darren,Daye,TOT,N,62,731,236,37,88,125,76,25,7,57,100,202,101,65,34,0,0
DAYEDA01,1986,Darren,Daye,BOS,N,61,724,236,37,87,124,75,25,7,56,98,202,101,65,34,0,0
DONALJA01,1986,James,Donaldson,DAL,N,82,3028,889,295,678,973,63,51,136,104,191,531,311,329,267,0,0
DOUGLBR01,1986,Bruce,Douglas,SAC,N,8,98,14,5,9,14,17,9,0,9,9,24,7,4,0,1,0
DREILGR01,1986,Greg,Dreiling,IND,N,24,128,42,12,31,43,7,2,2,7,42,37,16,12,10,0,0
DREWLA01,1986,Larry,Drew,LAC,N,60,1566,741,26,77,103,326,60,2,151,107,683,295,166,139,72,12
DREXLCL01,1986,Clyde,Drexler,POR,N,82,3114,1782,227,291,518,566,204,71,253,281,1408,707,470,357,47,11
DUCKWKE01,1986,Kevin,Duckworth,SAS,N,14,122,45,13,18,31,6,5,3,4,27,45,18,14,9,0,0
DUCKWKE01,1986,Kevin,Duckworth,POR,N,51,753,307,63,129,192,23,16,18,74,165,228,112,120,83,1,0
DUCKWKE01,1986,Kevin,Duckworth,TOT,N,65,875,352,76,147,223,29,21,21,78,192,273,130,134,92,1,0
DUMARJO01,1986,Joe,Dumars,DET,N,79,2439,931,50,117,167,352,83,5,171,194,749,369,246,184,22,9
DUNNTR01,1986,T.r.,Dunn,DEN,N,81,1932,272,91,174,265,147,100,21,33,160,276,118,55,36,2,0
EATONMA01,1986,Mark,Eaton,UTA,N,79,2505,608,211,486,697,105,43,321,142,273,585,234,213,140,0,0
EAVESJE01,1986,Jerry,Eaves,SAC,N,3,26,4,1,0,1,0,1,0,2,6,8,1,2,2,0,0
EDWARFR01,1986,Franklin,Edwards,SAC,N,8,122,28,2,8,10,29,5,0,17,7,32,9,14,10,4,0
EDWARJA01,1986,James,Edwards,PHO,N,14,304,168,20,40,60,19,6,7,15,42,110,57,70,54,0,0
EHLOCR01,1986,Craig,Ehlo,CLE,N,44,890,273,55,106,161,92,40,30,61,80,239,99,99,70,29,5
ELLISDA01,1986,Dale,Ellis,SEA,N,82,3073,2041,187,260,447,238,104,32,238,267,1520,785,489,385,240,86
ENGLECH01,1986,Chris,Engler,MIL,N,5,48,7,3,13,16,3,1,1,0,10,12,3,1,1,0,0
ENGLECH01,1986,Chris,Engler,TOT,N,30,195,58,23,34,57,8,5,11,12,33,51,23,16,12,0,0
ENGLECH01,1986,Chris,Engler,POR,N,7,17,11,6,2,8,1,1,1,2,0,8,4,3,3,0,0
ENGLECH01,1986,Chris,Engler,NJN,N,18,130,40,14,19,33,4,3,9,10,23,31,16,12,8,0,0
ENGLIAL01,1986,Alex,English,DEN,N,82,3085,2345,146,198,344,422,73,21,214,216,1920,965,487,411,15,4
ERVINJU01,1986,Julius,Erving,PHI,N,60,1918,1005,115,149,264,191,76,94,158,137,850,400,235,191,53,14
EVANSMI01,1986,Mike,Evans,DEN,N,81,1567,817,36,92,128,185,79,12,107,149,729,334,123,96,169,53
EWINGPA01,1986,Patrick,Ewing,NYK,N,63,2206,1356,157,398,555,104,89,147,229,248,1053,530,415,296,7,0
FEITLDA01,1986,Dave,Feitl,HOU,N,62,498,229,39,78,117,22,9,4,38,83,202,88,71,53,1,0
FIELDKE01,1986,Kenny,Fields,MIL,N,4,22,13,0,2,2,1,1,0,1,3,8,6,5,1,0,0
FIELDKE01,1986,Kenny,Fields,LAC,N,44,861,381,63,83,146,60,31,11,52,120,344,153,89,72,12,3
FIELDKE01,1986,Kenny,Fields,TOT,N,48,883,394,63,85,148,61,32,11,53,123,352,159,94,73,12,3
FLEMIVE01,1986,Vern,Fleming,IND,N,82,2549,980,109,225,334,473,109,18,167,222,727,370,302,238,10,2
FLOYDSL01,1986,Sleepy,Floyd,GSW,N,82,3064,1541,56,212,268,848,146,18,280,199,1030,503,537,462,190,73
FREEWO01,1986,World,Free,PHI,N,20,285,116,5,14,19,30,5,4,18,26,123,39,47,36,9,2
GATTIKE01,1986,Kenny,Gattison,PHO,N,77,1104,404,87,183,270,36,24,33,88,178,311,148,171,108,3,0
GILMOAR01,1986,Artis,Gilmore,SAS,N,82,2405,934,185,394,579,150,39,95,178,235,580,346,356,242,0,0
GLENNMI01,1986,Mike,Glenn,MIL,N,4,34,15,0,2,2,1,1,0,0,3,13,5,7,5,0,0
GMINSMI01,1986,Mike,Gminski,NJN,N,72,2272,1179,192,438,630,99,52,69,129,159,947,433,370,313,0,0
GONDRGR01,1986,Grant,Gondrezick,PHO,N,64,836,349,47,63,110,81,25,4,56,91,300,135,107,75,17,4
GORDOLA01,1986,Lancaster,Gordon,LAC,N,70,1130,526,64,62,126,139,61,13,102,106,545,221,95,70,48,14
GRANGST01,1986,Stewart,Granger,NYK,N,15,166,49,6,11,17,27,7,1,22,17,54,20,11,9,3,0
GRAYST01,1986,Stuart,Gray,IND,N,55,456,110,39,90,129,26,10,28,36,93,101,41,39,28,0,0
GREENAC01,1986,A.c.,Green,LAL,N,79,2240,852,210,405,615,84,70,80,102,171,587,316,282,220,5,0
GREENDA01,1986,David,Greenwood,SAS,N,79,2587,916,256,527,783,237,71,50,161,248,655,336,307,241,6,3
GREENKE01,1986,Kenny,Green,PHI,N,19,172,64,6,22,28,7,4,2,15,8,70,25,19,14,0,0
GREENRI01,1986,Rickey,Green,UTA,N,81,2090,781,38,125,163,541,110,2,133,108,644,301,208,172,19,7
GREENSI02,1986,Sidney,Green,DET,N,80,1792,631,196,457,653,62,41,50,127,197,542,256,177,119,2,0
GRIFFDA01,1986,Darrell,Griffith,UTA,N,76,1843,1142,81,146,227,129,97,29,135,167,1038,463,212,149,200,67
HANSEBO01,1986,Bob,Hansen,UTA,N,72,1453,696,84,119,203,102,44,6,77,146,601,272,179,136,45,16
HANZLBI01,1986,Bill,Hanzlik,DEN,N,73,1990,952,79,177,256,280,87,28,132,245,746,307,402,316,80,22
HARPEDE01,1986,Derek,Harper,DAL,N,77,2556,1230,51,148,199,609,167,25,138,195,993,497,234,160,212,76
HARPERO01,1986,Ron,Harper,CLE,N,82,3064,1874,169,223,392,394,209,84,345,247,1614,734,564,386,94,20
HARRIST01,1986,Steve,Harris,HOU,N,74,1174,613,71,99,170,100,37,16,74,111,599,251,130,111,8,0
HASTISC01,1986,Scott,Hastings,ATL,N,40,256,71,16,54,70,13,10,7,13,35,68,23,29,23,12,2
HENDECE01,1986,Cedric,Henderson,TOT,N,8,16,11,3,5,8,0,0,0,4,2,8,4,3,3,0,0
HENDECE01,1986,Cedric,Henderson,ATL,N,6,10,5,2,1,3,0,0,0,1,1,5,2,1,1,0,0
HENDECE01,1986,Cedric,Henderson,MIL,N,2,6,6,1,4,5,0,0,0,3,1,3,2,2,2,0,0
HENDEGE01,1986,Gerald,Henderson,NYK,N,68,1890,738,44,122,166,439,95,11,157,191,624,273,212,173,74,19
HENDEGE01,1986,Gerald,Henderson,TOT,N,74,2045,805,50,125,175,471,101,11,172,208,674,298,230,190,77,19
HENDEGE01,1986,Gerald,Henderson,SEA,N,6,155,67,6,3,9,32,6,0,15,17,50,25,18,17,3,0
HENDEJE01,1986,Jerome,Henderson,MIL,N,6,36,12,2,5,7,0,1,1,6,12,13,4,4,4,0,0
HENDEKE01,1986,Kevin,Henderson,GSW,N,5,45,8,1,2,3,11,1,0,4,9,8,3,2,2,0,0
HENRYCO01,1986,Conner,Henry,HOU,N,18,92,24,0,7,7,8,3,0,9,7,33,8,10,7,11,1
HENRYCO01,1986,Conner,Henry,TOT,N,54,323,122,7,27,34,35,9,1,26,34,136,46,27,17,42,13
HENRYCO01,1986,Conner,Henry,BOS,N,36,231,98,7,20,27,27,6,1,17,27,103,38,17,10,31,12
HIGGIRO01,1986,Rod,Higgins,GSW,N,73,1497,631,72,165,237,96,40,21,76,145,412,214,240,200,17,3
HINSORO01,1986,Roy,Hinson,PHI,N,76,2489,1059,150,338,488,60,45,161,149,281,823,393,360,273,1,0
HODGECR01,1986,Craig,Hodges,MIL,N,78,2147,846,48,92,140,240,76,7,124,189,682,315,147,131,228,85
HOLTOMI01,1986,Michael,Holton,POR,N,58,479,191,9,29,38,73,16,2,41,51,171,70,55,44,23,7
HORNAJE01,1986,Jeff,Hornacek,PHO,N,80,1561,424,41,143,184,361,70,5,153,130,350,159,121,94,43,12
HUBBAPH01,1986,Phil,Hubbard,CLE,N,68,2083,804,178,210,388,136,66,7,156,224,605,321,272,162,4,0
HUMPHJA01,1986,Jay,Humphries,PHO,N,82,2579,923,62,198,260,632,112,9,195,239,753,359,260,200,27,5
HUSTOGE01,1986,Geoff,Huston,LAC,N,19,428,129,6,11,17,101,14,0,45,28,121,55,34,18,2,1
IAVARMA01,1986,Marc,Iavaroni,UTA,N,78,845,278,64,109,173,36,16,11,56,154,215,100,116,78,4,0
JACKSMY01,1986,Myron,Jackson,DAL,N,8,22,11,1,2,3,6,1,0,5,1,9,2,8,7,0,0
JOHNSBU01,1986,Buck,Johnson,HOU,N,60,520,228,38,50,88,40,17,15,37,81,201,94,58,40,1,0
JOHNSCL01,1986,Clemon,Johnson,SEA,N,78,1051,246,106,171,277,21,21,42,36,137,178,88,110,70,2,0
JOHNSDE01,1986,Dennis,Johnson,BOS,N,79,2933,1062,45,216,261,594,87,38,177,201,953,423,251,209,62,7
JOHNSED02,1986,Eddie,Johnson,SEA,N,24,508,217,11,35,46,115,12,1,41,36,186,85,55,42,15,5
JOHNSED03,1986,Eddie,Johnson,SAC,N,81,2457,1516,146,207,353,251,42,19,163,218,1309,606,322,267,118,37
JOHNSFR01,1986,Frank,Johnson,WA1,N,18,399,153,10,20,30,58,21,0,31,31,128,59,49,35,1,0
JOHNSMA01,1986,Magic,Johnson,LAL,N,80,2904,1909,122,382,504,977,138,36,300,168,1308,683,631,535,39,8
JOHNSMA02,1986,Marques,Johnson,LAC,N,10,302,166,9,24,33,28,12,5,17,24,155,68,42,30,6,0
JOHNSST01,1986,Steve,Johnson,POR,N,79,2345,1330,194,372,566,155,49,76,276,340,889,494,490,342,0,0
JOHNSST02,1986,Steffond,Johnson,LAC,N,29,234,74,15,28,43,5,9,2,18,55,64,27,38,20,3,0
JOHNSVI01,1986,Vinnie,Johnson,DET,N,78,2166,1228,123,134,257,300,92,16,133,159,1154,533,201,158,14,4
JONESAN01,1986,Anthony,Jones,WA1,N,16,114,37,1,8,9,7,10,1,11,11,33,14,13,9,1,0
JONESAN01,1986,Anthony,Jones,SAS,N,49,744,286,39,56,95,66,32,18,38,68,289,119,52,41,19,7
JONESAN01,1986,Anthony,Jones,TOT,N,65,858,323,40,64,104,73,42,19,49,79,322,133,65,50,20,7
JONESCA01,1986,Caldwell,Jones,POR,N,78,1578,319,114,341,455,64,23,77,87,227,224,111,124,97,2,0
JONESCH01,1986,Charles,Jones,WA1,N,79,1609,284,144,212,356,80,67,165,77,252,249,118,76,48,1,0
JORDAMI01,1986,Michael,Jordan,CHI,N,82,3281,3041,166,264,430,377,236,125,272,237,2279,1098,972,833,66,12
KELLOCL01,1986,Clark,Kellogg,IND,N,4,60,20,7,4,11,6,5,0,4,12,22,8,4,3,2,1
KEMPTTI01,1986,Tim,Kempton,LAC,N,66,936,289,70,124,194,53,38,12,49,162,206,97,137,95,1,0
KERSEJE01,1986,Jerome,Kersey,POR,N,82,2088,1009,201,295,496,194,122,77,149,328,733,373,364,262,23,1
KINGAL01,1986,Albert,King,NJN,N,61,1291,582,82,132,214,103,34,28,103,177,573,244,100,81,32,13
KINGBE01,1986,Bernard,King,NYK,N,6,214,136,13,19,32,19,2,0,15,14,105,52,43,32,0,0
KITCHCU01,1986,Curtis,Kitchen,SEA,N,6,31,9,4,5,9,1,2,3,0,4,6,3,4,3,1,0
KITEGR01,1986,Greg,Kite,BOS,N,74,745,123,61,108,169,27,17,46,34,148,110,47,76,29,1,0
KLEINJO01,1986,Joe,Kleine,SAC,N,79,1658,622,173,310,483,71,35,30,90,213,543,256,140,110,1,0
KONCAJO01,1986,Jon,Koncak,ATL,N,82,1684,463,153,340,493,31,52,76,92,262,352,169,191,125,1,0
KRYSTLA01,1986,Larry,Krystkowiak,SAS,N,68,1004,451,77,162,239,85,22,12,67,141,373,170,148,110,12,1
LAIMBBI01,1986,Bill,Laimbeer,DET,N,82,2854,1263,243,712,955,151,72,69,120,283,1010,506,274,245,21,6
LAMPLJI01,1986,Jim,Lampley,PHI,N,1,16,3,1,4,5,0,1,0,1,0,3,1,2,1,0,0
LEAVEAL01,1986,Allen,Leavell,HOU,N,53,1175,412,14,47,61,224,53,10,64,126,358,147,119,100,57,18
LEEKE01,1986,Keith,Lee,CLE,N,67,870,412,93,158,251,69,25,40,85,147,374,170,101,72,1,0
LEVERLA01,1986,Lafayette,Lever,DEN,N,82,3054,1552,216,513,729,654,201,34,167,219,1370,643,312,244,92,22
LEVINCL01,1986,Cliff,Levingston,ATL,N,82,1848,657,219,314,533,40,48,68,72,261,496,251,212,155,3,0
LISTEAL01,1986,Alton,Lister,SEA,N,75,2288,871,223,482,705,110,32,180,169,289,687,346,265,179,1,0
LLOYDLE01,1986,Lewis,Lloyd,HOU,N,32,688,396,13,35,48,90,19,5,52,69,310,165,86,65,7,1
LONGJO01,1986,John,Long,IND,N,80,2265,1218,75,142,217,258,96,8,153,167,1170,490,246,219,67,19
LUCASJO01,1986,John,Lucas,MIL,N,43,1358,753,29,96,125,290,71,6,89,82,624,285,174,137,126,46
LUCASMA01,1986,Maurice,Lucas,SEA,N,63,1120,500,88,219,307,65,34,21,75,171,388,175,187,150,5,0
MACYKY01,1986,Kyle,Macy,IND,N,76,1250,376,25,88,113,197,59,7,58,136,341,164,41,34,46,14
MAHORRI01,1986,Rick,Mahorn,DET,N,63,1278,384,93,282,375,38,32,50,73,221,322,144,117,96,0,0
MALONJE01,1986,Jeff,Malone,WA1,N,80,2763,1758,50,168,218,298,75,13,182,154,1509,689,425,376,26,4
MALONKA01,1986,Karl,Malone,UTA,N,82,2857,1779,278,577,855,158,104,60,237,323,1422,728,540,323,7,0
MALONMO01,1986,Moses,Malone,WA1,N,73,2488,1760,340,484,824,120,59,92,202,139,1311,595,692,570,11,0
MANNIPA01,1986,Pace,Mannion,NJN,N,23,284,83,10,29,39,45,18,4,23,32,94,31,31,18,9,3
MARTIBI01,1986,Bill,Martin,NYK,N,8,68,25,2,5,7,0,4,2,7,5,25,9,8,7,0,0
MARTIFE01,1986,Fernando,Martin,POR,N,24,146,22,8,20,28,9,7,1,20,24,31,9,11,4,1,0
MARTIMO01,1986,Mo,Martin,DEN,N,43,286,147,12,29,41,35,13,6,33,48,135,51,66,42,15,3
MATTHWE01,1986,Wes,Matthews,LAL,N,50,532,208,13,34,47,100,23,4,51,53,187,89,36,29,3,1
MAXWECE01,1986,Cedric,Maxwell,TOT,N,81,1968,809,175,260,435,197,39,14,136,178,477,253,391,303,1,0
MAXWECE01,1986,Cedric,Maxwell,HOU,N,46,836,332,72,112,184,75,13,5,48,76,188,103,163,126,1,0
MAXWECE01,1986,Cedric,Maxwell,LAC,N,35,1132,477,103,148,251,122,26,9,88,102,289,150,228,177,0,0
MCCORTI01,1986,Tim,Mccormick,PHI,N,81,2817,1033,180,431,611,114,36,64,153,270,718,391,349,251,4,0
MCCRARO01,1986,Rodney,Mccray,HOU,N,81,3136,1170,190,388,578,434,88,53,208,172,783,432,393,306,9,0
MCCRASC01,1986,Scooter,Mccray,CLE,N,24,279,80,19,39,58,23,9,4,24,28,65,30,41,20,0,0
MCDANXA01,1986,Xavier,Mcdaniel,SEA,N,82,3031,1890,338,367,705,207,115,52,234,300,1583,806,395,275,14,3
MCDONBE01,1986,Ben,Mcdonald,GSW,N,63,1284,353,63,120,183,84,27,8,43,200,360,164,38,24,8,1
MCDOWHA01,1986,Hank,Mcdowell,MIL,N,7,70,22,9,10,19,2,2,0,3,14,17,8,7,6,0,0
MCGEEMI01,1986,Mike,Mcgee,ATL,N,76,1420,788,71,88,159,149,61,2,104,156,677,311,137,80,229,86
MCHALKE01,1986,Kevin,Mchale,BOS,N,77,3060,2008,247,516,763,198,38,172,197,240,1307,790,512,428,4,0
MCKENFO01,1986,Forrest,Mckenzie,SAS,N,6,42,17,2,5,7,1,1,0,3,9,28,7,2,2,2,1
MCKENKE01,1986,Kevin,Mckenna,NJN,N,56,942,401,21,56,77,93,54,7,53,141,337,153,57,43,124,52
MCMILNA01,1986,Nate,Mcmillan,SEA,N,71,1972,373,101,230,331,583,125,45,155,238,301,143,141,87,7,0
MCNAMMA01,1986,Mark,Mcnamara,PHI,N,11,113,35,17,19,36,2,1,0,8,17,30,14,19,7,0,0
MCNEACH01,1986,Chris,Mcnealy,NYK,N,59,972,228,74,153,227,46,36,16,64,136,179,88,80,52,0,0
MCQUECO01,1986,Cozell,Mcqueen,DET,N,3,7,6,3,5,8,0,0,1,0,1,3,3,0,0,0,0
MINNIDI01,1986,Dirk,Minniefield,CLE,N,11,122,27,1,9,10,13,6,1,12,8,42,13,4,1,5,0
MINNIDI01,1986,Dirk,Minniefield,HOU,N,63,1478,482,28,102,130,335,66,6,145,166,440,205,86,61,34,11
MINNIDI01,1986,Dirk,Minniefield,TOT,N,74,1600,509,29,111,140,348,72,7,157,174,482,218,90,62,39,11
MITCHMI01,1986,Mike,Mitchell,SAS,N,40,922,509,38,65,103,38,19,9,51,68,478,208,112,92,2,1
MOKESPA01,1986,Paul,Mokeski,MIL,N,62,626,150,45,93,138,22,18,13,22,126,129,52,64,46,1,0
MONCRSI01,1986,Sidney,Moncrief,MIL,N,39,992,460,57,70,127,121,27,10,63,73,324,158,162,136,31,8
MOOREJO01,1986,Johnny,Moore,SAS,N,55,1234,474,32,68,100,250,83,3,102,97,448,198,70,56,79,22
MOSSPE01,1986,Perry,Moss,GSW,N,64,698,232,29,66,95,90,42,3,57,96,207,91,69,49,14,1
MULLICH01,1986,Chris,Mullin,GSW,N,82,2377,1242,39,142,181,261,98,36,154,217,928,477,326,269,63,19
MURPHJA01,1986,Jay,Murphy,WA1,N,21,141,71,17,22,39,5,3,2,6,21,72,31,16,9,0,0
MYERSPE01,1986,Pete,Myers,CHI,N,29,155,66,8,9,17,21,14,2,10,25,52,19,43,28,6,0
NANCELA01,1986,Larry,Nance,PHO,N,69,2569,1552,188,411,599,233,86,148,149,223,1062,585,493,381,5,1
NATTCA01,1986,Calvin,Natt,DEN,N,1,20,10,2,3,5,2,1,0,1,2,10,4,2,2,0,0
NEALYED01,1986,Ed,Nealy,SAS,N,60,980,223,96,188,284,83,40,11,36,144,192,84,69,51,31,4
NEVITCH01,1986,Chuck,Nevitt,DET,N,41,267,76,36,47,83,4,7,30,21,73,63,31,24,14,0,0
NEWMAJO01,1986,Johnny,Newman,CLE,N,59,630,293,36,34,70,27,20,7,46,67,275,113,76,66,22,1
NIMPHKU01,1986,Kurt,Nimphius,LAC,N,38,811,295,58,75,133,18,16,41,47,118,252,119,88,57,3,0
NIMPHKU01,1986,Kurt,Nimphius,TOT,N,66,1088,391,80,107,187,25,20,54,63,156,330,155,120,81,4,0
NIMPHKU01,1986,Kurt,Nimphius,DET,N,28,277,96,22,32,54,7,4,13,16,38,78,36,32,24,1,0
NUTTDE01,1986,Dennis,Nutt,DAL,N,25,91,57,1,7,8,16,7,0,10,6,40,16,22,20,17,5
OAKLECH01,1986,Charles,Oakley,CHI,N,82,2980,1192,299,775,1074,296,85,36,299,315,1052,468,357,245,30,11
OKORMI01,1986,Mike,O'koren,WA1,N,15,123,32,6,8,14,13,2,0,6,10,42,16,2,0,2,0
OLAJUHA01,1986,Hakeem,Olajuwon,HOU,N,75,2760,1755,315,543,858,220,140,254,228,294,1332,677,570,400,5,1
OLBERMA01,1986,Mark,Olberding,SAC,N,76,1002,254,50,135,185,91,18,9,56,144,165,69,131,116,1,0
OLDHAJA01,1986,Jawann,Oldham,NYK,N,44,776,173,51,128,179,19,22,71,48,95,174,71,57,31,1,0
ORRLO01,1986,Louis,Orr,NYK,N,65,1440,458,102,130,232,110,47,18,70,123,389,166,172,125,5,1
PARISRO01,1986,Robert,Parish,BOS,N,80,2995,1403,254,597,851,173,64,144,191,266,1057,588,309,227,1,0
PAXSOJI01,1986,Jim,Paxson,POR,N,72,1798,874,41,98,139,237,76,12,108,134,733,337,216,174,98,26
PAXSOJO01,1986,John,Paxson,CHI,N,82,2689,930,22,117,139,467,66,8,105,207,793,386,131,106,140,52
PERKISA01,1986,Sam,Perkins,DAL,N,80,2687,1186,197,419,616,146,109,77,132,269,957,461,296,245,54,19
PERSOCH01,1986,Chuck,Person,IND,N,82,2956,1541,168,509,677,295,90,16,211,310,1358,635,297,222,138,49
PETERJI01,1986,Jim,Petersen,HOU,N,82,2403,924,177,380,557,127,43,102,152,268,755,386,209,152,4,0
PHELPMI01,1986,Mike,Phelps,SEA,N,60,469,182,16,34,50,64,21,2,32,60,176,75,44,31,10,1
PIERCRI01,1986,Ricky,Pierce,MIL,N,79,2505,1540,117,149,266,144,64,24,120,222,1077,575,440,387,28,3
PINCKED01,1986,Ed,Pinckney,PHO,N,80,2250,837,179,401,580,116,86,54,135,196,497,290,348,257,2,0
POLEEDW01,1986,Dwayne,Polee,LAC,N,1,6,2,0,0,0,0,1,0,1,3,4,1,0,0,3,0
POQUEBE01,1986,Ben,Poquette,CLE,N,37,437,113,20,57,77,28,6,22,17,51,82,41,39,31,3,0
POQUEBE01,1986,Ben,Poquette,TOT,N,58,604,164,30,71,101,35,9,34,21,77,122,62,50,40,4,0
POQUEBE01,1986,Ben,Poquette,CHI,N,21,167,51,10,14,24,7,3,12,4,26,40,21,11,9,1,0
PORTETE01,1986,Terry,Porter,POR,N,80,2714,1045,70,267,337,715,159,9,255,192,770,376,334,280,60,13
PRESSHA01,1986,Harold,Pressley,SAC,N,67,913,310,68,108,176,120,40,21,63,96,317,134,48,35,28,7
PRESSPA01,1986,Paul,Pressey,MIL,N,61,2057,846,98,198,296,441,110,47,186,213,616,294,328,242,55,16
PRICEMA01,1986,Mark,Price,CLE,N,67,1217,464,33,84,117,202,43,4,105,75,424,173,114,95,70,23
RAMBIKU01,1986,Kurt,Rambis,LAL,N,78,1514,446,159,294,453,63,74,41,104,201,313,163,157,120,0,0
RASMUBL01,1986,Blair,Rasmussen,DEN,N,74,1421,705,183,282,465,60,24,58,79,224,570,268,231,169,0,0
REIDRO01,1986,Robert,Reid,HOU,N,75,2594,1029,47,242,289,323,75,21,104,232,1006,420,177,136,162,53
REYNOJE01,1986,Jerry,Reynolds,MIL,N,58,963,404,72,101,173,106,50,30,82,91,356,140,184,118,18,6
RICHACL01,1986,Clint,Richardson,IND,N,78,1396,501,51,92,143,241,49,7,85,106,467,218,74,59,17,6
RIVERDO01,1986,Doc,Rivers,ATL,N,82,2590,1053,83,216,299,823,171,30,217,287,758,342,441,365,21,4
ROBERAL01,1986,Alvin,Robertson,SAS,N,81,2697,1435,186,238,424,421,260,35,243,264,1264,589,324,244,48,13
ROBERFR01,1986,Fred,Roberts,BOS,N,73,1079,402,54,136,190,62,22,20,89,129,270,139,153,124,3,0
ROBINCL01,1986,Cliff,Robinson,PHI,N,55,1586,815,86,221,307,89,86,30,123,150,729,338,184,139,4,0
RODMADE01,1986,Dennis,Rodman,DET,N,77,1155,500,163,169,332,56,38,48,93,166,391,213,126,74,1,0
ROGERJO01,1986,Johnny,Rogers,SAC,N,45,468,189,30,47,77,26,9,8,20,66,185,90,15,9,5,0
ROLLITR01,1986,Tree,Rollins,ATL,N,75,1764,405,155,333,488,22,43,140,61,240,313,171,87,63,0,0
ROUNDDA01,1986,Dan,Roundfield,WA1,N,36,669,238,64,106,170,39,11,16,49,77,220,90,72,57,5,1
ROWANRO01,1986,Ron,Rowan,POR,N,7,16,12,1,0,1,1,4,0,3,1,9,4,4,3,1,1
RULANJE01,1986,Jeff,Ruland,PHI,N,5,116,47,12,16,28,10,0,4,10,13,28,19,12,9,0,0
RUSSEWA01,1986,Walker,Russell,IND,N,48,511,157,18,37,55,129,20,5,60,62,165,64,37,27,16,2
SALLEJO01,1986,John,Salley,DET,N,82,1463,431,108,188,296,54,44,125,74,256,290,163,171,105,1,0
SAMPSRA01,1986,Ralph,Sampson,HOU,N,43,1326,672,88,284,372,120,40,58,126,169,566,277,189,118,3,0
SANDEMI01,1986,Mike,Sanders,PHO,N,82,1655,859,101,170,271,126,61,23,105,210,722,357,183,143,17,2
SCHAYDA01,1986,Danny,Schayes,DEN,N,76,1556,649,120,260,380,85,20,74,95,266,405,210,294,229,0,0
SCHOERU01,1986,Russ,Schoene,SEA,N,63,579,173,52,65,117,27,20,11,42,94,190,71,46,29,13,2
SCHREDE01,1986,Detlef,Schrempf,DAL,N,81,1711,756,87,216,303,161,50,16,110,224,561,265,260,193,69,33
SCHWEJO01,1986,John,Schweitz,DET,N,3,7,0,0,1,1,0,0,0,2,2,1,0,0,0,0,0
SCOTTBY01,1986,Byron,Scott,LAL,N,82,2729,1397,63,223,286,281,125,18,144,163,1134,554,251,224,149,65
SCURRCA01,1986,Carey,Scurry,UTA,N,69,753,344,97,101,198,57,55,54,56,124,247,123,134,94,14,4
SELLEBR01,1986,Brad,Sellers,CHI,N,80,1751,680,155,218,373,102,44,68,84,194,606,276,173,126,10,2
SHORTPU01,1986,Purvis,Short,GSW,N,34,950,621,55,82,137,86,45,7,68,103,501,240,160,137,17,4
SICHTJE01,1986,Jerry,Sichting,BOS,N,78,1566,448,22,69,91,187,40,1,61,124,398,202,42,37,26,7
SIKMAJA01,1986,Jack,Sikma,MIL,N,82,2536,1045,208,614,822,203,88,90,160,328,842,390,313,265,2,0
SINGLMC01,1986,Mckinley,Singleton,NYK,N,2,10,4,0,0,0,1,0,0,0,1,3,2,0,0,1,0
SKILESC01,1986,Scott,Skiles,MIL,N,13,205,49,6,20,26,45,5,1,21,18,62,18,12,10,14,3
SMITHCL01,1986,Clinton,Smith,GSW,N,41,341,127,26,30,56,45,13,1,26,36,117,50,36,27,2,0
SMITHDE01,1986,Derek,Smith,SAC,N,52,1658,863,60,122,182,204,46,23,126,184,757,338,228,178,33,9
SMITHKE02,1986,Keith,Smith,MIL,N,42,461,138,13,19,32,43,25,3,30,74,150,57,28,21,9,3
SMITHLA01,1986,Larry,Smith,GSW,N,80,2374,707,366,551,917,95,71,56,135,295,544,297,197,113,1,0
SMITHOT01,1986,Otis,Smith,DEN,N,28,168,78,17,17,34,22,1,1,19,30,79,33,21,12,2,0
SMREKMI01,1986,Mike,Smrek,LAL,N,35,233,76,13,24,37,5,4,13,19,70,60,30,25,16,0,0
SPARRRO01,1986,Rory,Sparrow,NYK,N,80,1951,608,29,86,115,432,67,6,140,160,590,263,89,71,42,11
STANSTE01,1986,Terence,Stansbury,SEA,N,44,375,176,8,16,24,57,13,0,29,78,156,67,50,31,29,11
STEPPBR01,1986,Brook,Steppe,SAC,N,34,665,266,21,40,61,81,18,3,54,56,199,95,88,73,9,3
STIPAST01,1986,Steve,Stipanovich,IND,N,81,2761,1072,184,486,670,180,106,97,130,304,760,382,367,307,4,1
STOCKJO01,1986,John,Stockton,UTA,N,82,1858,648,32,119,151,670,177,14,164,224,463,231,229,179,38,7
SUNDVJO01,1986,Jon,Sundvold,SAS,N,76,1765,850,20,78,98,315,35,0,97,109,751,365,84,70,149,50
TARPLRO01,1986,Roy,Tarpley,DAL,N,75,1405,561,180,353,533,52,56,79,101,232,499,233,139,94,3,1
TAYLOJE01,1986,Jeff,Taylor,DET,N,12,44,21,1,3,4,3,2,1,8,4,10,6,10,9,0,0
TEAGLTE01,1986,Terry,Teagle,GSW,N,82,1650,922,68,107,175,105,68,13,117,190,808,370,234,182,10,0
THEUSRE01,1986,Reggie,Theus,SAC,N,79,2872,1600,86,180,266,692,78,16,289,208,1223,577,495,429,78,17
THIRDDA01,1986,David,Thirdkill,BOS,N,17,89,25,5,14,19,2,2,0,5,12,24,10,16,5,1,0
THOMAIS01,1986,Isiah,Thomas,DET,N,81,3013,1671,82,237,319,813,153,20,343,251,1353,626,521,400,98,19
THOMPBE01,1986,Bernard,Thompson,PHO,N,24,331,111,20,11,31,18,11,5,16,53,105,42,33,27,3,0
THOMPBI01,1986,Billy,Thompson,LAL,N,59,762,332,69,102,171,60,15,30,61,148,261,142,74,48,1,0
THOMPLA01,1986,Lasalle,Thompson,SAC,N,82,2166,912,237,450,687,122,69,126,143,290,752,362,255,188,5,0
THOMPMY01,1986,Mychal,Thompson,SAS,N,49,1210,605,91,185,276,87,31,41,77,117,528,230,196,144,1,1
THOMPMY01,1986,Mychal,Thompson,TOT,N,82,1890,938,138,274,412,115,45,71,134,202,797,359,297,219,2,1
THOMPMY01,1986,Mychal,Thompson,LAL,N,33,680,333,47,89,136,28,14,30,57,85,269,129,101,75,1,0
THORNBO01,1986,Bob,Thornton,NYK,N,33,282,71,18,38,56,8,4,3,24,48,67,29,20,13,1,0
THORPOT01,1986,Otis,Thorpe,SAC,N,82,2956,1547,259,560,819,201,46,60,189,292,1050,567,543,413,3,0
THREASE01,1986,Sedale,Threatt,PHI,N,28,668,265,18,39,57,82,32,4,47,76,261,108,53,42,16,7
THREASE01,1986,Sedale,Threatt,CHI,N,40,778,315,8,43,51,177,42,9,42,88,273,131,66,53,16,0
THREASE01,1986,Sedale,Threatt,TOT,N,68,1446,580,26,82,108,259,74,13,89,164,534,239,119,95,32,7
TISDAWA01,1986,Wayman,Tisdale,IND,N,81,2159,1174,217,258,475,117,50,26,139,293,892,458,364,258,2,0
TONEYAN01,1986,Andrew,Toney,PHI,N,52,1058,549,16,69,85,188,18,8,112,78,437,197,167,133,67,22
TRIPUKE01,1986,Kelly,Tripucka,UTA,N,79,1865,798,54,188,242,243,85,11,167,147,621,291,226,197,52,19
TUCKETR01,1986,Trent,Tucker,NYK,N,70,1691,795,49,86,135,166,116,13,78,169,691,325,101,77,161,68
TURNEAN01,1986,Andre,Turner,BOS,N,3,18,4,1,1,2,1,0,0,5,1,5,2,0,0,1,0
TURNEEL01,1986,Elston,Turner,CHI,N,70,936,248,34,81,115,102,30,4,31,97,252,112,31,23,8,1
TURNEJE01,1986,Jeff,Turner,NJN,N,76,1003,378,80,117,197,60,33,13,81,200,325,151,104,76,1,0
TURPIME01,1986,Mel,Turpin,CLE,N,64,801,393,62,128,190,33,11,40,63,90,366,169,77,55,0,0
TYLERTE01,1986,Terry,Tyler,SAC,N,82,1930,760,116,212,328,73,55,78,78,151,664,329,140,101,3,1
VALENDA01,1986,Darnell,Valentine,LAC,N,65,1759,726,38,112,150,447,116,10,167,148,671,275,200,163,56,13
VANDEKI01,1986,Kiki,Vandeweghe,POR,N,79,3029,2122,86,165,251,220,52,17,139,137,1545,808,527,467,81,39
VANOSNI01,1986,Nick,Vanos,PHO,N,57,640,168,67,113,180,43,19,23,48,94,158,65,59,38,2,0
VERHOPE01,1986,Peter,Verhoeven,IND,N,5,44,10,2,5,7,2,2,1,0,11,14,5,0,0,0,0
VINCEJA01,1986,Jay,Vincent,WA1,N,51,1386,678,69,141,210,85,40,17,77,127,613,274,169,130,3,0
VINCESA01,1986,Sam,Vincent,BOS,N,46,374,171,5,22,27,59,13,1,33,33,136,60,55,51,0,0
VRANEDA01,1986,Danny,Vranes,PHI,N,58,817,140,51,95,146,30,35,25,26,127,138,59,45,21,5,1
WAITEGR01,1986,Granville,Waiters,CHI,N,44,534,85,38,49,87,22,10,31,16,83,93,40,9,5,1,0
WALKEDA01,1986,Darrell,Walker,DEN,N,81,2020,988,157,170,327,282,120,37,187,229,742,358,365,272,4,0
WALKEKE01,1986,Kenny,Walker,NYK,N,68,1719,710,118,220,338,75,49,49,75,236,581,285,185,140,4,0
WALTOBI01,1986,Bill,Walton,BOS,N,10,112,28,11,20,31,9,1,10,15,23,26,10,15,8,0,0
WASHBCH01,1986,Chris,Washburn,GSW,N,35,385,132,36,65,101,16,6,8,39,51,145,57,51,18,1,0
WASHIDW01,1986,Dwayne,Washington,NJN,N,72,1600,616,37,92,129,301,92,7,175,184,538,257,125,98,24,4
WEBBSP01,1986,Spud,Webb,ATL,N,33,532,223,6,54,60,167,34,2,70,65,162,71,105,80,6,1
WEBSTMA01,1986,Marvin,Webster,MIL,N,15,102,27,12,14,26,3,3,7,8,17,19,10,8,6,1,1
WEDMASC01,1986,Scott,Wedman,BOS,N,6,78,20,3,6,9,6,2,2,3,6,27,9,2,1,2,1
WENNIBI01,1986,Bill,Wennington,DAL,N,58,560,157,53,76,129,24,13,10,39,95,132,56,60,45,2,0
WESTMA01,1986,Mark,West,CLE,N,78,1333,507,126,213,339,41,22,81,106,229,385,209,173,89,2,0
WHATLEN01,1986,Ennis,Whatley,WA1,N,73,1816,618,58,136,194,392,92,10,138,172,515,246,165,126,2,0
WHITEJE01,1986,Jerome,Whitehead,GSW,N,73,937,373,110,152,262,24,16,12,50,175,327,147,113,79,1,0
WHITERO01,1986,Rory,White,LAC,N,68,1545,624,90,104,194,79,47,19,73,159,552,265,144,94,3,0
WIGGIMI01,1986,Mitchell,Wiggins,HOU,N,32,788,355,74,59,133,76,44,3,50,82,350,153,65,49,5,0
WILKIDO01,1986,Dominique,Wilkins,ATL,N,79,2969,2294,210,284,494,261,117,51,215,149,1787,828,742,607,106,31
WILKIED01,1986,Eddielee,Wilkins,NYK,N,24,454,139,45,62,107,6,9,2,28,67,127,56,58,27,1,0
WILKIGE01,1986,Gerald,Wilkins,NYK,N,80,2758,1527,120,174,294,354,88,18,214,165,1302,633,335,235,74,26
WILLIBU01,1986,Buck,Williams,NJN,N,82,2976,1472,322,701,1023,129,78,91,280,315,936,521,588,430,1,0
WILLIGU01,1986,Gus,Williams,ATL,N,33,481,138,8,32,40,139,17,5,54,53,146,53,40,27,18,5
WILLIHE01,1986,Herb,Williams,IND,N,74,2526,1101,143,400,543,174,59,93,145,255,939,451,269,199,9,0
WILLIHO01,1986,Hotrod,Williams,CLE,N,80,2714,1168,222,407,629,154,58,167,139,197,897,435,400,298,1,0
WILLIJO01,1986,John,Williams,WA1,N,78,1773,718,130,236,366,191,129,30,122,173,624,283,223,144,36,8
WILLIKE01,1986,Kevin,Willis,ATL,N,81,2626,1304,321,528,849,62,65,61,173,313,1003,538,320,227,4,1
WILLIKE02,1986,Kevin,Williams,SEA,N,65,703,319,47,36,83,66,45,8,63,154,296,132,66,55,7,0
WILLIPE01,1986,Pete,Williams,DEN,N,5,10,2,0,1,1,1,0,0,1,1,2,1,0,0,0,0
WILLIRA01,1986,Ray,Williams,NJN,N,32,800,318,26,49,75,185,38,9,94,111,290,131,60,49,28,7
WILSOMI01,1986,Mike,Wilson,TOT,N,7,45,8,1,3,4,7,1,0,5,10,10,3,2,2,0,0
WILSOMI01,1986,Mike,Wilson,ATL,N,2,2,0,0,0,0,1,0,0,1,1,2,0,0,0,0,0
WILSOMI01,1986,Mike,Wilson,NJN,N,5,43,8,1,3,4,6,1,0,4,9,8,3,2,2,0,0
WILSOOT01,1986,Othell,Wilson,SAC,N,53,789,210,28,53,81,207,42,4,77,67,185,82,54,43,18,3
WINGADA01,1986,David,Wingate,PHI,N,77,1612,680,70,86,156,155,93,19,128,169,602,259,201,149,52,13
WITTMRA01,1986,Randy,Wittman,ATL,N,71,2049,900,30,94,124,211,39,16,88,107,792,398,127,100,12,4
WOODAL01,1986,Al,Wood,DAL,N,54,657,358,39,55,94,34,19,11,34,83,310,121,139,109,25,7
WOODLE01,1986,Leon,Wood,NJN,N,76,1733,557,23,97,120,370,48,3,108,126,501,187,154,123,200,60
WOODSMI01,1986,Mike,Woodson,LAC,N,74,2126,1262,68,94,162,196,100,16,168,201,1130,494,290,240,123,34
WOOLROR01,1986,Orlando,Woolridge,NJN,N,75,2638,1551,118,249,367,261,54,86,213,243,1067,556,564,438,8,1
WORTHJA01,1986,James,Worthy,LAL,N,82,2819,1594,158,308,466,226,108,83,168,206,1207,651,389,292,13,0
WRIGHBR01,1986,Brad,Wright,NYK,N,14,138,52,25,28,53,1,3,6,13,20,46,20,28,12,1,0
YOUNGDA01,1986,Danny,Young,SEA,N,73,1482,352,23,90,113,353,74,3,85,72,288,132,71,59,79,29
YOUNGPE01,1986,Perry,Young,CHI,N,5,20,5,0,1,1,0,1,0,1,3,4,2,2,1,0,0
YOUNGPE01,1986,Perry,Young,POR,N,4,52,8,3,4,7,7,4,1,3,11,17,4,0,0,0,0
YOUNGPE01,1986,Perry,Young,TOT,N,9,72,13,3,5,8,7,5,1,4,14,21,6,2,1,0,0
ABDULKA01,1987,Kareem,Abdul-jabbar,LAL,N,80,2308,1165,118,360,478,135,48,92,159,216,903,480,269,205,1,0
ACRESMA01,1987,Mark,Acres,BOS,N,79,1151,287,105,165,270,42,29,27,54,198,203,108,111,71,0,0
ADAMSAL01,1987,Alvan,Adams,PHO,N,82,1646,611,118,247,365,183,82,41,140,245,506,251,128,108,2,1
ADAMSMI01,1987,Michael,Adams,DEN,N,82,2778,1137,40,183,223,503,168,16,144,138,927,416,199,166,379,139
AGUIRMA01,1987,Mark,Aguirre,DAL,N,77,2610,1932,182,252,434,278,70,57,203,223,1571,746,504,388,172,52
AINGEDA01,1987,Danny,Ainge,BOS,N,81,3018,1270,59,190,249,503,115,17,153,203,982,482,180,158,357,148
ALARIMA01,1987,Mark,Alarie,WA1,N,63,769,327,70,90,160,39,10,12,50,107,300,144,49,35,18,4
ALFORST01,1987,Steve,Alford,DAL,N,28,197,59,3,20,23,23,17,3,12,23,55,21,17,16,8,1
ANDERCA01,1987,Cadillac,Anderson,SAS,N,82,1984,957,161,352,513,79,54,122,143,228,756,379,328,198,5,1
ANDERRI01,1987,Richard,Anderson,HOU,N,12,53,32,9,8,17,4,1,0,60,4,26,11,5,4,15,6
ANDERRI01,1987,Richard,Anderson,POR,N,62,1297,416,82,204,286,108,50,16,1,133,413,160,72,54,135,42
ANDERRI01,1987,Richard,Anderson,TOT,N,74,1350,448,91,212,303,112,51,16,61,137,439,171,77,58,150,48
ANDERRO01,1987,Ron,Anderson,IND,N,74,1097,542,89,127,216,78,41,6,73,98,436,217,141,108,2,0
ARLAUJO01,1987,Joe,Arlauckas,SAC,N,9,85,34,6,7,13,8,3,4,4,16,43,14,8,6,0,0
ASKEWVI01,1987,Vincent,Askew,PHI,N,14,234,52,6,16,22,33,10,6,12,12,74,22,11,8,0,0
BAGLEJO01,1987,John,Bagley,NJN,N,82,2774,981,61,196,257,479,110,10,201,162,896,393,180,148,161,47
BAILEJA01,1987,James,Bailey,PHO,N,65,869,288,73,137,210,42,17,28,70,180,241,109,89,70,4,0
BAILETH01,1987,Thurl,Bailey,UTA,N,82,2804,1604,134,397,531,158,49,125,190,186,1286,633,408,337,3,1
BARKLCH01,1987,Charles,Barkley,PHI,N,80,3170,2264,385,566,951,254,100,103,304,278,1283,753,951,714,157,44
BATTLJO01,1987,John,Battle,ATL,N,67,1227,713,26,87,113,158,31,5,75,84,613,278,188,141,41,16
BEDFOWI01,1987,William,Bedford,DET,N,38,298,101,27,38,65,4,8,17,19,47,101,44,23,13,0,0
BENJABE01,1987,Benoit,Benjamin,LAC,N,66,2171,860,112,418,530,172,50,225,223,203,693,340,255,180,8,0
BENSOKE01,1987,Kent,Benson,CLE,N,2,12,5,0,1,1,0,1,1,2,2,2,2,2,1,0,0
BERRYWA01,1987,Walter,Berry,SAS,N,73,1922,1272,176,219,395,110,55,63,162,207,960,540,320,192,0,0
BIRDLA01,1987,Larry,Bird,BOS,N,76,2965,2275,108,595,703,467,125,57,213,157,1672,881,453,415,237,98
BIRDSOT01,1987,Otis,Birdsong,NJN,N,67,1882,730,73,94,167,222,54,11,129,143,736,337,92,47,25,9
BLABUW01,1987,Uwe,Blab,DAL,N,73,658,162,52,82,134,35,8,29,49,108,132,58,65,46,0,0
BLACKNA01,1987,Nate,Blackwell,SAS,N,10,112,37,2,4,6,18,3,0,8,16,41,15,6,5,11,2
BLACKRO01,1987,Rolando,Blackman,DAL,N,71,2580,1325,82,164,246,262,64,18,144,112,1050,497,379,331,5,0
BOGUEMU01,1987,Muggsy,Bogues,WA1,N,79,1628,393,35,101,136,404,127,3,101,138,426,166,74,58,16,3
BOLMA01,1987,Manute,Bol,WA1,N,77,1136,176,72,203,275,13,11,208,35,160,165,75,49,26,1,0
BRADLDU01,1987,Dudley,Bradley,TOT,N,65,1437,423,25,102,127,151,114,43,88,172,365,156,97,74,102,37
BRADLDU01,1987,Dudley,Bradley,MIL,N,2,5,0,0,1,1,1,0,0,0,2,1,0,0,0,1,0
BRADLDU01,1987,Dudley,Bradley,NJN,N,63,1432,423,25,101,126,150,114,43,88,170,364,156,97,74,101,37
BRANCAD01,1987,Adrian,Branch,NJN,N,20,308,133,20,28,48,16,16,11,29,41,134,56,23,20,5,1
BREUERA01,1987,Randy,Breuer,MIL,N,81,2258,968,191,360,551,103,46,107,107,198,788,390,286,188,0,0
BRICKFR01,1987,Frank,Brickowski,SAS,N,70,2227,1119,167,316,483,266,74,36,207,275,805,425,349,268,5,1
BROOKMI01,1987,Michael,Brooks,DEN,N,16,133,43,19,25,44,13,4,1,12,21,49,20,4,3,0,0
BROWNMI01,1987,Mike,Brown,CHI,N,46,591,197,66,93,159,28,11,4,38,85,174,78,71,41,1,0
BURTTST01,1987,Steve,Burtt,LAC,N,19,312,171,6,21,27,38,10,5,40,56,138,62,69,47,4,0
CAGEMI01,1987,Michael,Cage,LAC,N,72,2660,1046,371,567,938,110,91,58,160,194,766,360,474,326,1,0
CAMPBTO01,1987,Tony,Campbell,LAL,N,13,242,143,8,19,27,15,11,2,26,41,101,57,39,28,3,1
CARLIRI01,1987,Rick,Carlisle,NYK,N,26,204,74,6,7,13,32,11,4,22,39,67,29,11,10,17,6
CARRAN01,1987,Antoine,Carr,ATL,N,80,1483,705,94,195,289,103,38,83,116,272,517,281,182,142,4,1
CARROJO01,1987,Joebarry,Carroll,HOU,N,63,1596,759,110,286,396,94,37,81,121,149,715,323,151,113,1,0
CARROJO01,1987,Joebarry,Carroll,TOT,N,77,2004,976,131,358,489,113,50,106,164,195,924,402,225,172,2,0
CARROJO01,1987,Joebarry,Carroll,GSW,N,14,408,217,21,72,93,19,13,25,43,46,209,79,74,59,1,0
CARTWBI01,1987,Bill,Cartwright,NYK,N,82,1676,914,127,257,384,85,43,43,135,234,528,287,426,340,0,0
CATLETE01,1987,Terry,Catledge,WA1,N,70,1610,746,180,217,397,63,33,9,101,172,585,296,235,154,2,0
CHAMBTO01,1987,Tom,Chambers,SEA,N,82,2680,1674,135,355,490,212,87,53,209,297,1364,611,519,419,109,33
CHEEKMA01,1987,Maurice,Cheeks,PHI,N,79,2871,1086,59,194,253,635,167,22,160,116,865,428,275,227,22,3
COLEMBE01,1987,Ben,Coleman,PHI,N,43,841,296,58,119,177,23,15,25,55,120,213,110,101,76,1,0
COLEMBE01,1987,Ben,Coleman,TOT,N,70,1498,593,116,234,350,62,43,41,127,230,453,226,185,141,3,0
COLEMBE01,1987,Ben,Coleman,NJN,N,27,657,297,58,115,173,39,28,16,72,110,240,116,84,65,2,0
COLEMNO01,1987,Norris,Coleman,LAC,N,29,431,153,36,45,81,13,11,6,16,51,191,66,36,20,2,1
COLTEST01,1987,Steve,Colter,PHI,N,12,152,37,7,11,18,26,6,0,11,20,40,15,9,7,0,0
COLTEST01,1987,Steve,Colter,WA1,N,56,1361,447,51,104,155,235,56,14,77,112,401,188,86,68,10,3
COLTEST01,1987,Steve,Colter,TOT,N,68,1513,484,58,115,173,261,62,14,88,132,441,203,95,75,10,3
COMEGDA01,1987,Dallas,Comegys,NJN,N,75,1122,418,54,164,218,65,36,70,116,175,363,156,150,106,1,0
CONNELE01,1987,Lester,Conner,HOU,N,52,399,132,20,18,38,59,38,1,33,31,108,50,41,32,7,0
COOKJE01,1987,Jeff,Cook,PHO,N,33,359,51,37,69,106,14,9,8,14,64,59,14,28,23,1,0
COOPEMI01,1987,Michael,Cooper,LAL,N,61,1793,532,50,178,228,289,66,26,101,136,482,189,113,97,178,57
COOPEWA01,1987,Wayne,Cooper,DEN,N,45,865,286,98,172,270,30,12,94,59,145,270,118,67,50,1,0
CORBITY01,1987,Tyrone,Corbin,PHO,N,30,591,232,48,82,130,59,30,3,38,53,203,99,40,33,3,1
CORBITY01,1987,Tyrone,Corbin,TOT,N,84,1739,625,127,223,350,115,72,18,104,181,525,257,138,110,6,1
CORBITY01,1987,Tyrone,Corbin,CLE,N,54,1148,393,79,141,220,56,42,15,66,128,322,158,98,77,3,0
CORZIDA01,1987,Dave,Corzine,CHI,N,80,2328,804,170,357,527,154,36,95,109,149,715,344,153,115,9,1
CRITEWI01,1987,Winston,Crite,PHO,N,29,258,87,27,37,64,15,5,8,25,42,68,34,25,19,0,0
CUMMIPA01,1987,Pat,Cummings,NYK,N,62,946,339,82,153,235,37,20,10,65,143,307,140,80,59,1,0
CUMMITE01,1987,Terry,Cummings,MIL,N,76,2629,1621,184,369,553,181,78,46,170,274,1392,675,406,270,3,1
CURETEA01,1987,Earl,Cureton,LAC,N,69,1128,299,97,174,271,63,32,36,58,135,310,133,63,33,3,0
CURRYDE01,1987,Dell,Curry,CLE,N,79,1499,787,43,123,166,149,94,22,108,128,742,340,101,79,81,28
DAILEQU01,1987,Quintin,Dailey,LAC,N,67,1282,901,62,92,154,109,69,4,123,128,755,328,313,243,12,2
DANTLAD01,1987,Adrian,Dantley,DET,N,69,2144,1380,84,143,227,171,39,10,135,144,863,444,572,492,2,0
DAUGHBR01,1987,Brad,Daugherty,CLE,N,79,2957,1480,151,514,665,333,48,56,267,235,1081,551,528,378,2,0
DAVISBR01,1987,Brad,Davis,DAL,N,75,1480,537,18,84,102,303,51,18,91,149,415,208,108,91,74,30
DAVISCH02,1987,Charlie,Davis,MIL,N,5,39,12,1,2,3,3,2,1,5,4,18,6,0,0,2,0
DAVISCH02,1987,Charlie,Davis,SAS,N,16,187,92,15,23,38,17,0,3,13,25,97,42,10,7,15,1
DAVISCH02,1987,Charlie,Davis,TOT,N,21,226,104,16,25,41,20,2,4,18,29,115,48,10,7,17,1
DAVISWA03,1987,Walter,Davis,PHO,N,68,1951,1217,32,127,159,278,86,3,126,131,1031,488,231,205,96,36
DAWKIDA01,1987,Darryl,Dawkins,TOT,N,6,33,10,2,3,5,2,0,2,7,14,9,2,15,6,0,0
DAWKIDA01,1987,Darryl,Dawkins,DET,N,2,7,4,0,0,0,1,0,1,3,4,2,1,3,2,0,0
DAWKIDA01,1987,Darryl,Dawkins,UTA,N,4,26,6,2,3,5,1,0,1,4,10,7,1,12,4,0,0
DAWKIJO01,1987,Johnny,Dawkins,SAS,N,65,2179,1027,66,138,204,480,88,2,154,95,835,405,221,198,61,19
DAYEDA01,1987,Darren,Daye,BOS,N,47,655,283,30,46,76,71,29,4,44,68,217,112,87,59,1,0
DONALJA01,1987,James,Donaldson,DAL,N,81,2523,571,247,508,755,66,40,104,113,175,380,212,189,147,0,0
DONOVBI01,1987,Billy,Donovan,NYK,N,44,364,105,5,20,25,87,16,1,42,33,109,44,21,17,7,0
DREILGR01,1987,Greg,Dreiling,IND,N,20,74,34,3,14,17,5,2,4,11,19,17,8,26,18,0,0
DREWLA01,1987,Larry,Drew,LAC,N,74,2024,765,21,98,119,383,65,0,152,114,720,328,108,83,90,26
DREXLCL01,1987,Clyde,Drexler,POR,N,81,3060,2185,261,272,533,467,203,52,236,250,1679,849,587,476,52,11
DUCKWKE01,1987,Kevin,Duckworth,POR,N,78,2223,1231,224,352,576,66,31,32,177,280,907,450,430,331,0,0
DUDLECH02,1987,Chris,Dudley,CLE,N,55,513,170,74,70,144,23,13,19,31,87,137,65,71,40,0,0
DUMARJO01,1987,Joe,Dumars,DET,N,82,2732,1161,63,137,200,387,87,15,172,155,960,453,308,251,19,4
DUNNTR01,1987,T.r.,Dunn,DEN,N,82,1534,180,110,130,240,87,101,11,26,152,156,70,52,40,1,0
EATONMA01,1987,Mark,Eaton,UTA,N,82,2731,571,230,487,717,55,41,304,131,320,541,226,191,119,0,0
EDWARFR01,1987,Franklin,Edwards,SAC,N,16,414,132,4,15,19,92,10,1,47,10,115,54,32,24,2,0
EDWARJA01,1987,James,Edwards,DET,N,26,328,141,22,55,77,5,2,5,22,57,101,48,61,45,0,0
EDWARJA01,1987,James,Edwards,PHO,N,43,1377,673,97,238,335,73,14,32,108,159,542,254,260,165,1,0
EDWARJA01,1987,James,Edwards,TOT,N,69,1705,814,119,293,412,78,16,37,130,216,643,302,321,210,1,0
EHLOCR01,1987,Craig,Ehlo,CLE,N,79,1709,563,86,188,274,206,82,30,107,182,485,226,132,89,64,22
ELLISDA01,1987,Dale,Ellis,SEA,N,75,2790,1938,167,173,340,197,74,11,172,221,1519,764,395,303,259,107
ENGLECH01,1987,Chris,Engler,NJN,N,54,399,103,32,66,98,15,9,6,29,73,88,36,35,31,0,0
ENGLIAL01,1987,Alex,English,DEN,N,80,2818,2000,166,207,373,377,70,23,181,193,1704,843,379,314,6,0
EVANSMI01,1987,Mike,Evans,DEN,N,56,656,344,9,39,48,81,34,6,43,78,307,139,37,30,91,36
EWINGPA01,1987,Patrick,Ewing,NYK,N,82,2546,1653,245,431,676,125,104,245,287,332,1183,656,476,341,3,0
FARMEJI01,1987,Jim,Farmer,DAL,N,30,157,61,9,9,18,16,3,1,22,18,69,26,10,9,6,0
FEITLDA01,1987,Dave,Feitl,GSW,N,70,1128,458,83,252,335,53,15,9,87,146,404,182,134,94,4,0
FIELDKE01,1987,Kenny,Fields,LAC,N,7,154,52,13,16,29,10,5,2,19,17,36,16,26,20,0,0
FLEMIVE01,1987,Vern,Fleming,IND,N,80,2733,1111,106,258,364,568,115,11,175,225,845,442,283,227,13,0
FLOYDSL01,1987,Sleepy,Floyd,GSW,N,18,680,381,26,65,91,178,27,2,67,46,301,132,139,116,20,1
FLOYDSL01,1987,Sleepy,Floyd,TOT,N,77,2514,1155,77,219,296,544,95,12,223,190,969,420,354,301,72,14
FLOYDSL01,1987,Sleepy,Floyd,HOU,N,59,1834,774,51,154,205,366,68,10,156,144,668,288,215,185,52,13
FRANKTE01,1987,Tellis,Frank,GSW,N,78,1597,634,95,235,330,111,53,23,109,267,565,242,207,150,1,0
FREEWO01,1987,World,Free,HOU,N,58,682,374,14,30,44,60,20,3,49,74,350,143,100,80,35,8
GAMBLKE01,1987,Kevin,Gamble,POR,N,9,19,0,2,1,3,1,2,0,2,2,3,0,0,0,1,0
GARLAWI01,1987,Winston,Garland,GSW,N,67,2122,831,68,159,227,429,116,7,167,188,775,340,157,138,39,13
GILLIAR01,1987,Armen,Gilliam,PHO,N,55,1807,815,134,300,434,72,58,29,123,143,720,342,193,131,0,0
GILMOAR01,1987,Artis,Gilmore,CHI,N,24,372,101,15,48,63,9,5,12,28,54,80,41,37,19,0,0
GILMOAR01,1987,Artis,Gilmore,BOS,N,47,521,164,54,94,148,12,10,18,39,94,101,58,91,48,0,0
GILMOAR01,1987,Artis,Gilmore,TOT,N,71,893,265,69,142,211,21,15,30,67,148,181,99,128,67,0,0
GMINSMI01,1987,Mike,Gminski,TOT,N,81,2961,1365,245,569,814,139,64,118,177,176,1126,505,392,355,2,0
GMINSMI01,1987,Mike,Gminski,NJN,N,34,1194,573,82,238,320,55,28,33,83,78,474,215,166,143,2,0
GMINSMI01,1987,Mike,Gminski,PHI,N,47,1767,792,163,331,494,84,36,85,94,98,652,290,226,212,0,0
GORDOLA01,1987,Lancaster,Gordon,LAC,N,8,65,28,2,2,4,7,1,2,4,8,31,11,6,6,0,0
GRANTHO01,1987,Horace,Grant,CHI,N,81,1827,622,155,292,447,89,51,53,86,221,507,254,182,114,2,0
GRAYST01,1987,Stuart,Gray,IND,N,74,807,224,70,180,250,44,11,32,50,152,193,90,73,44,1,0
GREENAC01,1987,A.c.,Green,LAL,N,82,2636,937,245,465,710,93,87,45,120,204,640,322,379,293,2,0
GREENDA01,1987,David,Greenwood,SAS,N,45,1236,385,92,208,300,97,33,22,74,134,328,151,111,83,2,0
GREENRI01,1987,Rickey,Green,UTA,N,81,1116,393,14,66,80,300,57,1,94,83,370,157,83,75,19,4
GREENSI02,1987,Sidney,Green,NYK,N,82,2049,642,221,421,642,93,65,32,148,318,585,258,190,126,2,0
GREGOCL01,1987,Claude,Gregory,LAC,N,23,313,134,37,58,95,16,9,13,22,37,134,61,36,12,1,0
GRIFFDA01,1987,Darrell,Griffith,UTA,N,52,1052,589,36,91,127,91,52,5,67,102,585,251,92,59,102,28
GUDMUPE01,1987,Petur,Gudmundsson,SAS,N,69,1017,395,93,230,323,86,18,61,103,197,280,139,145,117,1,0
HANSEBO01,1987,Bob,Hansen,UTA,N,81,1796,777,64,123,187,175,65,5,91,193,611,316,152,113,97,32
HANZLBI01,1987,Bill,Hanzlik,DEN,N,77,1334,350,39,132,171,166,64,17,95,185,287,109,163,129,16,3
HARPEDE01,1987,Derek,Harper,DAL,N,82,3032,1393,71,175,246,634,168,35,190,164,1167,536,344,261,192,60
HARPERO01,1987,Ron,Harper,CLE,N,57,1830,879,64,159,223,281,122,52,158,157,732,340,278,196,20,3
HARRIST01,1987,Steve,Harris,GSW,N,44,885,452,41,64,105,70,42,6,50,74,401,189,97,74,6,0
HARRIST01,1987,Steve,Harris,HOU,N,14,199,83,12,9,21,17,8,2,6,15,86,34,16,15,1,0
HARRIST01,1987,Steve,Harris,TOT,N,58,1084,535,53,73,126,87,50,8,56,89,487,223,113,89,7,0
HASTISC01,1987,Scott,Hastings,ATL,N,55,403,110,27,70,97,16,8,10,14,67,82,40,27,25,12,5
HENDEDA01,1987,Dave,Henderson,PHI,N,22,351,126,11,24,35,34,12,5,40,41,116,47,47,32,1,0
HENDEGE01,1987,Gerald,Henderson,NYK,N,6,69,14,1,9,10,13,2,0,8,14,14,5,2,2,4,2
HENDEGE01,1987,Gerald,Henderson,TOT,N,75,1505,595,27,80,107,231,69,5,133,187,453,194,170,138,163,69
HENDEGE01,1987,Gerald,Henderson,PHI,N,69,1436,581,26,71,97,218,67,5,125,173,439,189,168,136,159,67
HENDEKE01,1987,Kevin,Henderson,GSW,N,12,170,48,6,11,17,21,8,0,15,24,48,19,14,10,1,0
HENDEKE01,1987,Kevin,Henderson,TOT,N,17,190,57,9,12,21,23,8,0,17,26,53,21,26,15,1,0
HENDEKE01,1987,Kevin,Henderson,CLE,N,5,20,9,3,1,4,2,0,0,2,2,5,2,12,5,0,0
HENRYCO01,1987,Conner,Henry,MIL,N,14,145,32,5,14,19,29,4,1,14,11,41,13,7,4,6,2
HENRYCO01,1987,Conner,Henry,TOT,N,39,433,183,13,36,49,67,12,5,39,37,150,62,47,39,45,20
HENRYCO01,1987,Conner,Henry,BOS,N,10,81,34,2,8,10,12,1,1,9,11,28,11,10,9,8,3
HENRYCO01,1987,Conner,Henry,SAC,N,15,207,117,6,14,20,26,7,3,16,15,81,38,30,26,31,15
HIGGIRO01,1987,Rod,Higgins,GSW,N,68,2188,1054,94,199,293,188,70,31,111,188,725,381,322,273,39,19
HINSORO01,1987,Roy,Hinson,PHI,N,29,845,335,53,116,169,27,24,68,63,90,272,123,124,89,1,0
HINSORO01,1987,Roy,Hinson,NJN,N,48,1747,843,106,242,348,72,45,72,106,185,658,330,227,183,1,0
HINSORO01,1987,Roy,Hinson,TOT,N,77,2592,1178,159,358,517,99,69,140,169,275,930,453,351,272,2,0
HODGECR01,1987,Craig,Hodges,TOT,N,66,1445,629,19,59,78,153,46,2,77,118,523,242,71,59,175,86
HODGECR01,1987,Craig,Hodges,MIL,N,43,983,397,12,34,46,109,30,0,49,80,345,155,39,32,118,55
HODGECR01,1987,Craig,Hodges,PHO,N,23,462,232,7,25,32,44,16,2,28,38,178,87,32,27,57,31
HOLTOMI01,1987,Michael,Holton,POR,N,82,1279,436,50,99,149,211,41,10,86,154,353,163,129,107,15,3
HOPPEDA01,1987,Dave,Hoppen,MIL,N,3,35,11,4,3,7,2,0,0,2,3,11,4,3,3,0,0
HOPPEDA01,1987,Dave,Hoppen,GSW,N,36,607,211,54,113,167,30,13,6,35,84,172,80,59,51,1,0
HOPPEDA01,1987,Dave,Hoppen,TOT,N,39,642,222,58,116,174,32,13,6,37,87,183,84,62,54,1,0
HOPSODE01,1987,Dennis,Hopson,NJN,N,61,1365,587,63,80,143,118,57,25,119,145,549,222,177,131,45,12
HORNAJE01,1987,Jeff,Hornacek,PHO,N,82,2243,781,71,191,262,540,107,10,156,151,605,306,185,152,58,17
HUBBAPH01,1987,Phil,Hubbard,CLE,N,78,1631,656,117,164,281,81,50,7,118,167,485,237,243,182,5,0
HUGHEED01,1987,Eddie,Hughes,UTA,N,11,42,17,3,1,4,8,0,0,6,5,13,5,6,6,6,1
HUMPHJA01,1987,Jay,Humphries,MIL,N,18,252,49,5,18,23,41,20,1,19,23,54,20,14,9,2,0
HUMPHJA01,1987,Jay,Humphries,TOT,N,68,1809,683,49,125,174,395,81,5,127,177,538,284,153,112,18,3
HUMPHJA01,1987,Jay,Humphries,PHO,N,50,1557,634,44,107,151,354,61,4,108,154,484,264,139,103,16,3
IAVARMA01,1987,Marc,Iavaroni,UTA,N,81,1238,364,94,174,268,67,23,25,83,162,308,143,99,78,2,0
JACKSMA01,1987,Mark,Jackson,NYK,N,82,3249,1114,120,276,396,868,205,6,258,244,1013,438,266,206,126,32
JACKSMI02,1987,Michael,Jackson,SAC,N,58,760,157,17,42,59,179,20,5,58,81,171,64,32,23,25,6
JOHNSBU01,1987,Buck,Johnson,HOU,N,70,879,378,77,91,168,49,30,26,54,127,298,155,91,67,8,1
JOHNSCL01,1987,Clemon,Johnson,SEA,N,74,723,120,66,108,174,17,13,24,29,104,105,49,32,22,0,0
JOHNSDE01,1987,Dennis,Johnson,BOS,N,77,2670,971,62,178,240,598,93,29,195,204,803,352,298,255,46,12
JOHNSED03,1987,Eddie,Johnson,PHO,N,73,2177,1294,121,197,318,180,33,9,139,190,1110,533,240,204,94,24
JOHNSFR01,1987,Frank,Johnson,WA1,N,75,1258,554,39,82,121,188,70,4,99,120,498,216,149,121,9,1
JOHNSKA01,1987,Kannard,Johnson,CLE,N,4,12,2,0,0,0,0,1,0,2,1,3,1,0,0,0,0
JOHNSKE01,1987,Kevin,Johnson,PHO,N,28,874,352,26,93,119,244,43,7,64,59,285,132,99,85,15,3
JOHNSKE01,1987,Kevin,Johnson,CLE,N,52,1043,380,10,62,72,193,60,17,82,96,311,143,112,92,9,2
JOHNSKE01,1987,Kevin,Johnson,TOT,N,80,1917,732,36,155,191,437,103,24,146,155,596,275,211,177,24,5
JOHNSMA01,1987,Magic,Johnson,LAL,N,72,2637,1408,88,361,449,858,114,13,269,147,996,490,489,417,56,11
JOHNSST01,1987,Steve,Johnson,POR,N,43,1050,662,84,158,242,57,17,32,122,151,488,258,249,146,1,0
JOHNSVI01,1987,Vinnie,Johnson,DET,N,82,1935,1002,90,141,231,267,58,18,152,164,959,425,217,147,24,5
JONESCA01,1987,Caldwell,Jones,POR,N,79,1778,334,105,303,408,81,29,99,82,251,263,128,106,78,4,0
JONESCH01,1987,Charles,Jones,WA1,N,69,1313,197,106,219,325,59,53,113,57,226,177,72,75,53,1,0
JONESCH03,1987,Charles,Jones,POR,N,37,186,51,11,20,31,8,3,6,12,28,40,16,33,19,1,0
JORDAMI01,1987,Michael,Jordan,CHI,N,82,3311,2868,139,310,449,485,259,131,252,270,1998,1069,860,723,53,7
KERSEJE01,1987,Jerome,Kersey,POR,N,79,2888,1516,211,446,657,243,127,65,161,302,1225,611,396,291,15,3
KINGAL01,1987,Albert,King,PHI,N,72,1593,517,71,145,216,109,39,18,93,219,540,211,103,78,49,17
KINGBE01,1987,Bernard,King,WA1,N,69,2044,1188,86,194,280,192,49,10,211,202,938,470,324,247,6,1
KITEGR01,1987,Greg,Kite,BOS,N,13,86,19,10,14,24,2,3,8,9,16,23,9,6,1,0,0
KITEGR01,1987,Greg,Kite,LAC,N,40,977,205,75,165,240,45,16,50,64,137,182,83,73,39,1,0
KITEGR01,1987,Greg,Kite,TOT,N,53,1063,224,85,179,264,47,19,58,73,153,205,92,79,40,1,0
KLEINJO01,1987,Joe,Kleine,SAC,N,82,1999,801,179,400,579,93,28,59,107,228,686,324,188,153,0,0
KOFOEBA01,1987,Bart,Kofoed,UTA,N,36,225,46,4,11,15,23,6,1,18,42,48,18,13,8,7,2
KONCAJO01,1987,Jon,Koncak,ATL,N,49,1073,279,103,230,333,19,36,56,53,161,203,98,136,83,2,0
KRYSTLA01,1987,Larry,Krystkowiak,MIL,N,50,1050,359,88,143,231,50,18,8,57,137,266,128,127,103,3,0
LAIMBBI01,1987,Bill,Laimbeer,DET,N,82,2897,1110,165,667,832,199,66,78,136,284,923,455,214,187,39,13
LAMPJE01,1987,Jeff,Lamp,LAL,N,3,7,2,0,0,0,0,0,0,0,1,0,0,2,2,0,0
LEAVEAL01,1987,Allen,Leavell,HOU,N,80,2150,819,22,126,148,405,124,9,130,162,666,291,251,218,88,19
LEVERLA01,1987,Lafayette,Lever,DEN,N,82,3061,1546,203,462,665,639,223,21,182,214,1360,643,316,248,57,12
LEVINCL01,1987,Cliff,Levingston,ATL,N,82,2135,819,228,276,504,71,52,84,94,287,564,314,246,190,2,1
LEWISRA02,1987,Ralph,Lewis,DET,N,50,310,83,17,34,51,14,13,4,19,36,87,27,48,29,1,0
LEWISRE01,1987,Reggie,Lewis,BOS,N,49,405,220,28,35,63,26,16,15,30,54,193,90,57,40,4,0
LISTEAL01,1987,Alton,Lister,SEA,N,82,1812,461,200,427,627,58,27,140,90,319,343,173,188,114,2,1
LOHAUBR01,1987,Brad,Lohaus,BOS,N,70,718,297,46,92,138,49,20,41,59,123,246,122,62,50,13,3
LONGJO01,1987,John,Long,IND,N,81,2022,1034,72,157,229,173,84,11,127,164,879,417,183,166,77,34
LUCASJO01,1987,John,Lucas,MIL,N,81,1766,743,29,130,159,392,88,3,125,102,631,281,162,130,151,51
LUCASMA01,1987,Maurice,Lucas,POR,N,73,1191,445,101,214,315,94,33,10,73,188,373,168,148,109,3,0
MAHORRI01,1987,Rick,Mahorn,DET,N,67,1963,717,159,406,565,60,43,42,119,262,481,276,217,164,2,1
MALONJE01,1987,Jeff,Malone,WA1,N,80,2655,1641,44,162,206,237,51,13,172,198,1360,648,380,335,24,10
MALONKA01,1987,Karl,Malone,UTA,N,82,3198,2268,277,709,986,199,117,50,325,296,1650,858,789,552,5,0
MALONMO01,1987,Moses,Malone,WA1,N,79,2692,1607,372,512,884,112,59,72,249,160,1090,531,689,543,7,2
MANNIPA01,1987,Pace,Mannion,MIL,N,35,477,123,17,34,51,55,13,7,24,53,118,48,37,25,12,2
MARTIBI01,1987,Bill,Martin,PHO,N,10,101,40,9,18,27,6,5,0,9,16,51,16,13,8,1,0
MARTIMO01,1987,Mo,Martin,DEN,N,26,136,57,13,11,24,14,6,3,10,21,61,23,21,10,4,1
MATTHWE01,1987,Wes,Matthews,LAL,N,51,706,289,16,50,66,138,25,3,69,65,248,114,65,54,30,7
MAXWECE01,1987,Cedric,Maxwell,HOU,N,71,848,270,74,105,179,60,22,12,54,75,171,80,143,110,2,0
MCCORTI01,1987,Tim,Mccormick,TOT,N,70,2114,841,146,321,467,118,32,23,111,234,648,348,215,145,2,0
MCCORTI01,1987,Tim,Mccormick,PHI,N,23,601,179,49,95,144,26,14,8,35,75,138,71,53,37,0,0
MCCORTI01,1987,Tim,Mccormick,NJN,N,47,1513,662,97,226,323,92,18,15,76,159,510,277,162,108,2,0
MCCRARO01,1987,Rodney,Mccray,HOU,N,81,2689,1006,232,399,631,264,57,51,144,166,746,359,367,288,4,0
MCDANXA01,1987,Xavier,Mcdaniel,SEA,N,78,2703,1669,206,312,518,263,96,52,223,230,1407,687,393,281,50,14
MCDONBE01,1987,Ben,Mcdonald,GSW,N,81,2039,612,133,202,335,138,39,8,93,246,552,258,111,87,35,9
MCGEEMI01,1987,Mike,Mcgee,ATL,N,11,117,51,4,12,16,13,5,0,7,6,52,22,6,2,19,5
MCGEEMI01,1987,Mike,Mcgee,SAC,N,37,886,524,51,61,112,58,47,6,58,75,478,201,96,74,141,48
MCGEEMI01,1987,Mike,Mcgee,TOT,N,48,1003,575,55,73,128,71,52,6,65,81,530,223,102,76,160,53
MCHALKE01,1987,Kevin,Mchale,BOS,N,64,2390,1446,159,377,536,171,27,92,141,179,911,550,434,346,0,0
MCKENKE01,1987,Kevin,Mckenna,NJN,N,31,393,126,4,27,31,40,15,2,19,55,109,43,25,24,50,16
MCKEYDE01,1987,Derrick,Mckey,SEA,N,82,1706,694,115,213,328,107,70,63,108,237,519,255,224,173,30,11
MCMILNA01,1987,Nate,Mcmillan,SEA,N,82,2453,624,117,221,338,702,169,47,189,238,496,235,205,145,24,9
MCNAMMA01,1987,Mark,Mcnamara,PHI,N,42,581,152,66,91,157,18,4,12,26,67,133,52,66,48,0,0
MCNEACH01,1987,Chris,Mcnealy,NYK,N,19,265,67,24,40,64,23,16,2,17,50,74,23,31,21,0,0
MILLERE01,1987,Reggie,Miller,IND,N,82,1840,822,95,95,190,132,53,19,101,157,627,306,186,149,172,61
MINNIDI01,1987,Dirk,Minniefield,GSW,N,11,202,65,8,13,21,38,15,0,16,26,48,25,23,14,5,1
MINNIDI01,1987,Dirk,Minniefield,TOT,N,72,1070,261,30,66,96,228,59,3,93,133,221,108,55,41,16,4
MINNIDI01,1987,Dirk,Minniefield,BOS,N,61,868,196,22,53,75,190,44,3,77,107,173,83,32,27,11,3
MITCHMI01,1987,Mike,Mitchell,SAS,N,68,1501,919,54,144,198,68,31,13,52,101,784,378,194,160,12,3
MOKESPA01,1987,Paul,Mokeski,MIL,N,60,848,251,70,151,221,22,27,29,49,194,210,100,72,51,4,0
MONCRSI01,1987,Sidney,Moncrief,MIL,N,56,1428,603,58,122,180,204,41,12,86,109,444,217,196,164,31,5
MOOREAN01,1987,Andre,Moore,MIL,N,3,16,4,1,1,2,1,0,0,1,2,3,2,2,0,0,0
MOOREAN01,1987,Andre,Moore,TOT,N,10,50,24,6,8,14,6,2,1,4,6,27,9,8,6,0,0
MOOREAN01,1987,Andre,Moore,DEN,N,7,34,20,5,7,12,5,2,1,3,4,24,7,6,6,0,0
MOOREJO01,1987,Johnny,Moore,NJN,N,1,10,0,0,1,1,1,0,0,3,0,1,0,0,0,0,0
MOOREJO01,1987,Johnny,Moore,SAS,N,4,51,8,1,3,4,11,3,0,4,1,9,4,0,0,1,0
MOOREJO01,1987,Johnny,Moore,TOT,N,5,61,8,1,4,5,12,3,0,7,1,10,4,0,0,1,0
MOORERO01,1987,Ron,Moore,TOT,N,14,59,24,2,6,8,1,5,0,4,21,29,9,8,6,0,0
MOORERO01,1987,Ron,Moore,PHO,N,5,34,14,0,6,6,0,3,0,1,13,16,5,4,4,0,0
MOORERO01,1987,Ron,Moore,DET,N,9,25,10,2,0,2,1,2,0,3,8,13,4,4,2,0,0
MULLICH01,1987,Chris,Mullin,GSW,N,60,2033,1213,58,147,205,290,113,32,156,136,926,470,270,239,97,34
MURPHJA01,1987,Jay,Murphy,WA1,N,9,46,20,4,12,16,1,0,0,5,5,23,8,5,4,0,0
MURPHRO01,1987,Ronnie,Murphy,POR,N,18,89,36,5,6,11,6,5,1,8,14,49,14,11,7,4,1
MURPHTO01,1987,Tod,Murphy,LAC,N,1,19,5,1,1,2,2,1,0,0,2,1,1,4,3,0,0
MYERSPE01,1987,Pete,Myers,SAS,N,22,328,112,11,26,37,48,17,6,33,30,95,43,39,26,4,0
NANCELA01,1987,Larry,Nance,CLE,N,27,906,437,74,139,213,84,18,63,49,90,304,160,141,117,1,0
NANCELA01,1987,Larry,Nance,PHO,N,40,1477,843,119,275,394,123,45,96,106,152,616,327,249,187,5,2
NANCELA01,1987,Larry,Nance,TOT,N,67,2383,1280,193,414,607,207,63,159,155,242,920,487,390,304,6,2
NATTCA01,1987,Calvin,Natt,DEN,N,27,533,258,35,61,96,47,13,3,30,43,208,102,73,54,1,0
NEALYED01,1987,Ed,Nealy,SAS,N,68,837,142,82,140,222,49,29,5,27,94,109,50,63,41,2,1
NESSLMA01,1987,Martin,Nessley,TOT,N,44,336,48,23,59,82,16,8,12,23,89,52,20,18,8,0,0
NESSLMA01,1987,Martin,Nessley,SAC,N,9,41,5,3,6,9,0,1,1,2,11,3,2,4,1,0,0
NESSLMA01,1987,Martin,Nessley,LAC,N,35,295,43,20,53,73,16,7,11,21,78,49,18,14,7,0,0
NEVITCH01,1987,Chuck,Nevitt,DET,N,17,63,17,4,14,18,0,1,5,2,12,21,7,6,3,0,0
NEWMAJO01,1987,Johnny,Newman,NYK,N,77,1589,773,87,72,159,62,72,11,103,204,620,270,246,207,93,26
NIMPHKU01,1987,Kurt,Nimphius,SAS,N,72,919,316,62,91,153,53,22,56,49,141,257,128,83,60,1,0
NORMAKE01,1987,Ken,Norman,LAC,N,66,1435,569,100,163,263,78,44,34,103,123,500,241,170,87,10,0
OAKLECH01,1987,Charles,Oakley,CHI,N,82,2816,1014,326,740,1066,248,68,28,241,272,776,375,359,261,12,3
OKORMI01,1987,Mike,O'koren,NJN,N,4,52,18,1,3,4,2,3,2,0,2,16,9,4,0,1,0
OLAJUHA01,1987,Hakeem,Olajuwon,HOU,N,79,2825,1805,302,657,959,163,162,214,243,324,1385,712,548,381,4,0
OLDHAJA01,1987,Jawann,Oldham,SAC,N,54,946,297,82,222,304,33,12,110,62,143,250,119,87,59,0,0
ORRLO01,1987,Louis,Orr,NYK,N,29,180,40,13,21,34,9,6,0,14,27,50,16,16,8,1,0
PARISRO01,1987,Robert,Parish,BOS,N,74,2312,1061,173,455,628,115,55,84,154,198,750,442,241,177,1,0
PAXSOJI01,1987,Jim,Paxson,POR,N,17,263,103,8,10,18,27,7,1,11,29,107,43,18,14,8,3
PAXSOJI01,1987,Jim,Paxson,BOS,N,28,538,244,7,20,27,49,23,4,28,44,191,94,61,54,13,2
PAXSOJI01,1987,Jim,Paxson,TOT,N,45,801,347,15,30,45,76,30,5,39,73,298,137,79,68,21,5
PAXSOJO01,1987,John,Paxson,CHI,N,81,1888,640,16,88,104,303,49,1,64,154,582,287,45,33,95,33
PERKISA01,1987,Sam,Perkins,DAL,N,75,2499,1066,201,400,601,118,74,54,119,227,876,394,332,273,30,5
PERSOCH01,1987,Chuck,Person,IND,N,79,2807,1341,171,365,536,309,73,8,210,266,1252,575,197,132,177,59
PETERJI01,1987,Jim,Petersen,HOU,N,69,1793,613,145,291,436,106,36,40,119,203,488,249,153,114,6,1
PHELPMI01,1987,Mike,Phelps,LAC,N,2,23,9,0,2,2,3,5,0,2,1,7,3,4,3,0,0
PIERCRI01,1987,Ricky,Pierce,MIL,N,37,965,606,30,53,83,73,21,7,57,94,486,248,122,107,14,3
PINCKED01,1987,Ed,Pinckney,SAC,N,79,1177,491,94,136,230,66,39,32,77,118,343,179,178,133,2,0
PIPPESC01,1987,Scottie,Pippen,CHI,N,79,1650,625,115,183,298,169,91,52,131,214,564,261,172,99,23,4
POLYNOL01,1987,Olden,Polynice,SEA,N,82,1080,337,122,208,330,33,32,26,81,215,254,118,158,101,2,0
PORTETE01,1987,Terry,Porter,POR,N,82,2991,1222,65,313,378,831,150,16,244,204,890,462,324,274,69,24
PRESSHA01,1987,Harold,Pressley,SAC,N,80,2029,775,139,230,369,185,84,55,135,211,702,318,130,103,110,36
PRESSPA01,1987,Paul,Pressey,MIL,N,75,2484,983,130,245,375,523,112,34,198,233,702,345,357,285,39,8
PRICEMA01,1987,Mark,Price,CLE,N,80,2626,1279,54,126,180,480,99,12,184,119,974,493,252,221,148,72
RAMBIKU01,1987,Kurt,Rambis,LAL,N,70,845,277,103,165,268,54,39,13,59,103,186,102,93,73,0,0
RASMUBL01,1987,Blair,Rasmussen,DEN,N,79,1779,1002,130,307,437,78,22,81,73,241,884,435,170,132,0,0
REIDRO01,1987,Robert,Reid,HOU,N,62,980,393,38,87,125,67,27,5,41,118,356,165,63,50,34,13
RELLFRI01,1987,Richard,Rellford,SAS,N,4,42,16,2,5,7,1,0,3,4,3,8,5,8,6,0,0
REYNOJE01,1987,Jerry,Reynolds,MIL,N,62,1161,498,70,90,160,104,74,32,104,97,419,188,154,119,7,3
RIVERDO01,1987,Doc,Rivers,ATL,N,80,2502,1134,83,283,366,747,140,41,210,272,890,403,421,319,33,9
ROBERAL01,1987,Alvin,Robertson,SAS,N,82,2978,1610,165,333,498,557,243,69,251,300,1408,655,365,273,95,27
ROBERFR01,1987,Fred,Roberts,BOS,N,74,1032,450,60,102,162,81,16,15,68,118,330,161,165,128,6,0
ROBINCL01,1987,Cliff,Robinson,PHI,N,62,2110,1178,116,289,405,131,79,39,161,192,1041,483,293,210,9,2
RODMADE01,1987,Dennis,Rodman,DET,N,82,2147,953,318,397,715,110,75,45,156,273,709,398,284,152,17,5
ROGERJO01,1987,Johnny,Rogers,CLE,N,24,168,62,8,19,27,3,4,3,10,23,61,26,13,10,2,0
ROLLITR01,1987,Tree,Rollins,ATL,N,76,1765,336,142,317,459,20,31,132,51,229,260,133,80,70,0,0
ROTHSC01,1987,Scott,Roth,UTA,N,26,201,84,7,21,28,16,12,0,11,37,74,30,30,22,11,2
ROWSOBR01,1987,Brian,Rowsom,IND,N,4,16,6,1,4,5,1,1,0,1,3,6,0,6,6,0,0
RUSSEWA01,1987,Walker,Russell,DET,N,1,1,0,0,0,0,1,0,0,0,0,1,0,0,0,1,0
SALLEJO01,1987,John,Salley,DET,N,82,2003,701,166,236,402,113,53,137,120,294,456,258,261,185,0,0
SAMPSRA01,1987,Ralph,Sampson,HOU,N,19,705,303,58,114,172,37,17,33,62,63,271,119,85,63,6,2
SAMPSRA01,1987,Ralph,Sampson,TOT,N,48,1663,749,140,322,462,122,41,88,171,164,682,299,196,149,11,2
SAMPSRA01,1987,Ralph,Sampson,GSW,N,29,958,446,82,208,290,85,24,55,109,101,411,180,111,86,5,0
SANDEMI01,1987,Mike,Sanders,CLE,N,24,417,162,10,37,47,26,13,5,23,58,132,71,23,20,0,0
SANDEMI01,1987,Mike,Sanders,TOT,N,59,883,365,38,71,109,56,31,9,50,131,303,153,76,59,1,0
SANDEMI01,1987,Mike,Sanders,PHO,N,35,466,203,28,34,62,30,18,4,27,73,171,82,53,39,1,0
SCHAYDA01,1987,Danny,Schayes,DEN,N,81,2166,1129,200,462,662,106,62,92,155,323,668,361,487,407,2,0
SCHOERU01,1987,Russ,Schoene,SEA,N,81,973,484,78,120,198,53,39,13,57,151,454,208,63,51,58,17
SCHREDE01,1987,Detlef,Schrempf,DAL,N,82,1587,698,102,177,279,159,42,32,108,189,539,246,266,201,32,5
SCOTTBY01,1987,Byron,Scott,LAL,N,81,3048,1754,76,257,333,335,155,27,161,204,1348,710,317,272,179,62
SCURRCA01,1987,Carey,Scurry,TOT,N,33,455,140,30,54,84,50,49,23,43,81,118,55,39,27,8,3
SCURRCA01,1987,Carey,Scurry,UTA,N,29,447,138,29,52,81,49,47,22,41,78,116,54,39,27,8,3
SCURRCA01,1987,Carey,Scurry,NYK,N,4,8,2,1,2,3,1,2,1,2,3,2,1,0,0,0,0
SELLEBR01,1987,Brad,Sellers,CHI,N,82,2212,777,107,143,250,141,34,66,91,174,714,326,157,124,7,1
SHORTPU01,1987,Purvis,Short,HOU,N,81,1949,1159,71,151,222,162,58,14,118,197,986,474,240,206,21,5
SICHTJE01,1987,Jerry,Sichting,BOS,N,24,370,98,5,16,21,60,14,0,14,30,82,44,12,8,8,2
SICHTJE01,1987,Jerry,Sichting,TOT,N,52,694,213,9,27,36,93,21,0,22,60,172,93,23,17,22,10
SICHTJE01,1987,Jerry,Sichting,POR,N,28,324,115,4,11,15,33,7,0,8,30,90,49,11,9,14,8
SIKMAJA01,1987,Jack,Sikma,MIL,N,82,2923,1352,195,514,709,279,93,80,157,316,1058,514,348,321,14,3
SKILESC01,1987,Scott,Skiles,IND,N,51,760,223,11,55,66,180,22,3,76,97,209,86,54,45,20,6
SMITHDE01,1987,Derek,Smith,SAC,N,35,899,443,35,68,103,89,21,17,48,108,364,174,113,87,23,8
SMITHKE01,1987,Kenny,Smith,SAC,N,61,2170,841,40,98,138,434,92,8,184,140,694,331,204,167,39,12
SMITHLA01,1987,Larry,Smith,GSW,N,20,499,127,79,103,182,25,12,11,36,63,123,58,27,11,1,0
SMITHOT01,1987,Otis,Smith,DEN,N,15,191,95,16,14,30,11,5,6,12,23,93,37,28,21,0,0
SMITHOT01,1987,Otis,Smith,GSW,N,57,1358,746,110,107,217,144,86,36,95,137,569,288,201,157,41,13
SMITHOT01,1987,Otis,Smith,TOT,N,72,1549,841,126,121,247,155,91,42,107,160,662,325,229,178,41,13
SMREKMI01,1987,Mike,Smrek,LAL,N,48,421,132,27,58,85,8,7,42,30,105,103,44,66,44,0,0
SPARRRO01,1987,Rory,Sparrow,NYK,N,3,52,10,1,1,2,5,4,0,6,7,19,5,0,0,1,0
SPARRRO01,1987,Rory,Sparrow,TOT,N,58,1044,260,15,57,72,167,41,3,58,79,293,117,33,24,13,2
SPARRRO01,1987,Rory,Sparrow,CHI,N,55,992,250,14,56,70,162,37,3,52,72,274,112,33,24,12,2
STIPAST01,1987,Steve,Stipanovich,IND,N,80,2692,1079,157,505,662,183,90,69,156,302,828,411,314,254,15,3
STOCKJO01,1987,John,Stockton,UTA,N,82,2842,1204,54,183,237,1128,242,16,262,247,791,454,324,272,67,24
STROEJO01,1987,John,Stroeder,MIL,N,41,271,78,24,47,71,20,3,12,24,48,79,29,30,20,2,0
SUNDVJO01,1987,Jon,Sundvold,SAS,N,52,1024,421,14,34,48,183,27,2,57,54,379,176,48,43,64,26
TARPLRO01,1987,Roy,Tarpley,DAL,N,81,2307,1093,360,599,959,86,103,86,172,313,888,444,277,205,5,0
TEAGLTE01,1987,Terry,Teagle,GSW,N,47,958,594,41,40,81,61,32,4,80,95,546,248,121,97,9,1
THEUSRE01,1987,Reggie,Theus,SAC,N,73,2653,1574,72,160,232,463,59,16,234,173,1318,619,385,320,59,16
THOMAIS01,1987,Isiah,Thomas,DET,N,81,2927,1577,64,214,278,678,141,17,273,217,1341,621,394,305,97,30
THOMPBE01,1987,Bernard,Thompson,PHO,N,37,566,191,40,36,76,51,21,1,21,75,159,74,60,43,2,0
THOMPBI01,1987,Billy,Thompson,LAL,N,9,38,14,2,7,9,1,1,0,6,11,13,3,10,8,0,0
THOMPLA01,1987,Lasalle,Thompson,SAC,N,69,1257,550,138,289,427,68,54,73,109,217,456,215,164,118,5,2
THOMPMY01,1987,Mychal,Thompson,LAL,N,80,2007,925,198,291,489,66,38,79,113,251,722,370,292,185,3,0
THORNBO01,1987,Bob,Thornton,NYK,N,7,85,17,5,8,13,4,2,0,8,23,19,6,8,5,0,0
THORNBO01,1987,Bob,Thornton,PHI,N,41,508,147,41,58,99,11,9,3,27,80,111,59,47,29,2,0
THORNBO01,1987,Bob,Thornton,TOT,N,48,593,164,46,66,112,15,11,3,35,103,130,65,55,34,2,0
THORPOT01,1987,Otis,Thorpe,SAC,N,82,3072,1704,279,558,837,266,62,56,228,264,1226,622,609,460,6,0
THREASE01,1987,Sedale,Threatt,SEA,N,26,354,194,11,22,33,53,33,5,19,29,162,84,30,25,7,1
THREASE01,1987,Sedale,Threatt,TOT,N,71,1055,492,23,65,88,160,60,8,63,100,425,216,71,57,27,3
THREASE01,1987,Sedale,Threatt,CHI,N,45,701,298,12,43,55,107,27,3,44,71,263,132,41,32,20,2
TISDAWA01,1987,Wayman,Tisdale,IND,N,79,2378,1268,168,323,491,103,54,34,145,274,998,511,314,246,2,0
TOLBERA01,1987,Ray,Tolbert,NYK,N,11,177,47,14,21,35,5,5,2,10,25,41,19,17,9,0,0
TOLBERA01,1987,Ray,Tolbert,TOT,N,25,259,89,23,32,55,10,8,5,21,39,69,35,30,19,0,0
TOLBERA01,1987,Ray,Tolbert,LAL,N,14,82,42,9,11,20,5,3,3,11,14,28,16,13,10,0,0
TONEYAN01,1987,Andrew,Toney,PHI,N,29,522,211,8,39,47,108,11,6,50,35,171,72,72,58,27,9
TONEYSE01,1987,Sedric,Toney,NYK,N,21,139,57,3,5,8,24,9,1,12,20,48,21,11,10,14,5
TRIPUKE01,1987,Kelly,Tripucka,UTA,N,49,976,368,30,87,117,105,34,4,68,68,303,139,68,59,74,31
TUCKETR01,1987,Trent,Tucker,NYK,N,71,1248,506,32,87,119,117,53,6,47,158,455,193,71,51,167,69
TURNEAN01,1987,Andre,Turner,HOU,N,12,99,35,4,4,8,23,7,1,12,13,34,12,14,10,7,1
TURNEEL01,1987,Elston,Turner,CHI,N,17,98,17,8,2,10,9,8,0,10,5,30,8,2,1,0,0
TURPIME01,1987,Mel,Turpin,UTA,N,79,1011,470,88,148,236,32,26,68,71,157,389,199,98,71,3,1
TYLERTE01,1987,Terry,Tyler,SAC,N,74,1185,410,87,155,242,56,43,47,43,85,407,184,64,41,7,1
VALENDA01,1987,Darnell,Valentine,LAC,N,79,1636,562,37,119,156,382,122,8,148,135,533,223,136,101,33,15
VANDEKI01,1987,Kiki,Vandeweghe,POR,N,37,1038,747,36,73,109,71,21,7,48,68,557,283,181,159,58,22
VINCEJA01,1987,Jay,Vincent,DEN,N,73,1755,1124,80,229,309,143,46,26,137,198,958,446,287,231,4,1
VINCESA01,1987,Sam,Vincent,TOT,N,72,1501,573,35,117,152,381,55,16,136,145,461,210,167,145,21,8
VINCESA01,1987,Sam,Vincent,SEA,N,43,548,195,17,32,49,137,21,4,52,63,152,72,60,46,13,5
VINCESA01,1987,Sam,Vincent,CHI,N,29,953,378,18,85,103,244,34,12,84,82,309,138,107,99,8,3
VRANEDA01,1987,Danny,Vranes,PHI,N,57,772,121,45,72,117,36,27,33,25,100,121,53,35,15,3,0
WADEMA01,1987,Mark,Wade,GSW,N,11,123,8,3,12,15,34,7,1,13,13,20,3,4,2,2,0
WAGNEMI01,1987,Milt,Wagner,LAL,N,40,380,152,4,24,28,61,6,4,22,42,147,62,29,26,10,2
WAITEGR01,1987,Granville,Waiters,CHI,N,22,114,18,9,19,28,1,2,15,6,26,29,9,2,0,1,0
WALKEDA01,1987,Darrell,Walker,WA1,N,52,940,310,43,84,127,100,62,10,69,105,291,114,105,82,6,0
WALKEKE01,1987,Kenny,Walker,NYK,N,82,2139,826,192,197,389,86,63,59,83,290,728,344,178,138,1,0
WALLEJA01,1987,Jamie,Waller,NJN,N,9,91,42,9,4,13,3,4,1,11,13,40,16,18,10,2,0
WASHBCH01,1987,Chris,Washburn,GSW,N,8,86,33,9,11,20,3,1,0,7,10,32,14,8,5,0,0
WASHBCH01,1987,Chris,Washburn,ATL,N,29,174,57,19,36,55,3,4,8,10,19,49,22,23,13,0,0
WASHBCH01,1987,Chris,Washburn,TOT,N,37,260,90,28,47,75,6,5,8,17,29,81,36,31,18,0,0
WASHIDU01,1987,Duane,Washington,NJN,N,15,156,54,5,17,22,34,12,0,9,23,42,18,20,16,4,2
WASHIDW01,1987,Dwayne,Washington,NJN,N,68,1379,633,54,64,118,206,91,4,141,163,547,245,189,132,49,11
WASHIKE01,1987,Kermit,Washington,GSW,N,6,56,16,9,10,19,0,4,4,4,13,14,7,2,2,0,0
WEBBSP01,1987,Spud,Webb,ATL,N,82,1347,490,16,130,146,337,63,11,131,125,402,191,131,107,19,1
WELPCH01,1987,Chris,Welp,PHI,N,10,132,48,11,13,24,5,5,5,9,25,31,18,18,12,0,0
WENNIBI01,1987,Bill,Wennington,DAL,N,30,125,63,14,25,39,4,5,9,9,33,49,25,19,12,2,1
WESTMA01,1987,Mark,West,TOT,N,83,2098,802,165,358,523,74,47,147,173,265,573,316,285,170,1,0
WESTMA01,1987,Mark,West,CLE,N,54,1183,459,83,198,281,50,25,79,91,158,316,182,153,95,0,0
WESTMA01,1987,Mark,West,PHO,N,29,915,343,82,160,242,24,22,68,82,107,257,134,132,75,1,0
WHATLEN01,1987,Ennis,Whatley,ATL,N,5,24,11,0,4,4,2,2,0,4,3,9,4,4,3,0,0
WHEELCL01,1987,Clinton,Wheeler,IND,N,59,513,149,19,21,40,103,36,2,52,37,132,62,34,25,0,0
WHITEER01,1987,Eric,White,LAC,N,17,352,178,31,31,62,9,7,3,21,32,124,66,57,45,1,1
WHITEJE01,1987,Jerome,Whitehead,GSW,N,72,1221,407,109,212,321,39,32,21,49,209,360,174,82,59,0,0
WHITETO01,1987,Tony,White,CHI,N,2,2,0,0,0,0,0,0,0,0,0,0,0,0,0,0,0
WHITETO01,1987,Tony,White,NYK,N,12,117,43,1,2,3,10,1,0,13,14,46,17,13,9,1,0
WHITETO01,1987,Tony,White,GSW,N,35,462,218,11,17,28,49,19,2,34,43,203,94,41,30,5,0
WHITETO01,1987,Tony,White,TOT,N,49,581,261,12,19,31,59,20,2,47,57,249,111,54,39,6,0
WILKIDO01,1987,Dominique,Wilkins,ATL,N,78,2948,2397,211,291,502,224,103,47,218,162,1957,909,655,541,129,38
WILKIGE01,1987,Gerald,Wilkins,NYK,N,81,2703,1412,106,164,270,326,90,22,212,183,1324,591,243,191,129,39
WILLIBU01,1987,Buck,Williams,NJN,N,70,2637,1279,298,536,834,109,68,44,189,266,832,466,518,346,1,1
WILLIHE01,1987,Herb,Williams,IND,N,75,1966,748,116,353,469,98,37,146,119,244,732,311,171,126,6,0
WILLIHO01,1987,Hotrod,Williams,CLE,N,77,2106,843,159,347,506,103,61,145,104,203,663,316,279,211,1,0
WILLIJO01,1987,John,Williams,WA1,N,82,2428,1047,127,317,444,232,117,34,145,217,910,427,256,188,38,5
WILLIKE01,1987,Kevin,Willis,ATL,N,75,2091,871,235,312,547,28,68,42,138,240,687,356,245,159,2,0
WILLIKE02,1987,Kevin,Williams,SEA,N,80,1084,502,61,66,127,96,62,7,68,207,450,199,122,103,7,1
WILLIRE01,1987,Reggie,Williams,LAC,N,35,857,365,55,63,118,58,29,21,63,108,427,152,66,48,58,13
WILSONI01,1987,Nikita,Wilson,POR,N,15,54,19,2,9,11,3,0,0,5,7,23,7,6,5,0,0
WILSORI02,1987,Ricky,Wilson,NJN,N,6,47,21,1,0,1,6,6,0,4,6,11,7,11,6,1,1
WILSORI02,1987,Ricky,Wilson,TOT,N,24,420,125,2,25,27,69,23,3,25,40,110,43,40,29,26,10
WILSORI02,1987,Ricky,Wilson,SAS,N,18,373,104,1,25,26,63,17,3,21,34,99,36,29,23,25,9
WINGADA01,1987,David,Wingate,PHI,N,61,1419,545,44,57,101,119,47,22,104,125,545,218,132,99,40,10
WINSLRI01,1987,Rickie,Winslow,MIL,N,7,45,7,3,4,7,2,1,0,4,9,13,3,2,1,1,0
WITTMRA01,1987,Randy,Wittman,ATL,N,82,2412,823,39,131,170,302,50,18,82,117,787,376,89,71,0,0
WOLFJO01,1987,Joe,Wolf,LAC,N,42,1137,320,51,136,187,98,38,16,76,139,334,136,54,45,15,3
WOODLE01,1987,Leon,Wood,ATL,N,14,79,48,1,5,6,19,4,0,5,6,30,16,8,7,19,9
WOODLE01,1987,Leon,Wood,SAS,N,38,830,352,16,35,51,155,22,1,34,44,282,120,91,69,108,43
WOODLE01,1987,Leon,Wood,TOT,N,52,909,400,17,40,57,174,26,1,39,50,312,136,99,76,127,52
WOODSMI01,1987,Mike,Woodson,LAC,N,80,2534,1438,64,126,190,273,109,26,186,210,1263,562,341,296,78,18
WOOLROR01,1987,Orlando,Woolridge,NJN,N,19,622,312,31,60,91,71,13,20,48,73,247,110,130,92,2,0
WORTHJA01,1987,James,Worthy,LAL,N,75,2655,1478,129,245,374,289,72,55,155,175,1161,617,304,242,16,2
WRIGHBR01,1987,Brad,Wright,DEN,N,2,7,2,0,1,1,0,0,0,2,3,5,1,0,0,0,0
YOUNGDA01,1987,Danny,Young,SEA,N,77,949,243,18,57,75,218,52,2,37,69,218,89,53,43,77,22
ZEVENPH01,1987,Phil,Zevenbergen,SAS,N,8,58,30,4,9,13,3,3,1,4,12,27,15,2,0,0,0
ABDULKA01,1988,Kareem,Abdul-jabbar,LAL,N,74,1695,748,103,231,334,74,38,85,95,196,659,313,165,122,3,0
ACRESMA01,1988,Mark,Acres,BOS,N,62,632,137,59,87,146,19,19,6,23,94,114,55,48,26,1,1
ADAMSMI01,1988,Michael,Adams,DEN,N,77,2787,1424,71,212,283,490,166,11,180,149,1082,468,393,322,466,166
AGUIRMA01,1988,Mark,Aguirre,DET,N,36,1068,558,56,95,151,89,16,7,140,101,441,213,149,110,75,22
AGUIRMA01,1988,Mark,Aguirre,DAL,N,44,1529,953,90,145,235,189,29,29,68,128,829,373,244,178,99,29
AGUIRMA01,1988,Mark,Aguirre,TOT,N,80,2597,1511,146,240,386,278,45,36,208,229,1270,586,393,288,174,51
AINGEDA01,1988,Danny,Ainge,TOT,N,73,2377,1281,71,184,255,402,93,8,145,186,1051,480,240,205,305,116
AINGEDA01,1988,Danny,Ainge,BOS,N,45,1349,714,37,117,154,215,52,1,63,108,589,271,128,114,155,58
AINGEDA01,1988,Danny,Ainge,SAC,N,28,1028,567,34,67,101,187,41,7,82,78,462,209,112,91,150,58
ALARIMA01,1988,Mark,Alarie,WA1,N,74,1141,498,103,152,255,63,25,22,62,160,431,206,87,73,38,13
ALFORST01,1988,Steve,Alford,DAL,N,9,38,7,0,3,3,9,1,0,1,3,11,3,2,1,2,0
ALFORST01,1988,Steve,Alford,GSW,N,57,868,359,10,59,69,83,44,3,44,54,313,145,59,49,53,20
ALFORST01,1988,Steve,Alford,TOT,N,66,906,366,10,62,72,92,45,3,45,57,324,148,61,50,55,20
ALLENRA01,1988,Randy,Allen,SAC,N,7,43,17,3,4,7,0,1,1,2,7,19,8,2,1,1,0
ANDERCA01,1988,Cadillac,Anderson,SAS,N,82,2401,1127,255,421,676,61,102,103,180,221,914,460,403,207,3,0
ANDERMI02,1988,Michael,Anderson,SAS,N,36,730,204,44,45,89,153,44,3,84,64,175,73,82,57,7,1
ANDERRI01,1988,Richard,Anderson,POR,N,72,1082,371,62,169,231,98,44,12,54,100,348,145,38,32,141,49
ANDERRO01,1988,Ron,Anderson,PHI,N,82,2618,1330,167,239,406,139,71,23,126,166,1152,566,229,196,11,2
ANDERWI01,1988,Willie,Anderson,SAS,N,81,2738,1508,152,265,417,372,150,62,261,295,1285,640,289,224,21,4
BAGLEJO01,1988,John,Bagley,NJN,N,68,1642,500,36,108,144,391,72,5,159,117,481,200,123,89,54,11
BAILETH01,1988,Thurl,Bailey,UTA,N,82,2777,1595,115,332,447,138,48,91,208,185,1272,615,440,363,5,2
BALLAGR01,1988,Greg,Ballard,SEA,N,2,15,6,2,5,7,0,0,0,0,3,8,1,4,4,1,0
BANNIKE01,1988,Ken,Bannister,LAC,N,9,130,74,6,27,33,3,7,2,8,17,36,22,53,30,1,0
BARKLCH01,1988,Charles,Barkley,PHI,N,79,3088,2037,403,583,986,325,126,67,254,262,1208,700,799,602,162,35
BATTLJO01,1988,John,Battle,ATL,N,82,1672,779,30,110,140,197,42,9,104,125,628,287,238,194,34,11
BENJABE01,1988,Benoit,Benjamin,LAC,N,79,2585,1299,164,532,696,157,57,221,237,221,907,491,426,317,2,0
BERRYRI01,1988,Ricky,Berry,SAC,N,64,1406,706,57,140,197,80,37,22,82,197,567,255,166,131,160,65
BERRYWA01,1988,Walter,Berry,NJN,N,29,556,259,32,83,115,20,10,13,40,69,231,108,63,43,0,0
BERRYWA01,1988,Walter,Berry,TOT,N,69,1355,609,86,181,267,77,29,48,89,183,501,254,143,100,2,1
BERRYWA01,1988,Walter,Berry,HOU,N,40,799,350,54,98,152,57,19,35,49,114,270,146,80,57,2,1
BIRDLA01,1988,Larry,Bird,BOS,N,6,189,116,1,36,37,29,6,5,11,18,104,49,19,18,0,0
BIRDSOT01,1988,Otis,Birdsong,BOS,N,13,108,37,4,9,13,9,3,1,12,10,36,18,2,0,3,1
BLABUW01,1988,Uwe,Blab,DAL,N,37,208,68,11,33,44,12,3,13,14,36,52,24,25,20,0,0
BLACKRO01,1988,Rolando,Blackman,DAL,N,78,2946,1534,70,203,273,288,65,20,165,137,1249,594,370,316,85,30
BOGUEMU01,1988,Muggsy,Bogues,CHA,N,79,1755,423,53,112,165,620,111,7,124,141,418,178,88,66,13,1
BOLMA01,1988,Manute,Bol,GSW,N,80,1769,314,116,346,462,27,11,345,79,226,344,127,66,40,91,20
BOWIEAN01,1988,Anthony,Bowie,SAS,N,18,438,155,25,31,56,29,18,4,22,43,144,72,15,10,5,1
BOWIESA01,1988,Sam,Bowie,POR,N,20,412,171,36,70,106,36,7,33,33,43,153,69,49,28,7,5
BRADLDU01,1988,Dudley,Bradley,ATL,N,38,267,72,7,25,32,24,16,2,14,41,86,28,16,8,31,8
BRANCAD01,1988,Adrian,Branch,POR,N,67,811,498,63,69,132,60,45,3,64,99,436,202,120,87,31,7
BREUERA01,1988,Randy,Breuer,MIL,N,48,513,200,51,84,135,22,9,37,29,59,179,86,51,28,0,0
BRICKFR01,1988,Frank,Brickowski,SAS,N,64,1822,875,148,258,406,131,102,35,165,252,654,337,281,201,2,0
BROOKSC01,1988,Scott,Brooks,PHI,N,82,1372,428,19,75,94,306,69,3,65,116,371,156,69,61,153,55
BROWNMI01,1988,Mike,Brown,UTA,N,66,1051,300,92,166,258,41,25,17,77,133,248,104,130,92,0,0
BROWNTO01,1988,Tony,Brown,HOU,N,14,91,36,7,8,15,5,3,0,7,14,45,14,8,6,9,2
BROWNTO01,1988,Tony,Brown,MIL,N,29,274,92,15,14,29,21,12,4,10,28,73,36,23,18,7,2
BROWNTO01,1988,Tony,Brown,TOT,N,43,365,128,22,22,44,26,15,4,17,42,118,50,31,24,16,4
BRYANMA01,1988,Mark,Bryant,POR,N,56,803,280,65,114,179,33,20,7,41,144,247,120,69,40,0,0
BUTLEGR01,1988,Greg,Butler,NYK,N,33,140,56,9,19,28,2,1,2,17,28,48,20,20,16,3,0
CAGEMI01,1988,Michael,Cage,SEA,N,80,2536,825,276,489,765,126,92,52,124,184,630,314,265,197,4,0
CAMPBTO01,1988,Tony,Campbell,LAL,N,63,787,388,53,77,130,47,37,6,62,108,345,158,83,70,21,2
CARRAN01,1988,Antoine,Carr,ATL,N,78,1488,582,106,168,274,91,31,62,82,221,471,226,152,130,1,0
CARROJO01,1988,Joebarry,Carroll,NJN,N,64,1996,902,118,355,473,105,71,81,143,193,810,363,220,176,0,0
CARTWBI01,1988,Bill,Cartwright,CHI,N,78,2333,966,152,369,521,90,21,41,190,234,768,365,308,236,0,0
CATLETE01,1988,Terry,Catledge,WA1,N,79,2077,822,230,342,572,75,46,25,120,250,681,334,254,153,5,1
CAVENRO01,1988,Ron,Cavenall,NJN,N,5,16,6,0,2,2,0,0,2,2,2,3,2,5,2,0,0
CHAMBTO01,1988,Tom,Chambers,PHO,N,81,3002,2085,143,541,684,231,87,55,231,271,1643,774,598,509,86,28
CHAMPMI01,1988,Mike,Champion,SEA,N,2,4,0,0,0,0,0,0,0,1,2,3,0,0,0,1,0
CHAPMRE01,1988,Rex,Chapman,CHA,N,75,2219,1267,74,113,187,176,70,25,113,167,1271,526,195,155,191,60
CHEEKMA01,1988,Maurice,Cheeks,PHI,N,71,2298,824,39,144,183,554,105,17,116,114,696,336,195,151,13,1
CHIEVDE01,1988,Derrick,Chievous,HOU,N,81,1539,750,114,142,256,77,48,11,136,161,634,277,244,191,24,5
COLEMBE01,1988,Ben,Coleman,PHI,N,58,703,295,49,128,177,17,10,18,48,120,241,117,77,61,0,0
COLTEST01,1988,Steve,Colter,WA1,N,80,1425,534,62,120,182,225,69,14,64,158,457,203,167,125,25,3
COMEGDA01,1988,Dallas,Comegys,SAS,N,67,1119,438,112,122,234,30,42,63,85,160,341,166,161,106,2,0
CONNELE01,1988,Lester,Conner,NJN,N,82,2532,843,100,255,355,604,181,5,181,132,676,309,269,212,37,13
COOKDA01,1988,Darwin,Cook,TOT,N,66,1143,507,34,73,107,127,71,10,88,121,478,218,78,63,41,8
COOKDA01,1988,Darwin,Cook,DEN,N,30,386,161,13,35,48,43,28,6,26,44,163,71,22,17,10,2
COOKDA01,1988,Darwin,Cook,SAS,N,36,757,346,21,38,59,84,43,4,62,77,315,147,56,46,31,6
COOPEMI01,1988,Michael,Cooper,LAL,N,80,1943,587,33,158,191,314,72,32,94,186,494,213,93,81,210,80
COOPEWA01,1988,Wayne,Cooper,DEN,N,79,1864,520,212,407,619,78,36,211,73,302,444,220,106,79,4,1
CORBITY01,1988,Tyrone,Corbin,PHO,N,77,1655,631,176,222,398,118,82,13,92,222,454,245,179,141,2,0
CORZIDA01,1988,Dave,Corzine,CHI,N,81,1483,479,92,223,315,103,29,45,93,134,440,203,96,71,8,2
CRITEWI01,1988,Winston,Crite,PHO,N,2,6,0,1,0,1,0,0,0,1,1,3,0,0,0,0,0
CUMMIPA01,1988,Pat,Cummings,MIA,N,53,1096,466,84,197,281,47,29,18,111,160,394,197,97,72,2,0
CUMMITE01,1988,Terry,Cummings,MIL,N,80,2824,1829,281,369,650,198,106,72,201,265,1563,730,460,362,15,7
CURETEA01,1988,Earl,Cureton,CHA,N,82,2047,532,188,300,488,130,50,61,114,230,465,233,123,66,1,0
CURRYDE01,1988,Dell,Curry,CHA,N,48,813,571,26,78,104,50,42,4,44,68,521,256,46,40,55,19
DAILEQU01,1988,Quintin,Dailey,LAC,N,69,1722,1114,69,135,204,154,90,6,122,152,964,448,286,217,9,1
DANTLAD01,1988,Adrian,Dantley,DAL,N,31,1081,628,64,89,153,78,20,7,82,87,459,212,263,204,1,0
DANTLAD01,1988,Adrian,Dantley,DET,N,42,1341,772,53,111,164,93,23,6,81,99,495,258,305,256,0,0
DANTLAD01,1988,Adrian,Dantley,TOT,N,73,2422,1400,117,200,317,171,43,13,163,186,954,470,568,460,1,0
DAUGHBR01,1988,Brad,Daugherty,CLE,N,78,2821,1475,167,551,718,285,63,40,230,175,1012,544,524,386,3,1
DAVISBR01,1988,Brad,Davis,DAL,N,78,1395,497,14,94,108,242,48,18,92,151,379,183,123,99,102,32
DAVISCH02,1988,Charlie,Davis,CHI,N,49,545,185,47,67,114,31,11,5,22,58,190,81,26,19,15,4
DAVISMA02,1988,Mark,Davis,MIL,N,31,251,123,15,21,36,14,13,5,12,38,97,48,32,26,9,1
DAVISMA02,1988,Mark,Davis,TOT,N,33,258,127,16,21,37,14,13,5,12,39,102,49,34,28,10,1
DAVISMA02,1988,Mark,Davis,PHO,N,2,7,4,1,0,1,0,0,0,0,1,5,1,2,2,1,0
DAVISWA03,1988,Walter,Davis,DEN,N,81,1857,1267,41,110,151,190,72,5,132,187,1076,536,199,175,69,20
DAWKIDA01,1988,Darryl,Dawkins,DET,N,14,48,27,3,4,7,1,0,1,4,13,19,9,18,9,0,0
DAWKIJO01,1988,Johnny,Dawkins,SAS,N,32,1083,454,32,69,101,224,55,0,111,64,400,177,112,100,4,0
DELNEVI01,1988,Vinny,Delnegro,SAC,N,80,1556,569,48,123,171,206,65,14,77,160,503,239,100,85,20,6
DEMBOFE01,1988,Fennis,Dembo,DET,N,31,74,36,8,15,23,5,1,0,7,15,42,14,10,8,4,0
DONALJA01,1988,James,Donaldson,DAL,N,53,1746,481,158,412,570,38,24,81,83,111,337,193,124,95,0,0
DREILGR01,1988,Greg,Dreiling,IND,N,53,396,129,39,53,92,18,5,11,39,100,77,43,64,43,0,0
DREXLCL01,1988,Clyde,Drexler,POR,N,78,3064,2123,289,326,615,450,213,54,250,269,1672,829,548,438,104,27
DUCKWKE01,1988,Kevin,Duckworth,POR,N,79,2662,1432,246,389,635,60,56,49,200,300,1161,554,428,324,2,0
DUDLECH02,1988,Chris,Dudley,CLE,N,61,544,185,72,85,157,21,9,23,44,82,168,73,107,39,1,0
DUMARJO01,1988,Joe,Dumars,DET,N,69,2408,1186,57,115,172,390,63,5,178,103,903,456,306,260,29,14
DUNLEMI01,1988,Mike,Dunleavy,MIL,N,2,5,3,0,0,0,0,0,0,0,0,2,1,0,0,2,1
DUNNTR01,1988,T.r.,Dunn,PHO,N,34,321,33,30,30,60,25,12,1,6,35,35,12,12,9,0,0
EACKLLE01,1988,Ledell,Eackles,WA1,N,80,1459,917,100,80,180,123,41,5,128,156,732,318,346,272,40,9
EATONMA01,1988,Mark,Eaton,UTA,N,82,2914,508,227,616,843,83,40,315,142,290,407,188,200,132,0,0
EDWARJA01,1988,James,Edwards,DET,N,76,1254,555,68,163,231,49,11,31,72,226,422,211,194,133,2,0
EDWARKE01,1988,Kevin,Edwards,MIA,N,79,2349,1094,85,177,262,349,139,27,246,154,1105,470,193,144,37,10
EHLOCR01,1988,Craig,Ehlo,CLE,N,82,1867,608,100,195,295,266,110,19,116,161,524,249,117,71,100,39
ELLISDA01,1988,Dale,Ellis,SEA,N,82,3190,2253,156,186,342,164,108,22,218,197,1710,857,462,377,339,162
ENGLEWA01,1988,Wayne,Englestad,DEN,N,11,50,28,5,11,16,7,1,0,3,12,29,11,10,6,0,0
ENGLIAL01,1988,Alex,English,DEN,N,82,2990,2175,148,178,326,383,66,12,198,174,1881,924,379,325,8,2
EWINGPA01,1988,Patrick,Ewing,NYK,N,80,2896,1815,213,527,740,188,117,281,266,311,1282,727,484,361,6,0
FARMEJI01,1988,Jim,Farmer,UTA,N,37,412,152,22,33,55,28,9,0,26,41,142,57,41,29,20,9
FEITLDA01,1988,Dave,Feitl,WA1,N,57,828,286,69,133,202,36,17,18,65,136,266,116,65,54,1,0
FERREDU01,1988,Duane,Ferrell,ATL,N,41,231,100,19,22,41,10,7,6,12,33,83,35,44,30,0,0
FERRERO01,1988,Rolando,Ferreira,POR,N,12,34,9,4,9,13,1,0,1,6,7,18,1,8,7,0,0
FLEMIVE01,1988,Vern,Fleming,IND,N,76,2552,1084,85,225,310,494,77,12,192,212,814,419,304,243,23,3
FLOYDSL01,1988,Sleepy,Floyd,HOU,N,82,2788,1162,48,258,306,709,124,11,253,196,893,396,309,261,292,109
FRANKTE01,1988,Tellis,Frank,GSW,N,32,245,107,26,35,61,15,14,6,29,59,91,34,51,39,1,0
FREDEAN01,1988,Anthony,Frederick,IND,N,46,313,152,26,26,52,20,14,6,34,59,125,63,34,24,5,2
GAINECO01,1988,Corey,Gaines,NJN,N,32,337,67,3,16,19,67,15,1,20,27,64,27,16,12,5,1
GAMBLKE01,1988,Kevin,Gamble,BOS,N,44,375,187,11,31,42,34,14,3,19,40,136,75,55,35,11,2
GARLAWI01,1988,Winston,Garland,GSW,N,79,2661,1145,101,227,328,505,175,14,187,216,1074,466,251,203,43,10
GARRITO01,1988,Tom,Garrick,LAC,N,71,1499,454,37,119,156,243,78,9,116,141,359,176,127,102,13,0
GATTIKE01,1988,Kenny,Gattison,PHO,N,2,9,1,0,1,1,0,0,0,0,2,1,0,2,1,0,0
GILLEBE01,1988,Ben,Gillery,SAC,N,24,84,25,7,16,23,2,2,4,5,29,19,6,23,13,0,0
GILLIAR01,1988,Armen,Gilliam,PHO,N,74,2120,1176,165,376,541,52,54,27,140,176,930,468,323,240,0,0
GMINSMI01,1988,Mike,Gminski,PHI,N,82,2739,1409,213,556,769,138,46,106,129,142,1166,556,341,297,6,0
GONDRGR01,1988,Grant,Gondrezick,LAC,N,27,244,105,15,21,36,34,13,1,17,36,95,38,40,26,11,3
GRAHAOR01,1988,Orlando,Graham,GSW,N,7,22,8,8,3,11,0,0,0,2,6,10,3,4,2,0,0
GRANDRO01,1988,Ron,Grandison,BOS,N,72,528,177,47,45,92,42,18,3,36,71,142,59,80,59,10,0
GRANTGA01,1988,Gary,Grant,LAC,N,71,1924,846,80,158,238,506,144,9,258,170,830,361,162,119,22,5
GRANTHA01,1988,Harvey,Grant,WA1,N,71,1193,396,75,88,163,79,35,29,28,147,390,181,57,34,1,0
GRANTHO01,1988,Horace,Grant,CHI,N,79,2809,950,240,441,681,168,86,62,128,251,781,405,199,140,5,0
GRAYEJE01,1988,Jeff,Grayer,MIL,N,11,200,81,14,21,35,22,10,1,19,15,73,32,20,17,2,0
GRAYST01,1988,Stuart,Gray,IND,N,72,783,188,84,161,245,29,11,21,48,128,153,72,64,44,1,0
GRAYSY01,1988,Sylvester,Gray,MIA,N,55,1220,440,117,169,286,117,36,25,102,144,398,167,156,105,4,1
GREENAC01,1988,A.c.,Green,LAL,N,82,2510,1088,258,481,739,103,94,55,119,172,758,401,359,282,17,4
GREENDA01,1988,David,Greenwood,SAS,N,38,912,294,92,146,238,55,30,24,55,123,247,105,105,84,0,0
GREENDA01,1988,David,Greenwood,DEN,N,29,491,172,48,116,164,41,17,28,36,78,148,62,71,48,0,0
GREENDA01,1988,David,Greenwood,TOT,N,67,1403,466,140,262,402,96,47,52,91,201,395,167,176,132,0,0
GREENRI01,1988,Rickey,Green,TOT,N,63,871,291,11,58,69,187,40,2,61,35,264,129,33,30,11,3
GREENRI01,1988,Rickey,Green,CHA,N,33,370,128,4,19,23,82,18,0,28,16,132,57,14,13,5,1
GREENRI01,1988,Rickey,Green,MIL,N,30,501,163,7,39,46,105,22,2,33,19,132,72,19,17,6,2
GREENSI02,1988,Sidney,Green,NYK,N,82,1277,517,157,237,394,76,47,18,125,172,422,194,170,129,3,0
GRIFFDA01,1988,Darrell,Griffith,UTA,N,82,2382,1135,77,253,330,130,86,22,141,175,1045,466,182,142,196,61
GUDMUPE01,1988,Petur,Gudmundsson,SAS,N,5,70,21,5,11,16,5,1,1,8,15,25,9,4,3,0,0
HALEYJA01,1988,Jack,Haley,CHI,N,51,289,110,21,50,71,10,11,0,26,56,78,37,46,36,0,0
HANSEBO01,1988,Bob,Hansen,UTA,N,46,964,341,29,99,128,50,37,6,43,105,300,140,75,42,54,19
HANZLBI01,1988,Bill,Hanzlik,DEN,N,41,701,201,18,75,93,86,25,5,53,82,151,66,87,68,5,1
HARPEDE01,1988,Derek,Harper,DAL,N,81,2968,1404,46,182,228,570,172,41,205,219,1127,538,284,229,278,99
HARPERO01,1988,Ron,Harper,CLE,N,82,2851,1526,122,287,409,434,185,74,230,224,1149,587,430,323,116,29
HARRIST01,1988,Steve,Harris,DET,N,3,7,4,0,2,2,0,1,0,0,1,4,1,2,2,0,0
HASTISC01,1988,Scott,Hastings,MIA,N,75,1206,386,72,159,231,59,32,42,68,203,328,143,107,91,28,9
HAWKIHE01,1988,Hersey,Hawkins,PHI,N,79,2577,1196,51,174,225,239,120,37,158,184,971,442,290,241,166,71
HENDEGE01,1988,Gerald,Henderson,PHI,N,65,986,425,17,51,68,140,42,3,73,121,348,144,127,104,107,33
HIGGIRO01,1988,Rod,Higgins,GSW,N,81,1887,856,111,265,376,160,39,42,76,172,633,301,229,188,168,66
HINSORO01,1988,Roy,Hinson,NJN,N,82,2542,1308,152,370,522,71,34,121,165,298,1027,495,420,318,2,0
HODGECR01,1988,Craig,Hodges,PHO,N,10,92,39,2,3,5,8,2,0,5,8,36,16,4,3,12,4
HODGECR01,1988,Craig,Hodges,CHI,N,49,1112,490,21,63,84,138,41,4,52,82,394,187,53,45,168,71
HODGECR01,1988,Craig,Hodges,TOT,N,59,1204,529,23,66,89,146,43,4,57,90,430,203,57,48,180,75
HOLTOMI01,1988,Michael,Holton,CHA,N,67,1696,553,30,75,105,424,66,12,119,165,504,215,143,120,14,3
HOPPEDA01,1988,Dave,Hoppen,CHA,N,77,1419,500,123,261,384,57,25,21,77,239,353,199,139,101,2,1
HOPSODE01,1988,Dennis,Hopson,NJN,N,62,1551,788,91,111,202,103,70,30,102,150,714,299,219,186,27,4
HORFOTI01,1988,Tito,Horford,MIL,N,25,112,42,9,13,22,3,1,7,15,14,46,15,19,12,0,0
HORNAJE01,1988,Jeff,Hornacek,PHO,N,78,2487,1054,75,191,266,465,129,8,111,188,889,440,178,147,81,27
HUBBAPH01,1988,Phil,Hubbard,CLE,N,31,191,73,14,26,40,11,6,0,9,20,63,28,25,17,0,0
HUGHEED01,1988,Eddie,Hughes,DEN,N,26,224,70,6,13,19,35,17,2,11,30,64,28,12,7,22,7
HUMPHJA01,1988,Jay,Humphries,MIL,N,73,2220,844,70,119,189,405,142,5,160,187,714,345,158,129,94,25
IAVARMA01,1988,Marc,Iavaroni,UTA,N,77,796,180,41,91,132,32,11,13,52,99,163,72,44,36,1,0
JACKSMA01,1988,Mark,Jackson,NYK,N,72,2477,1219,106,235,341,619,139,7,226,163,1025,479,258,180,240,81
JACKSMI02,1988,Michael,Jackson,SAC,N,14,70,21,1,3,4,11,3,0,4,12,24,9,2,1,6,2
JOHNSAV01,1988,Avery,Johnson,SEA,N,43,291,68,11,13,24,73,21,3,18,34,83,29,16,9,9,1
JOHNSBU01,1988,Buck,Johnson,HOU,N,67,1850,642,114,172,286,126,64,35,110,213,515,270,134,101,9,1
JOHNSDE01,1988,Dennis,Johnson,BOS,N,72,2309,721,31,159,190,472,94,21,175,211,638,277,195,160,50,7
JOHNSED03,1988,Eddie,Johnson,PHO,N,70,2043,1504,91,215,306,162,47,7,122,198,1224,608,250,217,172,71
JOHNSFR01,1988,Frank,Johnson,HOU,N,67,879,294,22,57,79,181,42,0,102,91,246,109,93,75,6,1
JOHNSKE01,1988,Kevin,Johnson,PHO,N,81,3179,1650,46,294,340,991,135,24,322,226,1128,570,576,508,22,2
JOHNSMA01,1988,Magic,Johnson,LAL,N,77,2886,1730,111,496,607,988,138,22,312,172,1137,579,563,513,188,59
JOHNSST01,1988,Steve,Johnson,POR,N,72,1477,721,135,223,358,105,20,44,140,254,565,296,245,129,0,0
JOHNSVI01,1988,Vinnie,Johnson,DET,N,82,2073,1130,109,146,255,242,74,17,105,155,996,462,263,193,44,13
JONESAN01,1988,Anthony,Jones,CHI,N,8,65,12,4,4,8,4,2,1,1,7,15,5,2,2,1,0
JONESAN01,1988,Anthony,Jones,TOT,N,33,196,76,14,14,28,17,11,3,5,20,79,29,16,14,16,4
JONESAN01,1988,Anthony,Jones,DAL,N,25,131,64,10,10,20,13,9,2,4,13,64,24,14,12,15,4
JONESBI01,1988,Bill,Jones,NJN,N,37,307,129,20,27,47,20,17,6,18,38,102,50,43,29,1,0
JONESCA01,1988,Caldwell,Jones,POR,N,72,1279,202,88,212,300,59,24,85,83,166,183,77,61,48,1,0
JONESCH01,1988,Charles,Jones,WA1,N,53,1154,136,77,180,257,42,39,76,39,187,125,60,25,16,1,0
JONESCH03,1988,Charles,Jones,WA1,N,43,516,110,54,86,140,18,18,16,22,49,82,38,53,33,3,1
JONESSH01,1988,Shelton,Jones,GSW,N,2,13,6,2,0,2,2,3,0,1,0,5,3,0,0,0,0
JONESSH01,1988,Shelton,Jones,SAS,N,7,92,26,6,10,16,7,2,2,7,8,25,9,13,8,0,0
JONESSH01,1988,Shelton,Jones,PHI,N,42,577,212,24,71,95,33,16,13,39,50,179,81,67,50,1,0
JONESSH01,1988,Shelton,Jones,TOT,N,51,682,244,32,81,113,42,21,15,47,58,209,93,80,58,1,0
JORDAMI01,1988,Michael,Jordan,CHI,N,81,3255,2633,149,503,652,650,234,65,290,247,1795,966,793,674,98,27
KEMPTTI01,1988,Tim,Kempton,CHA,N,79,1341,484,91,213,304,102,41,14,121,215,335,171,207,142,1,0
KERRST01,1988,Steve,Kerr,PHO,N,26,157,54,3,14,17,24,7,0,6,12,46,20,9,6,17,8
KERSEJE01,1988,Jerome,Kersey,POR,N,76,2716,1330,246,383,629,243,137,84,167,277,1137,533,372,258,21,6
KEYSRA01,1988,Randolph,Keys,CLE,N,42,331,169,23,33,56,19,12,6,21,51,172,74,29,20,10,1
KINGAL01,1988,Albert,King,SAS,N,46,791,327,33,107,140,79,27,7,74,97,327,141,48,37,32,8
KINGBE01,1988,Bernard,King,WA1,N,81,2559,1674,133,251,384,294,64,13,227,219,1371,654,441,361,30,5
KITEGR01,1988,Greg,Kite,LAC,N,58,729,112,66,124,190,29,23,46,46,118,121,49,31,14,0,0
KITEGR01,1988,Greg,Kite,CHA,N,12,213,38,15,38,53,7,4,8,12,43,30,16,10,6,0,0
KITEGR01,1988,Greg,Kite,TOT,N,70,942,150,81,162,243,36,27,54,58,161,151,65,41,20,0,0
KLEINJO01,1988,Joe,Kleine,TOT,N,75,1411,484,124,254,378,67,33,23,104,192,432,175,152,134,2,0
KLEINJO01,1988,Joe,Kleine,BOS,N,28,498,171,49,88,137,32,15,5,37,66,129,59,64,53,1,0
KLEINJO01,1988,Joe,Kleine,SAC,N,47,913,313,75,166,241,35,18,18,67,126,303,116,88,81,1,0
KOFOEBA01,1988,Bart,Kofoed,UTA,N,19,176,30,4,7,11,20,9,0,13,22,33,12,11,6,1,0
KONCAJO01,1988,Jon,Koncak,ATL,N,74,1531,345,147,306,453,56,54,98,60,238,269,141,114,63,3,0
KRYSTLA01,1988,Larry,Krystkowiak,MIL,N,80,2472,1017,198,412,610,107,93,9,147,219,766,362,351,289,12,4
LAIMBBI01,1988,Bill,Laimbeer,DET,N,81,2640,1106,138,638,776,177,51,100,129,259,900,449,212,178,86,30
LAMPJE01,1988,Jeff,Lamp,LAL,N,37,176,60,6,28,34,15,8,2,16,27,69,27,5,4,4,2
LANEJE01,1988,Jerome,Lane,DEN,N,54,550,261,87,113,200,60,20,4,50,105,256,109,112,43,7,0
LANGAN01,1988,Andrew,Lang,PHO,N,62,526,159,54,93,147,9,17,48,28,112,117,60,60,39,0,0
LEAVEAL01,1988,Allen,Leavell,HOU,N,55,627,179,13,40,53,127,25,5,62,61,188,65,60,44,41,5
LECKNER01,1988,Eric,Leckner,UTA,N,75,779,319,48,151,199,16,8,22,69,174,220,120,113,79,0,0
LEEKE01,1988,Keith,Lee,NJN,N,57,840,271,73,186,259,42,20,33,53,138,258,109,71,53,2,0
LESJI01,1988,Jim,Les,UTA,N,82,781,138,23,64,87,215,27,5,88,88,133,40,73,57,14,1
LEVERLA01,1988,Lafayette,Lever,DEN,N,71,2745,1409,187,475,662,559,195,20,157,178,1221,558,344,270,66,23
LEVINCL01,1988,Cliff,Levingston,ATL,N,80,2184,734,194,304,498,75,97,70,105,270,568,300,191,133,5,1
LEWISRA02,1988,Ralph,Lewis,CHA,N,42,336,136,35,26,61,15,11,3,24,28,121,58,39,19,3,1
LEWISRE01,1988,Reggie,Lewis,BOS,N,81,2657,1495,116,261,377,218,124,72,142,258,1242,604,361,284,22,3
LISTEAL01,1988,Alton,Lister,SEA,N,82,1806,657,207,338,545,54,28,180,117,310,543,271,178,115,0,0
LOCKRO01,1988,Robert,Lock,LAC,N,20,110,30,14,18,32,4,3,4,13,15,32,9,15,12,0,0
LOHAUBR01,1988,Brad,Lohaus,BOS,N,48,738,269,47,95,142,49,21,26,49,101,270,117,46,35,4,0
LOHAUBR01,1988,Brad,Lohaus,TOT,N,77,1214,502,84,172,256,66,30,56,77,161,486,210,103,81,11,1
LOHAUBR01,1988,Brad,Lohaus,SAC,N,29,476,233,37,77,114,17,9,30,28,60,216,93,57,46,7,1
LONGGR01,1988,Grant,Long,MIA,N,82,2435,976,240,306,546,149,122,48,201,337,692,336,406,304,5,0
LONGJO01,1988,John,Long,DET,N,24,152,49,2,9,11,15,0,2,9,16,40,19,13,11,0,0
LONGJO01,1988,John,Long,TOT,N,68,919,372,18,59,77,80,29,3,57,84,359,147,76,70,20,8
LONGJO01,1988,John,Long,IND,N,44,767,323,16,50,66,65,29,1,48,68,319,128,63,59,20,8
LOWESI01,1988,Sidney,Lowe,CHA,N,14,250,23,6,28,34,93,14,0,9,28,25,8,11,7,2,0
LUCASJO01,1988,John,Lucas,SEA,N,74,842,310,22,57,79,260,60,1,66,53,299,119,77,54,68,18
MAHORRI01,1988,Rick,Mahorn,DET,N,72,1795,522,141,355,496,59,40,66,97,206,393,203,155,116,2,0
MAJERDA01,1988,Dan,Majerle,PHO,N,54,1354,467,62,147,209,130,63,14,48,139,432,181,127,78,82,27
MALONJE01,1988,Jeff,Malone,WA1,N,76,2418,1651,55,124,179,219,39,14,165,155,1410,677,340,296,19,1
MALONKA01,1988,Karl,Malone,UTA,N,80,3126,2326,259,594,853,219,144,70,285,286,1559,809,918,703,16,5
MALONMO01,1988,Moses,Malone,ATL,N,81,2878,1637,386,570,956,112,79,100,245,154,1096,538,711,561,12,0
MANNIDA01,1988,Danny,Manning,LAC,N,26,950,434,70,101,171,81,44,25,93,89,358,177,103,79,5,1
MANNIPA01,1988,Pace,Mannion,ATL,N,5,18,4,0,2,2,2,2,0,3,2,6,2,0,0,2,0
MANNIPA01,1988,Pace,Mannion,TOT,N,10,32,8,0,5,5,2,3,0,3,5,8,4,0,0,2,0
MANNIPA01,1988,Pace,Mannion,DET,N,5,14,4,0,3,3,0,1,0,0,3,2,2,0,0,0,0
MAXWEVE01,1988,Vernon,Maxwell,SAS,N,79,2065,927,49,153,202,301,86,8,178,136,827,357,243,181,129,32
MCCORTI01,1988,Tim,Mccormick,HOU,N,81,1257,425,87,174,261,54,18,24,68,193,351,169,129,87,4,0
MCCRARO01,1988,Rodney,Mccray,SAC,N,68,2435,854,143,371,514,293,57,36,168,121,729,340,234,169,22,5
MCDANXA01,1988,Xavier,Mcdaniel,SEA,N,82,2385,1677,177,256,433,134,84,40,210,231,1385,677,426,312,36,11
MCDONBE01,1988,Ben,Mcdonald,GSW,N,11,103,35,4,8,12,5,4,0,3,11,19,13,15,9,0,0
MCGEEMI01,1988,Mike,Mcgee,NJN,N,80,2027,1038,73,116,189,116,80,12,124,184,917,434,144,77,255,93
MCHALKE01,1988,Kevin,Mchale,BOS,N,78,2876,1758,223,414,637,172,26,97,196,223,1211,661,533,436,4,0
MCKEYDE01,1988,Derrick,Mckey,SEA,N,82,2804,1305,167,297,464,219,105,70,188,264,970,487,375,301,89,30
MCMILNA01,1988,Nate,Mcmillan,SEA,N,75,2341,532,143,245,388,696,156,42,211,236,485,199,189,119,70,15
MCNAMMA01,1988,Mark,Mcnamara,LAL,N,39,318,113,38,62,100,10,4,3,24,51,64,32,78,49,0,0
MILLERE01,1988,Reggie,Miller,IND,N,74,2536,1181,73,219,292,227,93,29,143,170,831,398,340,287,244,98
MITCHTO01,1988,Todd,Mitchell,SAS,N,2,33,5,1,2,3,1,1,0,4,2,9,2,4,1,0,0
MITCHTO01,1988,Todd,Mitchell,TOT,N,24,353,123,18,32,50,21,16,2,33,51,97,43,64,37,0,0
MITCHTO01,1988,Todd,Mitchell,MIA,N,22,320,118,17,30,47,20,15,2,29,49,88,41,60,36,0,0
MOKESPA01,1988,Paul,Mokeski,MIL,N,74,690,165,63,124,187,36,29,21,35,153,164,59,51,40,26,7
MONCRSI01,1988,Sidney,Moncrief,MIL,N,62,1594,752,46,126,172,188,65,13,94,114,532,261,237,205,73,25
MORRICH01,1988,Chris,Morris,NJN,N,76,2096,1074,188,209,397,119,102,60,190,250,905,414,254,182,175,64
MORTORI01,1988,Richard,Morton,IND,N,2,11,6,0,0,0,1,0,0,1,2,4,3,0,0,0,0
MULLICH01,1988,Chris,Mullin,GSW,N,82,3093,2176,152,331,483,415,176,39,296,178,1630,830,553,493,100,23
MYERSPE01,1988,Pete,Myers,PHI,N,4,40,14,3,7,10,2,3,0,4,3,12,6,4,2,0,0
MYERSPE01,1988,Pete,Myers,TOT,N,33,270,95,15,18,33,48,20,2,23,44,73,31,48,33,2,0
MYERSPE01,1988,Pete,Myers,NYK,N,29,230,81,12,11,23,46,17,2,19,41,61,25,44,31,2,0
NANCELA01,1988,Larry,Nance,CLE,N,73,2526,1259,156,425,581,159,57,206,117,186,920,496,334,267,4,0
NATTCA01,1988,Calvin,Natt,DEN,N,14,168,66,12,34,46,7,6,1,11,13,50,22,31,22,1,0
NATTCA01,1988,Calvin,Natt,SAS,N,10,185,85,16,16,32,11,2,2,19,19,66,25,48,35,0,0
NATTCA01,1988,Calvin,Natt,TOT,N,24,353,151,28,50,78,18,8,3,30,32,116,47,79,57,1,0
NEALCR01,1988,Craig,Neal,TOT,N,53,500,114,7,22,29,118,24,4,54,70,123,45,23,14,34,10
NEALCR01,1988,Craig,Neal,MIA,N,32,341,89,4,14,18,86,15,4,40,46,88,34,21,13,25,8
NEALCR01,1988,Craig,Neal,POR,N,21,159,25,3,8,11,32,9,0,14,24,35,11,2,1,9,2
NEALYED01,1988,Ed,Nealy,CHI,N,13,94,11,4,19,23,6,3,1,1,23,7,5,2,1,0,0
NEALYED01,1988,Ed,Nealy,PHO,N,30,164,19,18,37,55,8,4,0,6,22,29,8,7,3,2,0
NEALYED01,1988,Ed,Nealy,TOT,N,43,258,30,22,56,78,14,7,1,7,45,36,13,9,4,2,0
NEVITCH01,1988,Chuck,Nevitt,HOU,N,43,228,65,17,47,64,3,5,29,22,51,62,27,16,11,0,0
NEWMAJO01,1988,Johnny,Newman,NYK,N,81,2336,1293,93,113,206,162,111,23,153,259,957,455,351,286,287,97
NIXONNO01,1988,Norm,Nixon,LAC,N,53,1318,362,13,65,78,339,46,0,118,69,370,153,65,48,29,8
NORMAKE01,1988,Ken,Norman,LAC,N,80,3020,1450,245,422,667,277,106,66,206,223,1271,638,270,170,21,4
OAKLECH01,1988,Charles,Oakley,NYK,N,82,2604,1061,343,518,861,187,104,14,248,270,835,426,255,197,48,12
OLAJUHA01,1988,Hakeem,Olajuwon,HOU,N,82,3024,2034,338,767,1105,149,213,282,275,329,1556,790,652,454,10,0
ORTIZJO01,1988,Jose,Ortiz,UTA,N,51,327,141,30,28,58,11,8,7,36,40,125,55,52,31,1,0
PARISRO01,1988,Robert,Parish,BOS,N,80,2840,1486,342,654,996,175,79,116,200,209,1045,596,409,294,0,0
PAXSOJI01,1988,Jim,Paxson,BOS,N,57,1138,492,18,56,74,107,38,8,57,96,445,202,103,84,24,4
PAXSOJO01,1988,John,Paxson,CHI,N,78,1738,567,13,81,94,308,53,6,71,162,513,246,36,31,133,44
PERDUWI01,1988,Will,Perdue,CHI,N,30,190,66,18,27,45,11,4,6,15,38,72,29,14,8,0,0
PERKISA01,1988,Sam,Perkins,DAL,N,78,2860,1171,235,453,688,127,76,92,141,224,959,445,329,274,38,7
PERRYTI01,1988,Tim,Perry,PHO,N,62,614,257,61,71,132,18,19,32,37,47,201,108,65,40,4,1
PERSOCH01,1988,Chuck,Person,IND,N,80,3012,1728,144,372,516,289,83,18,308,280,1453,711,307,243,205,63
PETERJI01,1988,Jim,Petersen,SAC,N,66,1633,671,121,292,413,81,47,68,147,236,606,278,154,115,8,0
PIERCRI01,1988,Ricky,Pierce,MIL,N,75,2078,1317,82,115,197,156,77,19,112,193,1018,527,297,255,36,8
PINCKED01,1988,Ed,Pinckney,BOS,N,29,678,293,60,88,148,44,29,23,38,77,176,95,129,103,0,0
PINCKED01,1988,Ed,Pinckney,TOT,N,80,2012,918,166,283,449,118,83,66,119,202,622,319,350,280,6,0
PINCKED01,1988,Ed,Pinckney,SAC,N,51,1334,625,106,195,301,74,54,43,81,125,446,224,221,177,6,0
PIPPESC01,1988,Scottie,Pippen,CHI,N,73,2413,1048,138,307,445,256,139,61,199,261,867,413,301,201,77,21
POLYNOL01,1988,Olden,Polynice,SEA,N,80,835,233,98,108,206,21,37,30,46,164,180,91,86,51,2,0
POPSODA01,1988,Dave,Popson,MIA,N,7,38,11,7,4,11,2,0,1,4,8,15,5,2,1,0,0
POPSODA01,1988,Dave,Popson,LAC,N,10,68,23,5,11,16,6,1,2,6,9,25,11,2,1,0,0
POPSODA01,1988,Dave,Popson,TOT,N,17,106,34,12,15,27,8,1,3,10,17,40,16,4,2,0,0
PORTETE01,1988,Terry,Porter,POR,N,81,3102,1431,85,282,367,770,146,8,248,187,1146,540,324,272,219,79
PRESSDO01,1988,Dominic,Pressley,TOT,N,13,124,23,3,12,15,26,4,0,11,11,31,9,9,5,2,0
PRESSDO01,1988,Dominic,Pressley,CHI,N,3,17,2,0,1,1,4,0,0,0,2,6,1,0,0,2,0
PRESSDO01,1988,Dominic,Pressley,WA1,N,10,107,21,3,11,14,22,4,0,11,9,25,8,9,5,0,0
PRESSHA01,1988,Harold,Pressley,SAC,N,80,2257,981,216,269,485,174,93,76,124,215,873,383,123,96,295,119
PRESSPA01,1988,Paul,Pressey,MIL,N,67,2170,813,73,189,262,439,119,44,184,221,648,307,241,187,55,12
PRICEMA01,1988,Mark,Price,CLE,N,75,2728,1414,48,178,226,631,115,7,212,98,1006,529,292,263,211,93
RAMBIKU01,1988,Kurt,Rambis,CHA,N,75,2233,832,269,434,703,159,100,57,148,208,627,325,248,182,3,0
RASMUBL01,1988,Blair,Rasmussen,DEN,N,77,1308,583,105,182,287,49,29,41,49,194,577,257,81,69,0,0
REIDRO01,1988,Robert,Reid,CHA,N,82,2152,1207,82,220,302,153,53,20,106,235,1214,519,196,152,52,17
REYNOJE01,1988,Jerry,Reynolds,SEA,N,56,737,428,49,51,100,62,53,26,57,58,357,149,167,127,15,3
RICHMMI01,1988,Mitch,Richmond,GSW,N,79,2717,1741,158,310,468,334,82,13,269,223,1386,649,506,410,90,33
RIVASRA01,1988,Ramon,Rivas,BOS,N,28,91,40,9,15,24,3,4,1,9,21,31,12,25,16,1,0
RIVERDA01,1988,David,Rivers,LAL,N,47,440,134,13,30,43,106,23,9,61,50,122,49,42,35,6,1
RIVERDO01,1988,Doc,Rivers,ATL,N,76,2462,1032,89,197,286,525,181,40,158,263,816,371,287,247,124,43
ROBERAL01,1988,Alvin,Robertson,SAS,N,65,2287,1122,157,227,384,393,197,36,231,259,962,465,253,183,45,9
ROBERFR01,1988,Fred,Roberts,MIL,N,71,1251,417,68,141,209,66,36,23,80,126,319,155,129,104,14,3
ROBINCL01,1988,Cliff,Robinson,PHI,N,14,416,212,19,56,75,32,17,2,34,37,187,90,44,32,1,0
RODMADE01,1988,Dennis,Rodman,DET,N,82,2208,735,327,445,772,99,55,76,126,292,531,316,155,97,26,6
ROLLITR01,1988,Tree,Rollins,CLE,N,60,583,136,38,101,139,19,11,38,22,89,138,62,19,12,1,0
ROSERO01,1988,Robert,Rose,LAC,N,2,3,0,1,1,2,0,0,0,0,0,1,0,0,0,0,0
ROTHSC01,1988,Scott,Roth,UTA,N,16,72,23,0,8,8,7,5,1,7,14,24,7,11,8,6,1
ROTHSC01,1988,Scott,Roth,SAS,N,47,464,158,20,36,56,48,19,4,33,55,143,52,76,52,10,2
ROTHSC01,1988,Scott,Roth,TOT,N,63,536,181,20,44,64,55,24,5,40,69,167,59,87,60,16,3
ROWINJI01,1988,Jim,Rowinski,TOT,N,9,15,7,1,4,5,0,0,0,0,0,4,1,6,5,0,0
ROWINJI01,1988,Jim,Rowinski,PHI,N,3,7,3,1,2,3,0,0,0,0,0,2,1,2,1,0,0
ROWINJI01,1988,Jim,Rowinski,DET,N,6,8,4,0,2,2,0,0,0,0,0,2,0,4,4,0,0
ROWSOBR01,1988,Brian,Rowsom,CHA,N,34,517,226,56,81,137,24,10,12,18,69,162,80,81,65,1,1
SALLEJO01,1988,John,Salley,DET,N,67,1458,467,134,201,335,75,40,72,100,197,333,166,195,135,2,0
SAMPSRA01,1988,Ralph,Sampson,GSW,N,61,1086,393,105,202,307,77,31,65,90,170,365,164,95,62,8,3
SANDEMI01,1988,Mike,Sanders,CLE,N,82,2102,764,98,209,307,133,89,32,104,230,733,332,135,97,10,3
SCHAYDA01,1988,Danny,Schayes,DEN,N,76,1918,969,142,358,500,105,42,81,160,320,607,317,402,332,9,3
SCHOERU01,1988,Russ,Schoene,SEA,N,69,774,358,58,107,165,36,37,24,48,136,349,135,57,46,110,42
SCHREDE01,1988,Detlef,Schrempf,IND,N,32,1005,475,70,159,229,93,29,10,77,102,315,162,189,146,19,5
SCHREDE01,1988,Detlef,Schrempf,DAL,N,37,845,353,56,110,166,86,24,9,56,118,263,112,161,127,16,2
SCHREDE01,1988,Detlef,Schrempf,TOT,N,69,1850,828,126,269,395,179,53,19,133,220,578,274,350,273,35,7
SCOTTBY01,1988,Byron,Scott,LAL,N,74,2605,1448,72,230,302,231,114,27,157,181,1198,588,226,195,193,77
SEIKARO01,1988,Rony,Seikaly,MIA,N,78,1962,848,204,345,549,55,46,96,200,258,744,333,354,181,4,1
SELLEBR01,1988,Brad,Sellers,CHI,N,80,1732,551,85,142,227,99,35,69,72,176,476,231,101,86,6,3
SHACKCH01,1988,Char,Shackleford,NJN,N,60,484,187,50,103,153,21,15,18,27,71,168,83,42,21,1,0
SHASKJO01,1988,John,Shasky,MIA,N,65,944,357,96,136,232,22,14,13,46,94,248,121,167,115,2,0
SHAWBR01,1988,Brian,Shaw,BOS,N,82,2301,703,119,257,376,472,78,27,188,211,686,297,132,109,13,0
SHORTPU01,1988,Purvis,Short,HOU,N,65,1157,482,65,114,179,107,44,13,70,116,480,198,89,77,33,9
SICHTJE01,1988,Jerry,Sichting,POR,N,25,390,102,9,20,29,59,15,0,25,17,104,46,8,7,12,3
SIKMAJA01,1988,Jack,Sikma,MIL,N,80,2587,1068,141,482,623,289,85,61,145,300,835,360,294,266,216,82
SKILESC01,1988,Scott,Skiles,IND,N,80,1571,546,21,128,149,390,64,2,177,151,442,198,144,130,75,20
SMARTKE01,1988,Keith,Smart,SAS,N,2,12,2,0,1,1,2,0,0,2,0,2,0,2,2,1,0
SMITHCH01,1988,Charles,Smith,LAC,N,71,2161,1155,173,292,465,103,68,89,146,273,878,435,393,285,3,0
SMITHDE01,1988,Derek,Smith,PHI,N,36,695,279,31,55,86,68,24,15,44,100,220,105,93,65,16,4
SMITHDE01,1988,Derek,Smith,TOT,N,65,1295,568,61,106,167,128,43,23,88,164,496,216,188,129,31,7
SMITHDE01,1988,Derek,Smith,SAC,N,29,600,289,30,51,81,60,19,8,44,64,276,111,95,64,15,3
SMITHKE01,1988,Kenny,Smith,SAC,N,81,3145,1403,49,177,226,621,102,7,249,173,1183,547,357,263,128,46
SMITHLA01,1988,Larry,Smith,GSW,N,80,1897,456,272,380,652,118,61,54,110,248,397,219,58,18,0,0
SMITHOT01,1988,Otis,Smith,GSW,N,80,1597,803,128,202,330,140,88,40,129,165,715,311,218,174,37,7
SMITSRI01,1988,Rik,Smits,IND,N,82,2041,956,185,315,500,70,37,151,130,310,746,386,255,184,1,0
SMREKMI01,1988,Mike,Smrek,SAS,N,43,623,193,42,87,129,12,13,58,48,102,153,72,76,49,0,0
SPARRRO01,1988,Rory,Sparrow,MIA,N,80,2613,1000,55,161,216,429,103,17,204,168,982,444,107,94,74,18
STARKJO01,1988,John,Starks,GSW,N,36,316,146,15,26,41,27,23,3,39,36,125,51,52,34,26,10
STEPHEV01,1988,Everette,Stephens,IND,N,35,209,65,11,12,23,37,9,4,29,22,72,23,22,17,10,2
STEPPBR01,1988,Brook,Steppe,POR,N,27,244,103,13,19,32,16,11,1,13,32,78,33,37,32,9,5
STOCKJO01,1988,John,Stockton,UTA,N,82,3171,1400,83,165,248,1118,263,14,308,241,923,497,452,390,66,16
STRICRO01,1988,Rod,Strickland,NYK,N,81,1358,721,51,109,160,319,98,3,148,142,567,265,231,172,59,19
STROEJO01,1988,John,Stroeder,SAS,N,1,2,0,0,0,0,0,0,0,1,2,0,0,0,0,0,0
STROEJO01,1988,John,Stroeder,TOT,N,5,22,4,5,9,14,3,0,2,3,3,5,2,0,0,0,0
STROEJO01,1988,John,Stroeder,GSW,N,4,20,4,5,9,14,3,0,2,2,1,5,2,0,0,0,0
SUMPTBA01,1988,Barry,Sumpter,LAC,N,1,1,0,0,0,0,0,0,0,0,0,1,0,0,0,0,0
SUNDVJO01,1988,Jon,Sundvold,MIA,N,68,1338,709,18,69,87,137,27,1,87,78,675,307,57,47,92,48
TARPLRO01,1988,Roy,Tarpley,DAL,N,19,591,328,77,141,218,17,28,30,45,70,242,131,96,66,1,0
TAYLOAN01,1988,Anthony,Taylor,MIA,N,21,368,144,11,23,34,43,22,5,20,37,151,60,32,24,2,0
TEAGLTE01,1988,Terry,Teagle,GSW,N,66,1569,1002,110,153,263,96,79,17,116,173,859,409,225,182,12,2
THEUSRE01,1988,Reggie,Theus,ATL,N,82,2517,1296,86,156,242,387,108,16,194,236,1067,497,335,285,58,17
THOMAIS01,1988,Isiah,Thomas,DET,N,80,2924,1458,49,224,273,663,133,20,298,209,1227,569,351,287,121,33
THOMPBE01,1988,Bernard,Thompson,HOU,N,23,222,62,9,19,28,13,13,1,19,33,59,20,26,22,2,0
THOMPBI01,1988,Billy,Thompson,MIA,N,79,2273,854,241,331,572,176,56,105,189,260,716,349,224,156,4,0
THOMPLA01,1988,Lasalle,Thompson,IND,N,33,1053,413,104,222,326,37,33,39,62,132,314,169,93,75,0,0
THOMPLA01,1988,Lasalle,Thompson,SAC,N,43,1276,646,120,272,392,44,46,55,117,153,536,247,188,152,1,0
THOMPLA01,1988,Lasalle,Thompson,TOT,N,76,2329,1059,224,494,718,81,79,94,179,285,850,416,281,227,1,0
THOMPMY01,1988,Mychal,Thompson,LAL,N,80,1994,738,157,310,467,48,58,59,97,224,521,291,230,156,1,0
THORNBO01,1988,Bob,Thornton,PHI,N,54,449,127,36,56,92,15,8,7,23,87,111,47,60,32,3,1
THORPOT01,1988,Otis,Thorpe,HOU,N,82,3135,1370,272,515,787,202,82,37,225,259,961,521,450,328,2,0
THREASE01,1988,Sedale,Threatt,SEA,N,63,1220,544,31,86,117,238,83,4,77,155,476,235,77,63,30,11
TISDAWA01,1988,Wayman,Tisdale,TOT,N,79,2434,1381,187,422,609,128,55,52,172,290,1036,532,410,317,4,0
TISDAWA01,1988,Wayman,Tisdale,IND,N,48,1326,768,99,211,310,75,35,32,107,181,564,285,250,198,4,0
TISDAWA01,1988,Wayman,Tisdale,SAC,N,31,1108,613,88,211,299,53,20,20,65,109,472,247,160,119,0,0
TOLBERA01,1988,Ray,Tolbert,ATL,N,50,341,103,31,57,88,16,13,13,35,55,94,40,37,23,0,0
TOLBETO01,1988,Tom,Tolbert,CHA,N,14,117,40,7,14,21,7,2,4,2,20,37,17,12,6,3,0
TONEYSE01,1988,Sedric,Toney,IND,N,2,9,2,1,1,2,0,0,0,2,1,5,1,1,0,3,0
TRIPUKE01,1988,Kelly,Tripucka,CHA,N,71,2302,1606,79,188,267,224,88,16,236,196,1215,568,508,440,84,30
TUCKETR01,1988,Trent,Tucker,NYK,N,81,1824,687,55,121,176,132,88,6,59,163,579,263,55,43,296,118
TURNEAN01,1988,Andre,Turner,MIL,N,4,13,6,0,3,3,0,2,0,4,2,6,3,0,0,0,0
TURNEEL01,1988,Elston,Turner,DEN,N,78,1746,337,109,178,287,144,90,8,60,209,353,151,56,33,7,2
TYLERTE01,1988,Terry,Tyler,DAL,N,70,1057,386,74,135,209,40,24,39,51,90,360,169,62,47,9,1
UPSHAKE01,1988,Kelvin,Upshaw,MIA,N,9,144,57,4,9,13,20,7,0,13,18,63,26,6,4,5,1
UPSHAKE01,1988,Kelvin,Upshaw,BOS,N,23,473,162,6,30,36,97,19,3,42,62,149,73,20,14,10,2
UPSHAKE01,1988,Kelvin,Upshaw,TOT,N,32,617,219,10,39,49,117,26,3,55,80,212,99,26,18,15,3
VALENDA01,1988,Darnell,Valentine,CLE,N,77,1086,366,22,81,103,174,57,7,83,88,319,136,112,91,14,3
VANDEKI01,1988,Kiki,Vandeweghe,NYK,N,27,502,248,15,21,36,35,12,7,23,38,209,97,56,51,10,3
VANDEKI01,1988,Kiki,Vandeweghe,TOT,N,45,934,499,26,45,71,69,19,11,41,78,426,200,89,80,48,19
VANDEKI01,1988,Kiki,Vandeweghe,POR,N,18,432,251,11,24,35,34,7,4,18,40,217,103,33,29,38,16
VINCEJA01,1988,Jay,Vincent,SAS,N,24,551,217,36,56,92,22,5,3,37,52,219,91,51,35,1,0
VINCEJA01,1988,Jay,Vincent,TOT,N,29,646,249,38,72,110,27,6,4,42,63,257,104,60,40,3,1
VINCEJA01,1988,Jay,Vincent,DEN,N,5,95,32,2,16,18,5,1,1,5,11,38,13,9,5,2,1
VINCESA01,1988,Sam,Vincent,CHI,N,70,1703,656,34,156,190,335,53,10,142,124,566,274,129,106,17,2
WALKEDA01,1988,Darrell,Walker,WA1,N,79,2565,714,135,372,507,496,155,23,184,215,681,286,184,142,9,0
WALKEKE01,1988,Kenny,Walker,NYK,N,79,1163,419,101,129,230,36,41,45,44,190,356,174,85,66,20,5
WASHIDW01,1988,Dwayne,Washington,MIA,N,54,1065,411,49,74,123,226,73,4,122,101,387,164,104,82,14,1
WEBBSP01,1988,Spud,Webb,ATL,N,81,1219,319,21,102,123,284,70,6,83,104,290,133,60,52,22,1
WELPCH01,1988,Chris,Welp,PHI,N,72,843,246,59,134,193,29,23,41,42,176,222,99,73,48,1,0
WENNIBI01,1988,Bill,Wennington,DAL,N,65,1074,300,82,204,286,46,16,35,54,211,275,119,82,61,9,1
WESTMA01,1988,Mark,West,PHO,N,82,2019,594,167,384,551,39,35,187,103,273,372,243,202,108,0,0
WHATLEN01,1988,Ennis,Whatley,LAC,N,8,90,34,2,14,16,22,7,1,11,15,33,12,11,10,0,0
WHEELCL01,1988,Clinton,Wheeler,TOT,N,28,354,105,17,14,31,54,27,0,24,26,87,45,20,15,1,0
WHEELCL01,1988,Clinton,Wheeler,POR,N,20,211,49,12,7,19,33,19,0,18,17,45,21,10,7,1,0
WHEELCL01,1988,Clinton,Wheeler,MIA,N,8,143,56,5,7,12,21,8,0,6,9,42,24,10,8,0,0
WHITEER01,1988,Eric,White,LAC,N,37,434,158,34,36,70,17,10,1,26,39,119,62,42,34,0,0
WHITEER01,1988,Eric,White,TOT,N,38,436,158,34,36,70,17,10,1,26,40,120,62,42,34,0,0
WHITEER01,1988,Eric,White,UTA,N,1,2,0,0,0,0,0,0,0,0,1,1,0,0,0,0,0
WHITEJE01,1988,Jerome,Whitehead,GSW,N,5,42,7,0,5,5,2,1,0,2,8,6,3,2,1,0,0
WHITEJE01,1988,Jerome,Whitehead,TOT,N,57,622,175,49,85,134,19,23,4,24,115,182,72,47,31,0,0
WHITEJE01,1988,Jerome,Whitehead,SAS,N,52,580,168,49,80,129,17,22,4,22,107,176,69,45,30,0,0
WILEYMO01,1988,Morlon,Wiley,DAL,N,51,408,111,13,34,47,76,25,6,34,61,114,46,16,13,24,6
WILKIDO01,1988,Dominique,Wilkins,ATL,N,80,2997,2099,256,297,553,211,117,52,181,138,1756,814,524,442,105,29
WILKIED01,1988,Eddielee,Wilkins,NYK,N,71,584,289,72,76,148,7,10,16,56,110,245,114,111,61,1,0
WILKIGE01,1988,Gerald,Wilkins,NYK,N,81,2414,1161,95,149,244,274,115,22,169,166,1025,462,246,186,172,51
WILLIBU01,1988,Buck,Williams,NJN,N,74,2446,959,249,447,696,78,61,36,142,223,702,373,320,213,3,0
WILLIHE01,1988,Herb,Williams,IND,N,46,1567,578,87,309,396,88,31,80,108,156,542,244,126,90,3,0
WILLIHE01,1988,Herb,Williams,TOT,N,76,2470,777,135,458,593,124,46,134,149,236,739,322,194,133,5,0
WILLIHE01,1988,Herb,Williams,DAL,N,30,903,199,48,149,197,36,15,54,41,80,197,78,68,43,2,0
WILLIHO01,1988,Hotrod,Williams,CLE,N,82,2125,948,173,304,477,108,77,134,102,188,700,356,314,235,4,1
WILLIJO01,1988,John,Williams,WA1,N,82,2413,1120,158,415,573,356,142,70,157,213,940,438,290,225,71,19
WILLIKE02,1988,Kevin,Williams,TOT,N,50,547,209,28,42,70,53,30,11,52,91,200,81,59,46,6,1
WILLIKE02,1988,Kevin,Williams,LAC,N,9,114,34,9,11,20,17,5,3,10,17,32,14,8,6,0,0
WILLIKE02,1988,Kevin,Williams,NJN,N,41,433,175,19,31,50,36,25,8,42,74,168,67,51,40,6,1
WILLIMI01,1988,Michael,Williams,DET,N,49,358,127,9,18,27,70,13,3,42,44,129,47,47,31,9,2
WILLIRE01,1988,Reggie,Williams,LAC,N,63,1303,642,70,109,179,103,81,29,114,181,594,260,122,92,104,30
WINGADA01,1988,David,Wingate,PHI,N,33,372,137,12,25,37,73,9,2,35,43,115,54,34,27,6,2
WITTMRA01,1988,Randy,Wittman,SAC,N,31,416,118,6,20,26,32,10,0,12,12,117,50,22,16,4,2
WITTMRA01,1988,Randy,Wittman,IND,N,33,704,173,20,34,54,79,13,2,20,31,169,80,19,12,2,1
WITTMRA01,1988,Randy,Wittman,TOT,N,64,1120,291,26,54,80,111,23,2,32,43,286,130,41,28,6,3
WOLFJO01,1988,Joe,Wolf,LAC,N,66,1450,386,83,188,271,113,32,16,94,152,402,170,64,44,14,2
WOODDA01,1988,David,Wood,CHI,N,2,2,0,0,0,0,0,0,0,0,0,0,0,0,0,0,0
WOODSMI01,1988,Mike,Woodson,HOU,N,81,2259,1046,51,143,194,206,89,18,136,195,936,410,237,195,89,31
WOOLROR01,1988,Orlando,Woolridge,LAL,N,74,1491,715,81,189,270,58,30,65,103,130,494,231,343,253,1,0
WORTHJA01,1988,James,Worthy,LAL,N,81,2960,1657,169,320,489,288,108,56,182,175,1282,702,321,251,23,2
YOUNGDA01,1988,Danny,Young,POR,N,48,952,297,17,57,74,123,55,3,45,50,250,115,64,50,50,17
ACRESMA01,1989,Mark,Acres,ORL,N,80,1691,362,154,277,431,67,36,25,70,248,285,138,120,83,4,3
ADAMSMI01,1989,Michael,Adams,DEN,N,79,2690,1221,49,176,225,495,121,3,141,133,989,398,314,267,432,158
AGUIRMA01,1989,Mark,Aguirre,DET,N,78,2005,1099,117,188,305,145,34,19,121,201,898,438,254,192,93,31
AINGEDA01,1989,Danny,Ainge,SAC,N,75,2727,1342,69,257,326,453,113,18,185,238,1154,506,267,222,289,108
ALARIMA01,1989,Mark,Alarie,WA1,N,82,1893,860,151,223,374,142,60,39,101,219,785,371,133,108,49,10
ALFORST01,1989,Steve,Alford,DAL,N,41,302,168,2,23,25,39,15,3,16,22,138,63,37,35,22,7
ALLENRA01,1989,Randy,Allen,SAC,N,63,746,235,49,89,138,23,16,19,28,102,239,106,43,23,7,0
ANDERCA01,1989,Cadillac,Anderson,MIL,N,60,1291,529,112,261,373,24,32,54,80,176,432,219,170,91,0,0
ANDERNI01,1989,Nick,Anderson,ORL,N,81,1785,931,107,209,316,124,69,34,138,140,753,372,264,186,17,1
ANDERRI01,1989,Richard,Anderson,CHA,N,54,604,231,33,94,127,55,20,9,26,64,211,88,23,18,100,37
ANDERRO01,1989,Ron,Anderson,PHI,N,78,2089,926,81,214,295,143,72,13,78,143,841,379,197,165,21,3
ANDERWI01,1989,Willie,Anderson,SAS,N,82,2788,1288,115,257,372,364,111,58,198,252,1082,532,290,217,26,7
ANSLEMI01,1989,Michael,Ansley,ORL,N,72,1221,626,187,175,362,40,24,17,50,152,465,231,227,164,0,0
ARMSTBJ01,1989,B.j.,Armstrong,CHI,N,81,1291,452,19,83,102,199,46,6,83,105,392,190,78,69,6,3
BAGLEJO01,1989,John,Bagley,BOS,N,54,1095,230,26,63,89,296,40,4,90,77,218,100,39,29,18,1
BAILETH01,1989,Thurl,Bailey,UTA,N,82,2583,1162,116,294,410,137,32,100,139,175,977,470,285,222,8,0
BANNIKE01,1989,Ken,Bannister,LAC,N,52,589,206,39,73,112,18,17,7,44,92,161,77,110,52,1,0
BARKLCH01,1989,Charles,Barkley,PHI,N,79,3085,1989,361,548,909,307,148,50,243,250,1177,706,744,557,92,20
BARRODA01,1989,Dana,Barros,SEA,N,81,1630,782,35,97,132,205,53,1,123,97,738,299,110,89,238,95
BATTLJO01,1989,John,Battle,ATL,N,60,1477,654,27,72,99,154,28,3,89,115,544,275,135,102,13,2
BATTLKE01,1989,Kenny,Battle,PHO,N,59,729,242,44,80,124,38,35,11,32,94,170,93,82,55,4,1
BEDFOWI01,1989,William,Bedford,DET,N,42,246,118,15,43,58,4,3,17,21,39,125,54,22,9,6,1
BENJABE01,1989,Benoit,Benjamin,LAC,N,71,2313,959,156,501,657,159,59,187,187,217,688,362,321,235,1,0
BENNEWI01,1989,Winston,Bennett,CLE,N,55,990,338,84,104,188,54,23,10,62,133,286,137,96,64,0,0
BIRDLA01,1989,Larry,Bird,BOS,N,75,2944,1820,90,622,712,562,106,61,243,173,1517,718,343,319,195,65
BLABUW01,1989,Uwe,Blab,SAS,N,7,50,15,1,8,9,1,0,0,5,9,11,6,6,3,0,0
BLABUW01,1989,Uwe,Blab,GSW,N,40,481,83,28,71,99,24,1,22,30,93,87,33,31,17,0,0
BLABUW01,1989,Uwe,Blab,TOT,N,47,531,98,29,79,108,25,1,22,35,102,98,39,37,20,0,0
BLACKRO01,1989,Rolando,Blackman,DAL,N,80,2934,1552,88,192,280,289,77,21,174,128,1256,626,340,287,43,13
BLAYLMO01,1989,Mookie,Blaylock,NJN,N,50,1267,505,42,98,140,210,82,14,111,110,571,212,81,63,80,18
BOGUEMU01,1989,Muggsy,Bogues,CHA,N,81,2743,763,48,159,207,867,166,3,146,168,664,326,134,106,26,5
BOLMA01,1989,Manute,Bol,GSW,N,75,1310,146,33,243,276,36,13,238,51,194,169,56,49,25,48,9
BOWIEAN01,1989,Anthony,Bowie,HOU,N,66,918,284,36,82,118,96,42,5,59,80,293,119,54,40,21,6
BOWIESA01,1989,Sam,Bowie,NJN,N,68,2207,998,206,484,690,91,38,121,125,211,834,347,379,294,31,10
BRANCAD01,1989,Adrian,Branch,MIN,N,11,91,65,8,12,20,4,6,0,8,14,61,25,22,14,1,1
BREUERA01,1989,Randy,Breuer,TOT,N,81,1879,722,154,263,417,97,42,108,101,196,696,298,193,126,1,0
BREUERA01,1989,Randy,Breuer,MIN,N,51,1325,518,111,179,290,84,33,75,68,133,510,212,142,94,1,0
BREUERA01,1989,Randy,Breuer,MIL,N,30,554,204,43,84,127,13,9,33,33,63,186,86,51,32,0,0
BRICKFR01,1989,Frank,Brickowski,SAS,N,78,1438,517,89,238,327,105,66,37,93,226,387,211,141,95,2,0
BROOKSC01,1989,Scott,Brooks,PHI,N,72,975,319,15,49,64,207,47,0,38,105,276,119,57,50,79,31
BROWNCH01,1989,Chucky,Brown,CLE,N,75,1339,545,83,148,231,50,33,26,69,148,447,210,164,125,7,0
BROWNMI01,1989,Mike,Brown,UTA,N,82,1397,512,111,262,373,47,32,28,88,187,344,177,199,157,2,1
BROWNRA02,1989,Raymond,Brown,UTA,N,16,56,16,10,5,15,4,0,0,6,11,28,8,2,0,0,0
BROWNTO01,1989,Tony,Brown,MIL,N,61,635,219,39,33,72,41,32,4,51,79,206,88,56,38,20,5
BRUNDST01,1989,Stanley,Brundy,NJN,N,16,128,37,15,11,26,3,6,5,6,24,30,15,18,7,0,0
BRYANMA01,1989,Mark,Bryant,POR,N,58,562,168,54,92,146,13,18,9,25,93,153,70,50,28,0,0
BRYNTO01,1989,Torgeir,Bryn,LAC,N,3,10,4,0,2,2,0,2,1,1,5,2,0,6,4,0,0
BUCKNST01,1989,Steve,Bucknall,LAL,N,18,75,23,5,2,7,10,2,1,11,10,33,9,6,5,1,0
BUTLEGR01,1989,Greg,Butler,NYK,N,13,33,6,3,6,9,1,0,0,3,8,12,3,2,0,0,0
CAGEMI01,1989,Michael,Cage,SEA,N,82,2595,798,306,515,821,70,79,45,94,232,645,325,212,148,0,0
CALDWAD01,1989,Adrian,Caldwell,HOU,N,51,331,97,36,73,109,7,11,18,32,69,76,42,28,13,0,0
CAMPBTO01,1989,Tony,Campbell,MIN,N,82,3164,1903,209,242,451,213,111,31,251,260,1581,723,569,448,54,9
CARLIRI01,1989,Rick,Carlisle,NJN,N,5,21,2,0,0,0,5,1,1,4,7,7,1,0,0,3,0
CARRAN01,1989,Antoine,Carr,ATL,N,44,803,335,50,99,149,53,15,34,54,128,248,128,102,79,4,0
CARRAN01,1989,Antoine,Carr,SAC,N,33,924,614,65,108,173,66,15,34,71,119,473,228,196,158,3,0
CARRAN01,1989,Antoine,Carr,TOT,N,77,1727,949,115,207,322,119,30,68,125,247,721,356,298,237,7,0
CARROJO01,1989,Joebarry,Carroll,TOT,N,76,1721,761,133,310,443,97,47,115,142,192,759,312,177,137,2,0
CARROJO01,1989,Joebarry,Carroll,NJN,N,46,1002,403,82,168,250,43,19,56,64,122,405,159,107,85,2,0
CARROJO01,1989,Joebarry,Carroll,DEN,N,30,719,358,51,142,193,54,28,59,78,70,354,153,70,52,0,0
CARTWBI01,1989,Bill,Cartwright,CHI,N,71,2160,811,137,328,465,145,38,34,123,243,598,292,280,227,0,0
CATLETE01,1989,Terry,Catledge,ORL,N,74,2462,1435,271,292,563,72,36,17,181,201,1152,546,486,341,8,2
CHAMBTO01,1989,Tom,Chambers,PHO,N,81,3046,2201,121,450,571,190,88,47,218,260,1617,810,647,557,86,24
CHAPMRE01,1989,Rex,Chapman,CHA,N,54,1762,945,52,127,179,132,46,6,100,113,924,377,192,144,142,47
CHEEKMA01,1989,Maurice,Cheeks,NYK,N,31,753,244,11,62,73,151,42,5,36,32,159,92,65,57,7,3
CHEEKMA01,1989,Maurice,Cheeks,SAS,N,50,1766,545,39,128,167,302,82,5,85,46,450,215,137,114,9,1
CHEEKMA01,1989,Maurice,Cheeks,TOT,N,81,2519,789,50,190,240,453,124,10,121,78,609,307,202,171,16,4
CHIEVDE01,1989,Derrick,Chievous,TOT,N,55,591,293,35,55,90,31,26,5,45,70,220,105,111,80,9,3
CHIEVDE01,1989,Derrick,Chievous,CLE,N,14,99,49,7,8,15,4,3,1,5,11,42,15,24,19,1,0
CHIEVDE01,1989,Derrick,Chievous,HOU,N,41,492,244,28,47,75,27,23,4,40,59,178,90,87,61,8,3
COLEMBE01,1989,Ben,Coleman,MIL,N,22,305,126,31,56,87,12,7,7,26,54,97,46,41,34,1,0
COLTEST01,1989,Steve,Colter,WA1,N,73,977,361,55,121,176,148,47,10,38,98,297,142,95,77,5,0
CONNELE01,1989,Lester,Conner,NJN,N,82,2355,648,90,175,265,385,172,8,138,182,573,237,214,172,13,2
COOPEMI01,1989,Michael,Cooper,LAL,N,80,1851,515,59,168,227,215,67,36,91,206,493,191,94,83,157,50
COOPEWA01,1989,Wayne,Cooper,POR,N,79,1176,301,118,221,339,44,18,95,39,211,304,138,39,25,3,0
COPELLA01,1989,Lanard,Copeland,PHI,N,23,110,74,4,6,10,9,1,1,19,12,68,31,14,11,5,1
CORBITY01,1989,Tyrone,Corbin,MIN,N,82,3011,1203,219,385,604,216,175,41,143,288,1083,521,209,161,11,0
CORZIDA01,1989,Dave,Corzine,ORL,N,6,79,22,7,11,18,2,2,0,8,7,29,11,2,0,0,0
CUMMIPA01,1989,Pat,Cummings,MIA,N,37,391,175,28,65,93,13,12,4,32,60,159,77,37,21,0,0
CUMMITE01,1989,Terry,Cummings,SAS,N,81,2821,1818,226,451,677,219,110,52,202,286,1532,728,440,343,59,19
CURRYDE01,1989,Dell,Curry,CHA,N,67,1860,1070,31,137,168,159,98,26,100,148,990,461,104,96,147,52
DAILEQU01,1989,Quintin,Dailey,SEA,N,30,491,247,18,33,51,34,12,0,34,63,240,97,66,52,5,1
DANTLAD01,1989,Adrian,Dantley,DAL,N,45,1300,662,78,94,172,80,20,7,75,99,484,231,254,200,2,0
DAUGHBR01,1989,Brad,Daugherty,CLE,N,41,1438,690,77,296,373,130,29,22,110,108,509,244,287,202,2,0
DAVISBR01,1989,Brad,Davis,DAL,N,73,1292,470,12,81,93,242,47,9,86,151,365,179,100,77,104,35
DAVISCH02,1989,Charlie,Davis,CHI,N,53,429,130,25,56,81,18,10,8,20,52,158,58,8,7,25,7
DAVISTE01,1989,Terry,Davis,MIA,N,63,884,298,93,136,229,25,25,28,68,171,262,122,87,54,1,0
DAVISWA03,1989,Walter,Davis,DEN,N,69,1635,1207,46,133,179,155,59,9,102,160,1033,497,227,207,46,6
DAWKIJO01,1989,Johnny,Dawkins,PHI,N,81,2865,1162,48,199,247,601,121,9,214,159,950,465,244,210,66,22
DELNEVI01,1989,Vinny,Delnegro,SAC,N,76,1858,739,39,159,198,250,64,10,111,182,643,297,155,135,32,10
DINKIBY01,1989,Byron,Dinkins,HOU,N,33,362,115,13,27,40,75,19,2,37,30,109,44,30,26,9,1
DIVACVL01,1989,Vlade,Divac,LAL,N,82,1611,701,167,345,512,75,79,114,110,240,549,274,216,153,5,0
DONALJA01,1989,James,Donaldson,DAL,N,73,2265,665,155,475,630,57,22,47,119,129,479,258,213,149,0,0
DOUGLSH01,1989,Sherman,Douglas,MIA,N,81,2470,1155,70,136,206,619,145,10,246,187,938,463,326,224,31,5
DOZIETE01,1989,Terry,Dozier,CHA,N,9,92,22,7,8,15,3,6,2,7,10,27,9,8,4,1,0
DREILGR01,1989,Greg,Dreiling,IND,N,49,307,65,21,66,87,8,4,14,19,69,53,20,34,25,0,0
DREWLA01,1989,Larry,Drew,LAL,N,80,1333,418,12,86,98,217,47,4,95,92,383,170,60,46,81,32
DREXLCL01,1989,Clyde,Drexler,POR,N,73,2683,1703,208,299,507,432,145,51,191,222,1357,670,430,333,106,30
DUCKWKE01,1989,Kevin,Duckworth,POR,N,82,2462,1327,184,325,509,91,36,34,171,271,1146,548,312,231,0,0
DUDLECH02,1989,Chris,Dudley,NJN,N,27,672,166,86,134,220,19,22,31,36,81,152,67,105,32,0,0
DUDLECH02,1989,Chris,Dudley,CLE,N,37,684,184,88,115,203,20,19,41,48,83,203,79,77,26,0,0
DUDLECH02,1989,Chris,Dudley,TOT,N,64,1356,350,174,249,423,39,41,72,84,164,355,146,182,58,0,0
DUMARJO01,1989,Joe,Dumars,DET,N,75,2578,1335,60,152,212,368,63,2,145,129,1058,508,330,297,55,22
DUNLEMI01,1989,Mike,Dunleavy,MIL,N,5,43,17,0,2,2,10,1,0,8,7,14,4,8,7,9,2
DUNNTR01,1989,T.r.,Dunn,DEN,N,65,657,114,56,82,138,43,41,4,19,67,97,44,39,26,2,0
EACKLLE01,1989,Ledell,Eackles,WA1,N,78,1696,1055,74,101,175,182,50,4,143,157,940,413,280,210,59,19
EATONMA01,1989,Mark,Eaton,UTA,N,82,2281,395,171,430,601,39,33,201,75,238,300,158,118,79,0,0
EDWARBL01,1989,Blue,Edwards,UTA,N,82,1889,727,69,182,251,145,76,36,152,280,564,286,203,146,30,9
EDWARJA01,1989,James,Edwards,DET,N,82,2283,1189,112,233,345,63,23,37,133,295,928,462,354,265,3,0
EDWARJA02,1989,Jay,Edwards,LAC,N,4,26,7,1,1,2,4,1,0,1,4,7,3,3,1,2,0
EDWARKE01,1989,Kevin,Edwards,MIA,N,78,2211,938,77,205,282,252,125,33,180,149,959,395,183,139,30,9
EHLOCR01,1989,Craig,Ehlo,CLE,N,81,2894,1102,147,292,439,371,126,23,161,226,940,436,185,126,248,104
ELLIOSE01,1989,Sean,Elliott,SAS,N,81,2032,810,127,170,297,154,45,14,112,172,647,311,216,187,9,1
ELLISDA01,1989,Dale,Ellis,SEA,N,55,2033,1293,90,148,238,110,59,7,119,124,1011,502,236,193,256,96
ELLISPE01,1989,Pervis,Ellison,SAC,N,34,866,271,64,132,196,65,16,57,62,132,251,111,78,49,2,0
ENGLIAL01,1989,Alex,English,DEN,N,80,2211,1433,119,167,286,225,51,23,93,130,1293,635,183,161,5,2
EWINGPA01,1989,Patrick,Ewing,NYK,N,82,3165,2347,235,658,893,182,78,327,278,325,1673,922,648,502,4,1
FARMEJI01,1989,Jim,Farmer,SEA,N,38,400,243,17,26,43,25,17,1,27,44,203,89,80,57,27,8
FERREDU01,1989,Duane,Ferrell,ATL,N,14,29,12,3,4,7,2,1,0,2,3,14,5,6,2,1,0
FLEMIVE01,1989,Vern,Fleming,IND,N,82,2876,1176,118,204,322,610,92,10,206,213,919,467,294,230,34,12
FLOYDSL01,1989,Sleepy,Floyd,HOU,N,82,2630,1000,46,152,198,600,94,11,204,159,803,362,232,187,234,89
FRANKTE01,1989,Tellis,Frank,MIA,N,77,1762,735,151,234,385,85,51,27,134,282,607,278,234,179,0,0
GAINECO01,1989,Corey,Gaines,PHI,N,9,81,10,1,4,5,26,4,0,10,11,12,4,4,1,2,1
GAMBLKE01,1989,Kevin,Gamble,BOS,N,71,990,362,42,70,112,119,28,8,44,77,301,137,107,85,18,3
GARLAWI01,1989,Winston,Garland,LAC,N,28,871,304,20,83,103,146,30,5,77,75,285,122,59,49,26,11
GARLAWI01,1989,Winston,Garland,TOT,N,79,1762,574,51,163,214,303,78,10,158,152,573,230,122,102,36,12
GARLAWI01,1989,Winston,Garland,GSW,N,51,891,270,31,80,111,157,48,5,81,77,288,108,63,53,10,1
GARRITO01,1989,Tom,Garrick,LAC,N,73,1721,508,34,128,162,289,90,7,117,151,421,208,114,88,21,4
GATTIKE01,1989,Kenny,Gattison,CHA,N,63,941,372,75,122,197,39,35,31,67,150,269,148,110,75,1,1
GERVIDE01,1989,Derrick,Gervin,NJN,N,21,339,251,29,36,65,8,20,7,12,47,197,93,89,65,3,0
GILLIAR01,1989,Armen,Gilliam,PHO,N,16,267,143,26,44,70,8,6,5,17,28,121,52,56,39,0,0
GILLIAR01,1989,Armen,Gilliam,CHA,N,60,2159,1128,185,344,529,91,63,46,166,184,819,432,363,264,2,0
GILLIAR01,1989,Armen,Gilliam,TOT,N,76,2426,1271,211,388,599,99,69,51,183,212,940,484,419,303,2,0
GMINSMI01,1989,Mike,Gminski,PHI,N,81,2659,1112,196,491,687,128,43,102,98,136,1002,458,235,193,17,3
GRANTGA01,1989,Gary,Grant,LAC,N,44,1529,575,59,136,195,442,108,5,206,120,517,241,113,88,21,5
GRANTGR01,1989,Greg,Grant,PHO,N,67,678,208,16,43,59,168,36,1,77,58,216,83,59,39,16,3
GRANTHA01,1989,Harvey,Grant,WA1,N,81,1846,664,138,204,342,131,52,43,85,194,601,284,137,96,8,0
GRANTHO01,1989,Horace,Grant,CHI,N,80,2753,1071,236,393,629,227,92,84,110,230,853,446,256,179,0,0
GRAYEJE01,1989,Jeff,Grayer,MIL,N,71,1427,548,94,123,217,107,48,10,82,125,487,224,152,99,8,1
GRAYST01,1989,Stuart,Gray,NYK,N,19,94,15,2,12,14,2,3,2,5,26,17,4,8,7,3,0
GRAYST01,1989,Stuart,Gray,TOT,N,58,560,116,40,105,145,19,15,26,24,90,99,42,47,32,5,0
GRAYST01,1989,Stuart,Gray,CHA,N,39,466,101,38,93,131,17,12,24,19,64,82,38,39,25,2,0
GREENAC01,1989,A.c.,Green,LAL,N,82,2709,1061,262,450,712,90,66,50,116,207,806,385,370,278,46,13
GREENDA01,1989,David,Greenwood,DET,N,37,205,60,24,54,78,12,4,9,16,40,52,22,29,16,0,0
GREENRI01,1989,Rickey,Green,IND,N,69,927,244,9,45,54,182,51,1,62,60,231,100,51,43,11,1
GREENSI02,1989,Sidney,Green,ORL,N,73,1860,761,166,422,588,99,50,26,119,231,667,312,209,136,3,1
GRIFFDA01,1989,Darrell,Griffith,UTA,N,82,1444,733,43,123,166,63,68,19,75,149,649,301,78,51,215,80
HAFFNSC01,1989,Scott,Haffner,MIA,N,43,559,196,7,44,51,80,13,2,33,53,217,88,25,17,21,3
HALEYJA01,1989,Jack,Haley,CHI,N,11,58,25,7,11,18,4,0,1,7,7,20,9,7,7,0,0
HALEYJA01,1989,Jack,Haley,NJN,N,56,1026,336,108,174,282,22,18,11,65,163,327,129,118,78,1,0
HALEYJA01,1989,Jack,Haley,TOT,N,67,1084,361,115,185,300,26,18,12,72,170,347,138,125,85,1,0
HAMMOTO01,1989,Tom,Hammonds,WA1,N,61,805,321,61,107,168,51,11,14,46,98,295,129,98,63,1,0
HANSEBO01,1989,Bob,Hansen,UTA,N,81,2174,617,66,163,229,149,52,11,79,194,568,265,64,33,154,54
HANZLBI01,1989,Bill,Hanzlik,DEN,N,81,1605,500,67,140,207,186,78,29,87,249,396,179,183,136,31,6
HARDATI01,1989,Tim,Hardaway,GSW,N,79,2663,1162,57,253,310,689,165,12,260,232,985,464,276,211,84,23
HARPEDE01,1989,Derek,Harper,DAL,N,82,3007,1473,54,190,244,609,187,26,207,224,1161,567,315,250,240,89
HARPERO01,1989,Ron,Harper,TOT,N,35,1367,798,74,132,206,182,81,41,100,105,637,301,231,182,51,14
HARPERO01,1989,Ron,Harper,LAC,N,28,1105,644,55,103,158,133,67,32,82,80,499,240,190,151,46,13
HARPERO01,1989,Ron,Harper,CLE,N,7,262,154,19,29,48,49,14,9,18,25,138,61,41,31,5,1
HARRIST01,1989,Steve,Harris,LAC,N,15,93,31,5,5,10,1,7,1,5,9,40,14,4,3,0,0
HASTISC01,1989,Scott,Hastings,DET,N,40,166,42,7,25,32,8,3,3,7,31,33,10,22,19,12,3
HAWKIHE01,1989,Hersey,Hawkins,PHI,N,82,2856,1515,85,219,304,261,130,28,185,217,1136,522,436,387,200,84
HENDEGE01,1989,Gerald,Henderson,MIL,N,11,129,27,3,9,12,13,8,0,8,14,26,11,2,2,7,3
HENDEGE01,1989,Gerald,Henderson,DET,N,46,335,108,8,23,31,61,8,2,16,36,83,42,13,10,31,14
HENDEGE01,1989,Gerald,Henderson,TOT,N,57,464,135,11,32,43,74,16,2,24,50,109,53,15,12,38,17
HIGGIMI01,1989,Mike,Higgins,TOT,N,11,50,14,2,2,4,3,2,2,1,5,8,3,10,8,0,0
HIGGIMI01,1989,Mike,Higgins,DEN,N,5,32,13,1,2,3,2,1,0,1,1,8,3,8,7,0,0
HIGGIMI01,1989,Mike,Higgins,LAL,N,6,18,1,1,0,1,1,1,2,0,4,0,0,2,1,0,0
HIGGIRO01,1989,Rod,Higgins,GSW,N,82,1993,909,120,302,422,129,47,53,93,184,632,304,285,234,193,67
HINSORO01,1989,Roy,Hinson,NJN,N,25,793,376,61,111,172,22,14,27,52,87,286,145,99,86,0,0
HODGECR01,1989,Craig,Hodges,CHI,N,63,1055,407,11,42,53,110,30,2,30,87,331,145,33,30,181,87
HOLTOMI01,1989,Michael,Holton,CHA,N,16,109,29,1,1,2,16,1,0,13,19,26,14,2,1,0,0
HOPPEDA01,1989,Dave,Hoppen,CHA,N,10,135,40,19,17,36,6,2,1,8,26,41,16,10,8,0,0
HOPSODE01,1989,Dennis,Hopson,NJN,N,79,2551,1251,113,166,279,151,100,51,168,183,1093,474,342,271,101,32
HORFOTI01,1989,Tito,Horford,MIL,N,35,236,51,19,40,59,2,5,16,14,33,62,18,24,15,0,0
HORNAJE01,1989,Jeff,Hornacek,PHO,N,67,2278,1179,86,227,313,337,117,14,125,144,901,483,202,173,98,40
HORTOED01,1989,Ed,Horton,WA1,N,45,374,202,59,49,108,19,9,5,39,63,162,80,69,42,4,0
HUGHEED01,1989,Eddie,Hughes,DEN,N,60,892,209,15,55,70,116,48,1,39,87,202,83,34,23,49,20
HUMPHJA01,1989,Jay,Humphries,MIL,N,81,2818,1237,80,189,269,472,156,11,151,253,1005,496,285,224,70,21
IRVINBY01,1989,Byron,Irvin,POR,N,50,488,258,30,44,74,47,28,1,39,40,203,96,91,61,14,5
JACKSJA01,1989,Jaren,Jackson,NJN,N,28,160,67,16,8,24,13,13,1,18,16,69,25,21,17,3,0
JACKSMA01,1989,Mark,Jackson,NYK,N,82,2428,809,106,212,318,604,109,4,211,121,749,327,165,120,131,35
JACKSMI02,1989,Michael,Jackson,SAC,N,17,58,10,2,5,7,8,5,0,4,3,11,3,6,3,2,1
JOHNSAV01,1989,Avery,Johnson,SEA,N,53,575,140,21,22,43,162,26,1,48,55,142,55,40,29,4,1
JOHNSBU01,1989,Buck,Johnson,HOU,N,82,2832,1215,113,268,381,252,104,62,167,321,1019,504,270,205,17,2
JOHNSDE01,1989,Dennis,Johnson,BOS,N,75,2036,531,48,153,201,485,81,14,117,179,475,206,140,118,24,1
JOHNSED03,1989,Eddie,Johnson,PHO,N,64,1811,1080,69,177,246,107,32,10,108,174,907,411,205,188,184,70
JOHNSER02,1989,Eric,Johnson,UTA,N,48,272,54,8,20,28,64,17,2,26,49,84,20,17,13,6,1
JOHNSKE01,1989,Kevin,Johnson,PHO,N,74,2782,1665,42,228,270,846,95,14,263,143,1159,578,598,501,41,8
JOHNSMA01,1989,Magic,Johnson,LAL,N,79,2937,1765,128,394,522,907,132,34,289,167,1138,546,637,567,276,106
JOHNSMA02,1989,Marques,Johnson,GSW,N,10,99,40,8,9,17,9,0,1,10,12,32,12,17,14,3,2
JOHNSNA01,1989,Nate,Johnston,UTA,N,6,13,11,2,0,2,0,0,1,1,0,11,4,2,2,1,1
JOHNSNA01,1989,Nate,Johnston,POR,N,15,74,35,11,10,21,1,3,7,5,11,37,14,11,7,3,0
JOHNSNA01,1989,Nate,Johnston,TOT,N,21,87,46,13,10,23,1,3,8,6,11,48,18,13,9,4,1
JOHNSST01,1989,Steve,Johnson,TOT,N,25,259,117,19,34,53,17,3,5,31,56,92,48,35,21,0,0
JOHNSST01,1989,Steve,Johnson,SEA,N,21,242,117,19,31,50,16,3,5,25,52,90,48,35,21,0,0
JOHNSST01,1989,Steve,Johnson,MIN,N,4,17,0,0,3,3,1,0,0,6,4,2,0,0,0,0,0
JOHNSVI01,1989,Vinnie,Johnson,DET,N,82,1972,804,108,148,256,255,71,13,123,143,775,334,196,131,34,5
JONESAN01,1989,Anthony,Jones,DAL,N,66,650,195,33,49,82,29,32,16,42,77,194,72,69,47,13,4
JONESCA01,1989,Caldwell,Jones,SAS,N,72,885,173,76,154,230,20,20,27,48,146,144,67,54,38,5,1
JONESCH01,1989,Charles,Jones,WA1,N,81,2240,256,145,359,504,139,50,197,76,296,185,94,105,68,0,0
JORDAMI01,1989,Michael,Jordan,CHI,N,82,3197,2753,143,422,565,519,227,54,247,241,1964,1034,699,593,245,92
KEMPSH01,1989,Shawn,Kemp,SEA,N,81,1120,525,146,200,346,26,47,70,107,204,424,203,159,117,12,2
KEMPTTI01,1989,Tim,Kempton,DEN,N,71,1061,383,51,167,218,118,30,9,80,144,312,153,114,77,1,0
KERRST01,1989,Steve,Kerr,CLE,N,78,1664,520,12,86,98,248,45,7,74,59,432,192,73,63,144,73
KERSEJE01,1989,Jerome,Kersey,POR,N,82,2843,1310,251,439,690,188,121,63,144,304,1085,519,390,269,20,3
KEYSRA01,1989,Randolph,Keys,CLE,N,48,892,365,52,85,137,39,38,2,47,117,359,151,82,61,10,2
KEYSRA01,1989,Randolph,Keys,CHA,N,32,723,336,48,68,116,49,30,6,37,107,319,142,58,40,33,12
KEYSRA01,1989,Randolph,Keys,TOT,N,80,1615,701,100,153,253,88,68,8,84,224,678,293,140,101,43,14
KIMBRST01,1989,Stan,Kimbrough,DET,N,10,50,16,4,3,7,5,4,0,4,4,16,7,2,2,0,0
KINGBE01,1989,Bernard,King,WA1,N,82,2687,1837,129,275,404,376,51,7,248,230,1459,711,513,412,23,3
KINGST01,1989,Stacey,King,CHI,N,82,1777,728,169,215,384,87,38,58,119,215,530,267,267,194,1,0
KITEGR01,1989,Greg,Kite,SAC,N,71,1515,230,131,246,377,76,31,51,76,201,234,101,54,27,1,1
KLEINJO01,1989,Joe,Kleine,BOS,N,81,1365,435,117,238,355,46,15,27,64,170,367,176,100,83,4,0
KONCAJO01,1989,Jon,Koncak,ATL,N,54,977,198,58,168,226,23,38,34,47,182,127,78,79,42,1,0
KORNEFR01,1989,Frank,Kornet,MIL,N,57,438,113,25,46,71,21,14,3,23,54,114,42,39,24,20,5
KRYSTLA01,1989,Larry,Krystkowiak,MIL,N,16,381,112,16,60,76,25,10,2,19,41,118,43,33,26,2,0
LAIMBBI01,1989,Bill,Laimbeer,DET,N,81,2675,981,166,614,780,171,57,84,98,278,785,380,192,164,158,57
LANEJE01,1989,Jerome,Lane,DEN,N,67,956,334,144,217,361,105,53,17,85,189,309,145,120,44,5,0
LANGAN01,1989,Andrew,Lang,PHO,N,74,1011,258,83,188,271,21,22,133,41,171,174,97,98,64,0,0
LEBOJE01,1989,Jeff,Lebo,SAS,N,4,32,6,2,2,4,3,2,0,1,7,7,2,2,2,0,0
LECKNER01,1989,Eric,Leckner,UTA,N,77,764,331,48,144,192,19,15,23,63,157,222,125,109,81,0,0
LEGLETI01,1989,Tim,Legler,PHO,N,11,83,28,4,4,8,6,2,0,4,12,29,11,6,6,1,0
LEONAGA01,1989,Gary,Leonard,MIN,N,22,127,32,10,17,27,1,3,9,8,26,31,13,14,6,1,0
LESJI01,1989,Jim,Les,UTA,N,1,6,2,0,0,0,1,0,0,3,3,0,0,4,2,0,0
LESJI01,1989,Jim,Les,LAC,N,6,86,21,3,4,7,20,3,0,7,6,14,5,13,11,1,0
LESJI01,1989,Jim,Les,TOT,N,7,92,23,3,4,7,21,3,0,10,9,14,5,17,13,1,0
LETTCL01,1989,Clifford,Lett,CHI,N,4,28,4,0,0,0,1,0,0,2,8,8,2,0,0,0,0
LEVERLA01,1989,Lafayette,Lever,DEN,N,79,2832,1443,230,504,734,517,168,13,156,172,1283,568,337,271,87,36
LEVINCL01,1989,Cliff,Levingston,ATL,N,75,1706,516,113,206,319,80,55,41,49,216,424,216,122,83,5,1
LEWISRA02,1989,Ralph,Lewis,DET,N,4,6,0,0,0,0,0,0,0,1,1,1,0,0,0,0,0
LEWISRA02,1989,Ralph,Lewis,TOT,N,7,26,10,4,2,6,0,1,0,2,3,7,4,2,2,0,0
LEWISRA02,1989,Ralph,Lewis,CHA,N,3,20,10,4,2,6,0,1,0,1,2,6,4,2,2,0,0
LEWISRE01,1989,Reggie,Lewis,BOS,N,79,2522,1340,109,238,347,225,88,63,120,216,1089,540,317,256,15,4
LICHTTO01,1989,Todd,Lichti,DEN,N,79,1326,630,49,102,151,116,55,13,95,145,514,250,174,130,14,0
LISTEAL01,1989,Alton,Lister,GSW,N,3,40,12,5,3,8,2,1,0,0,8,8,4,7,4,1,0
LLOYDLE01,1989,Lewis,Lloyd,PHI,N,2,10,2,0,0,0,0,0,0,4,3,2,1,0,0,0,0
LLOYDLE01,1989,Lewis,Lloyd,HOU,N,19,113,67,8,10,18,11,3,0,16,9,51,29,16,9,0,0
LLOYDLE01,1989,Lewis,Lloyd,TOT,N,21,123,69,8,10,18,11,3,0,20,12,53,30,16,9,0,0
LOHAUBR01,1989,Brad,Lohaus,TOT,N,80,1943,732,98,300,398,168,58,88,109,211,663,305,103,75,137,47
LOHAUBR01,1989,Brad,Lohaus,MIL,N,52,1353,522,77,211,288,106,44,66,64,145,461,211,77,54,121,46
LOHAUBR01,1989,Brad,Lohaus,MIN,N,28,590,210,21,89,110,62,14,22,45,66,202,94,26,21,16,1
LONGGR01,1989,Grant,Long,MIA,N,81,1856,686,156,246,402,96,91,38,139,300,532,257,241,172,3,0
LONGJO01,1989,John,Long,ATL,N,48,1030,404,26,57,83,85,45,5,75,66,384,174,55,46,29,10
LOWESI01,1989,Sidney,Lowe,MIN,N,80,1744,187,41,122,163,337,73,4,63,114,229,73,54,39,9,2
LUCASJO01,1989,John,Lucas,HOU,N,49,938,286,19,71,90,238,45,2,85,59,291,109,55,42,87,26
MAHORRI01,1989,Rick,Mahorn,PHI,N,75,2271,811,167,401,568,98,44,103,104,251,630,313,256,183,9,2
MAJERDA01,1989,Dan,Majerle,PHO,N,73,2244,809,144,286,430,188,100,32,82,177,698,296,260,198,80,19
MALONJE01,1989,Jeff,Malone,WA1,N,75,2567,1820,54,152,206,243,48,6,125,116,1592,781,293,257,6,1
MALONKA01,1989,Karl,Malone,UTA,N,82,3122,2540,232,679,911,226,121,50,304,259,1627,914,913,696,43,16
MALONMO01,1989,Moses,Malone,ATL,N,81,2735,1528,364,448,812,130,47,84,232,158,1077,517,631,493,9,1
MANNIDA01,1989,Danny,Manning,LAC,N,71,2269,1154,142,280,422,187,91,39,188,261,826,440,370,274,5,0
MARBLRO01,1989,Roy,Marble,ATL,N,24,162,51,15,9,24,11,7,1,14,16,58,16,29,19,2,0
MARCISA01,1989,Sarunas,Marciulionis,GSW,N,75,1695,905,84,137,221,121,94,7,137,230,557,289,403,317,39,10
MARTIJE01,1989,Jeff,Martin,LAC,N,69,1351,433,78,81,159,44,41,16,47,97,414,170,129,91,15,2
MASONAN01,1989,Anthony,Mason,NJN,N,21,108,37,11,23,34,7,2,2,11,20,40,14,15,9,0,0
MATTHWE01,1989,Wes,Matthews,ATL,N,1,13,4,0,0,0,5,0,0,0,0,3,1,2,2,1,0
MAXWEVE01,1989,Vernon,Maxwell,SAS,N,49,1118,340,35,106,141,146,42,5,71,79,306,133,95,59,52,15
MAXWEVE01,1989,Vernon,Maxwell,TOT,N,79,1987,714,50,178,228,296,84,10,143,148,627,275,211,136,105,28
MAXWEVE01,1989,Vernon,Maxwell,HOU,N,30,869,374,15,72,87,150,42,5,72,69,321,142,116,77,53,13
MCCANBO01,1989,Bob,Mccann,DAL,N,10,62,26,4,8,12,6,2,2,6,7,21,7,14,12,0,0
MCCANME01,1989,Mel,Mccants,LAL,N,13,65,22,1,5,6,2,3,1,1,11,26,8,8,6,0,0
MCCLOGE01,1989,George,Mccloud,IND,N,44,413,118,12,30,42,45,19,3,36,56,144,45,19,15,40,13
MCCORTI01,1989,Tim,Mccormick,HOU,N,18,116,30,8,19,27,3,3,1,10,24,29,10,19,10,0,0
MCCRARO01,1989,Rodney,Mccray,SAC,N,82,3238,1358,192,477,669,377,60,70,174,176,1043,537,348,273,42,11
MCDANXA01,1989,Xavier,Mcdaniel,SEA,N,69,2432,1471,165,282,447,171,73,36,187,231,1233,611,333,244,17,5
MCGEEMI01,1989,Mike,Mcgee,PHO,N,14,280,102,11,25,36,16,8,1,14,28,87,42,21,10,23,8
MCHALKE01,1989,Kevin,Mchale,BOS,N,82,2722,1712,201,476,677,172,30,157,183,250,1181,648,440,393,69,23
MCKEYDE01,1989,Derrick,Mckey,SEA,N,80,2748,1254,170,319,489,187,87,81,192,247,949,468,403,315,23,3
MCKINCA01,1989,Carlton,Mckinney,LAC,N,7,104,18,4,8,12,7,6,1,7,15,32,8,4,2,1,0
MCMILNA01,1989,Nate,Mcmillan,SEA,N,82,2338,523,127,276,403,598,140,37,187,289,438,207,153,98,31,11
MCNAMMA01,1989,Mark,Mcnamara,LAL,N,33,190,102,22,41,63,3,2,1,21,31,86,38,40,26,0,0
MEENTSC01,1989,Scott,Meents,SEA,N,26,148,55,7,23,30,7,4,3,9,12,44,19,23,17,0,0
MILLERE01,1989,Reggie,Miller,IND,N,82,3192,2016,95,200,295,311,110,18,222,175,1287,661,627,544,362,150
MITCHSA01,1989,Sam,Mitchell,MIN,N,80,2414,1012,180,282,462,89,66,54,96,301,834,372,349,268,9,0
MOKESPA01,1989,Paul,Mokeski,CLE,N,38,449,151,27,72,99,17,8,10,26,76,150,63,36,25,1,0
MOOREJO01,1989,Johnny,Moore,SAS,N,53,516,118,16,36,52,82,32,3,39,55,126,47,27,16,34,8
MORRICH01,1989,Chris,Morris,NJN,N,80,2449,1187,194,228,422,143,130,79,185,219,1065,449,316,228,193,61
MORRIMI01,1989,Mike,Morrison,PHO,N,36,153,72,7,13,20,11,2,0,23,20,68,23,30,24,7,2
MORTOJO01,1989,John,Morton,CLE,N,37,402,146,7,25,32,67,18,4,51,30,161,48,62,43,30,7
MULLICH01,1989,Chris,Mullin,GSW,N,78,2830,1956,130,333,463,319,123,45,239,142,1272,682,568,505,234,87
MURPHTO01,1989,Tod,Murphy,MIN,N,82,2493,680,207,357,564,106,76,60,61,229,552,260,203,144,43,16
MYERSPE01,1989,Pete,Myers,NYK,N,24,208,46,10,18,28,35,15,2,18,39,45,15,31,16,1,0
MYERSPE01,1989,Pete,Myers,NJN,N,28,543,198,23,45,68,100,20,9,58,70,180,74,69,50,6,0
MYERSPE01,1989,Pete,Myers,TOT,N,52,751,244,33,63,96,135,35,11,76,109,225,89,100,66,7,0
NANCELA01,1989,Larry,Nance,CLE,N,62,2065,1011,162,354,516,161,54,122,110,185,807,412,239,186,1,1
NATTCA01,1989,Calvin,Natt,IND,N,14,164,57,10,25,35,9,1,0,5,14,31,20,22,17,0,0
NEALYED01,1989,Ed,Nealy,CHI,N,46,503,104,46,92,138,28,16,4,17,67,70,37,41,30,2,0
NEVITCH01,1989,Chuck,Nevitt,HOU,N,3,9,4,0,3,3,1,0,1,2,3,2,2,0,0,0,0
NEWMAJO01,1989,Johnny,Newman,NYK,N,80,2277,1032,60,131,191,180,95,22,143,254,786,374,299,239,142,45
NIMPHKU01,1989,Kurt,Nimphius,PHI,N,38,314,90,22,39,61,6,4,18,12,45,91,38,30,14,1,0
NIXDY01,1989,Dyron,Nix,IND,N,20,109,39,8,18,26,5,3,1,7,15,39,14,16,11,0,0
NORMAKE01,1989,Ken,Norman,LAC,N,70,2334,1128,143,327,470,160,78,59,190,196,949,484,242,153,16,7
OAKLECH01,1989,Charles,Oakley,NYK,N,61,2196,889,258,469,727,146,64,16,165,220,641,336,285,217,3,0
OLAJUHA01,1989,Hakeem,Olajuwon,HOU,N,82,3124,1995,299,850,1149,234,174,376,316,314,1609,806,536,382,6,1
OLDHAJA01,1989,Jawann,Oldham,TOT,N,6,45,9,4,12,16,1,2,3,4,9,6,3,7,3,0,0
OLDHAJA01,1989,Jawann,Oldham,ORL,N,3,36,4,4,11,15,0,2,3,3,6,3,1,5,2,0,0
OLDHAJA01,1989,Jawann,Oldham,LAL,N,3,9,5,0,1,1,1,0,0,1,3,3,2,2,1,0,0
ORTIZJO01,1989,Jose,Ortiz,UTA,N,13,64,42,8,7,15,7,2,1,5,15,42,19,5,3,2,1
PARISRO01,1989,Robert,Parish,BOS,N,79,2396,1243,259,537,796,103,38,69,169,189,871,505,312,233,0,0
PASPAZA01,1989,Zarko,Paspalj,SAS,N,28,181,72,15,15,30,10,3,7,21,37,79,27,22,18,1,0
PAXSOJI01,1989,Jim,Paxson,BOS,N,72,1283,460,24,53,77,137,33,5,54,115,422,191,90,73,20,5
PAXSOJO01,1989,John,Paxson,CHI,N,82,2365,819,27,92,119,335,83,6,85,176,708,365,68,56,92,33
PAYNEKE01,1989,Kenny,Payne,PHI,N,35,216,114,11,15,26,10,7,6,20,37,108,47,18,16,10,4
PERDUWI01,1989,Will,Perdue,CHI,N,77,884,294,88,126,214,46,19,26,65,150,268,111,104,72,5,0
PERKISA01,1989,Sam,Perkins,DAL,N,76,2668,1206,209,363,572,175,88,64,148,225,883,435,424,330,28,6
PERRYTI01,1989,Tim,Perry,PHO,N,60,612,254,79,73,152,17,21,22,47,76,195,100,90,53,1,1
PERSOCH01,1989,Chuck,Person,IND,N,77,2714,1515,126,319,445,230,53,20,170,217,1242,605,270,211,253,94
PETERJI01,1989,Jim,Petersen,GSW,N,43,592,172,49,111,160,23,17,20,36,103,141,60,73,52,1,0
PETRODR01,1989,Drazen,Petrovic,POR,N,77,967,583,50,61,111,116,23,2,96,134,427,207,160,135,74,34
PIERCRI01,1989,Ricky,Pierce,MIL,N,59,1709,1359,64,103,167,133,50,7,129,158,987,503,366,307,133,46
PINCKED01,1989,Ed,Pinckney,BOS,N,77,1082,362,93,132,225,68,34,42,56,126,249,135,119,92,1,0
PIPPESC01,1989,Scottie,Pippen,CHI,N,82,3148,1351,150,397,547,444,211,101,278,298,1150,562,295,199,112,28
POLYNOL01,1989,Olden,Polynice,SEA,N,79,1085,360,128,172,300,15,25,21,35,187,289,156,99,47,2,1
PORTETE01,1989,Terry,Porter,POR,N,80,2781,1406,59,213,272,726,151,4,245,150,969,448,472,421,238,89
PRESSHA01,1989,Harold,Pressley,SAC,N,72,1603,636,94,215,309,149,58,36,88,148,566,240,141,110,148,46
PRESSPA01,1989,Paul,Pressey,MIL,N,57,1400,628,59,113,172,244,71,23,109,149,506,239,190,144,43,6
PRICEMA01,1989,Mark,Price,CLE,N,73,2706,1430,66,185,251,666,114,5,214,89,1066,489,338,300,374,152
QUINNBR01,1989,Brian,Quinnett,NYK,N,31,193,40,9,19,28,11,3,4,4,27,58,19,3,2,2,0
RAMBIKU01,1989,Kurt,Rambis,CHA,N,16,448,146,48,72,120,28,32,10,29,45,116,58,55,30,1,0
RAMBIKU01,1989,Kurt,Rambis,PHO,N,58,1456,316,108,297,405,107,68,27,75,163,257,132,72,52,2,0
RAMBIKU01,1989,Kurt,Rambis,TOT,N,74,1904,462,156,369,525,135,100,37,104,208,373,190,127,82,3,0
RASMUBL01,1989,Blair,Rasmussen,DEN,N,81,1995,1001,174,420,594,82,40,104,75,300,895,445,134,111,1,0
REIDJR01,1989,J.r.,Reid,CHA,N,82,2757,908,199,492,691,101,92,54,172,292,814,358,289,192,5,0
REIDRO01,1989,Robert,Reid,POR,N,12,85,31,1,7,8,8,2,2,1,17,33,13,8,4,3,1
REIDRO01,1989,Robert,Reid,TOT,N,72,1202,414,34,117,151,90,38,16,45,153,447,175,86,54,32,10
REIDRO01,1989,Robert,Reid,CHA,N,60,1117,383,33,110,143,82,36,14,44,136,414,162,78,50,29,9
REYNOJE01,1989,Jerry,Reynolds,ORL,N,67,1817,858,91,232,323,180,93,64,139,162,741,309,322,239,14,1
RICEGL01,1989,Glen,Rice,MIA,N,77,2311,1048,100,252,352,138,67,27,113,198,1071,470,124,91,69,17
RICHAPO01,1989,Pooh,Richardson,MIN,N,82,2581,938,55,162,217,554,133,25,141,143,925,426,107,63,83,23
RICHMMI01,1989,Mitch,Richmond,GSW,N,78,2799,1720,98,262,360,223,98,24,201,210,1287,640,469,406,95,34
RIVERDA01,1989,David,Rivers,LAC,N,52,724,219,30,55,85,155,31,0,88,53,197,80,78,59,5,0
RIVERDO01,1989,Doc,Rivers,ATL,N,48,1526,598,47,153,200,264,116,22,98,151,480,218,170,138,66,24
ROBERAL01,1989,Alvin,Robertson,MIL,N,81,2599,1153,230,329,559,445,207,17,217,280,946,476,266,197,26,4
ROBERFR01,1989,Fred,Roberts,MIL,N,82,2235,857,107,204,311,147,56,25,130,210,666,330,249,195,11,2
ROBINCL02,1989,Clifford,Robinson,POR,N,82,1565,746,110,198,308,72,53,53,129,226,751,298,251,138,44,12
ROBINDA01,1989,David,Robinson,SAS,N,82,3002,1993,303,680,983,164,138,319,257,259,1300,690,837,613,2,0
RODMADE01,1989,Dennis,Rodman,DET,N,82,2377,719,336,456,792,72,52,60,90,276,496,288,217,142,9,1
ROLLITR01,1989,Tree,Rollins,CLE,N,48,674,125,58,95,153,24,13,53,35,83,125,57,16,11,1,0
ROTHDO01,1989,Doug,Roth,WA1,N,42,412,81,44,76,120,20,8,13,16,70,86,37,14,7,1,0
ROTHSC01,1989,Scott,Roth,MIN,N,71,1061,486,34,78,112,115,51,6,85,144,420,159,201,150,52,18
ROWINJI01,1989,Jim,Rowinski,MIA,N,14,112,50,17,12,29,5,1,2,10,19,32,14,26,22,0,0
ROWSOBR01,1989,Brian,Rowsom,CHA,N,44,559,225,44,87,131,22,18,11,25,58,179,78,83,68,2,1
ROYALDO01,1989,Donald,Royal,MIN,N,66,746,387,69,68,137,43,32,8,81,107,255,117,197,153,1,0
RUDDDE01,1989,Delaney,Rudd,UTA,N,77,850,273,12,43,55,177,22,1,88,81,259,111,53,35,56,16
SALLEJO01,1989,John,Salley,DET,N,82,1914,593,154,285,439,67,51,153,97,282,408,209,244,174,4,1
SAMPSRA01,1989,Ralph,Sampson,SAC,N,26,417,109,11,73,84,28,14,22,34,66,129,48,23,12,4,1
SANDEJE01,1989,Jeff,Sanders,CHI,N,31,182,28,17,22,39,9,4,4,15,27,40,13,4,2,0,0
SANDEMI01,1989,Mike,Sanders,IND,N,82,1531,510,78,152,230,89,43,23,79,220,479,225,75,55,14,5
SCHAYDA01,1989,Danny,Schayes,DEN,N,53,1194,551,117,225,342,61,41,45,72,200,330,163,264,225,4,0
SCHREDE01,1989,Detlef,Schrempf,IND,N,78,2573,1267,149,471,620,247,59,16,180,271,822,424,490,402,48,17
SCOTTBY01,1989,Byron,Scott,LAL,N,77,2593,1197,51,191,242,274,77,31,122,180,1005,472,209,160,220,93
SEIKARO01,1989,Rony,Seikaly,MIA,N,74,2409,1228,253,513,766,78,78,124,236,258,968,486,431,256,1,0
SELLEBR01,1989,Brad,Sellers,MIN,N,14,113,47,8,11,19,1,6,3,12,11,56,19,12,9,2,0
SELLEBR01,1989,Brad,Sellers,SEA,N,45,587,217,31,39,70,32,11,19,34,63,198,84,61,49,3,0
SELLEBR01,1989,Brad,Sellers,TOT,N,59,700,264,39,50,89,33,17,22,46,74,254,103,73,58,5,0
SHACKCH01,1989,Char,Shackleford,NJN,N,70,1557,573,180,299,479,56,40,35,116,183,535,247,115,79,1,0
SHASKJO01,1989,John,Shasky,GSW,N,14,51,10,4,9,13,1,1,2,2,10,14,4,6,2,0,0
SHORTPU01,1989,Purvis,Short,NJN,N,82,2213,1072,101,147,248,145,66,20,119,202,950,432,237,198,35,10
SHOUSDE01,1989,Dexter,Shouse,PHI,N,3,18,0,0,0,0,2,1,1,2,2,4,0,0,0,1,0
SICHTJE01,1989,Jerry,Sichting,MIL,N,1,27,3,0,0,0,2,0,0,0,1,6,0,4,3,0,0
SICHTJE01,1989,Jerry,Sichting,TOT,N,35,496,121,3,16,19,94,16,2,22,40,125,50,22,18,12,3
SICHTJE01,1989,Jerry,Sichting,CHA,N,34,469,118,3,16,19,92,16,2,22,39,119,50,18,15,12,3
SIKMAJA01,1989,Jack,Sikma,MIL,N,71,2250,986,109,383,492,229,76,48,139,244,827,344,260,230,199,68
SKILESC01,1989,Scott,Skiles,ORL,N,70,1460,536,23,136,159,334,36,4,90,126,464,190,119,104,132,52
SMITHCH01,1989,Charles,Smith,LAC,N,78,2732,1645,177,347,524,114,86,119,162,294,1145,595,572,454,12,1
SMITHCH02,1989,Charles,Smith,BOS,N,60,519,171,14,55,69,103,35,3,36,75,133,59,76,53,7,0
SMITHDE01,1989,Derek,Smith,PHI,N,75,1405,668,62,110,172,109,35,20,85,198,514,261,186,130,36,16
SMITHKE01,1989,Kenny,Smith,ATL,N,33,674,255,7,30,37,142,22,1,47,45,204,98,65,55,24,4
SMITHKE01,1989,Kenny,Smith,SAC,N,46,1747,688,11,109,120,303,57,7,122,98,607,280,131,106,59,22
SMITHKE01,1989,Kenny,Smith,TOT,N,79,2421,943,18,139,157,445,79,8,169,143,811,378,196,161,83,26
SMITHLA01,1989,Larry,Smith,HOU,N,74,1300,222,180,272,452,69,56,28,70,203,213,101,55,20,2,0
SMITHMI02,1989,Michael,Smith,BOS,N,65,620,327,40,60,100,79,9,1,54,51,286,136,64,53,28,2
SMITHOT01,1989,Otis,Smith,ORL,N,65,1644,875,117,183,300,147,76,57,102,174,708,348,222,169,40,10
SMITSRI01,1989,Rik,Smits,IND,N,82,2404,1271,135,377,512,142,45,169,143,328,967,515,297,241,1,0
SMREKMI01,1989,Mike,Smrek,GSW,N,13,107,21,11,23,34,1,4,11,9,18,24,10,6,1,0,0
SPARRRO01,1989,Rory,Sparrow,MIA,N,82,1756,487,37,101,138,298,49,4,99,140,510,210,77,59,40,8
STOCKJO01,1989,John,Stockton,UTA,N,78,2915,1345,57,149,206,1134,207,18,272,233,918,472,432,354,113,47
STOKEGR01,1989,Greg,Stokes,SAC,N,11,34,4,2,3,5,0,0,0,3,8,9,1,2,2,0,0
STRICRO01,1989,Rod,Strickland,NYK,N,51,1019,429,43,83,126,219,70,8,85,71,386,170,130,83,21,6
STRICRO01,1989,Rod,Strickland,TOT,N,82,2140,868,90,169,259,468,127,14,170,160,756,343,278,174,30,8
STRICRO01,1989,Rod,Strickland,SAS,N,31,1121,439,47,86,133,249,57,6,85,89,370,173,148,91,9,2
SUNDVJO01,1989,Jon,Sundvold,MIA,N,63,867,384,15,56,71,102,25,0,52,69,363,148,52,44,100,44
TARPLRO01,1989,Roy,Tarpley,DAL,N,45,1648,758,189,400,589,67,79,70,117,160,696,314,172,130,6,0
TAYLOJA01,1989,Jay,Taylor,NJN,N,17,114,51,5,6,11,5,5,3,10,9,52,21,9,6,13,3
TAYLOLE01,1989,Leonard,Taylor,GSW,N,10,37,11,4,8,12,1,0,0,5,4,6,0,16,11,1,0
TEAGLTE01,1989,Terry,Teagle,GSW,N,82,2376,1323,114,253,367,155,91,15,144,231,1122,538,294,244,14,3
THEUSRE01,1989,Reggie,Theus,ORL,N,76,2350,1438,75,146,221,407,60,12,226,194,1178,517,443,378,105,26
THOMAIS01,1989,Isiah,Thomas,DET,N,81,2993,1492,74,234,308,765,139,19,322,206,1322,579,377,292,136,42
THOMPBI01,1989,Billy,Thompson,MIA,N,79,2142,867,238,313,551,166,54,89,156,237,727,375,185,115,4,2
THOMPLA01,1989,Lasalle,Thompson,IND,N,82,2126,554,175,455,630,106,65,71,150,313,471,223,134,107,5,1
THOMPMY01,1989,Mychal,Thompson,LAL,N,70,1883,706,173,304,477,43,33,73,79,207,562,281,204,144,0,0
THORNBO01,1989,Bob,Thornton,PHI,N,56,592,123,45,88,133,17,20,12,35,105,112,48,51,26,3,1
THORPOT01,1989,Otis,Thorpe,HOU,N,82,2947,1401,258,476,734,261,66,24,229,270,998,547,446,307,10,0
THREASE01,1989,Sedale,Threatt,SEA,N,65,1481,744,43,72,115,216,65,8,77,164,599,303,157,130,32,8
TISDAWA01,1989,Wayman,Tisdale,SAC,N,79,2937,1758,185,410,595,108,54,54,153,251,1383,726,391,306,6,0
TOLBETO01,1989,Tom,Tolbert,GSW,N,70,1347,616,122,241,363,58,23,25,79,191,442,218,241,175,18,5
TONEYSE01,1989,Sedric,Toney,ATL,N,32,286,88,3,11,14,52,10,0,21,35,72,30,25,21,13,7
TONEYSE01,1989,Sedric,Toney,SAC,N,32,682,176,11,35,46,122,23,0,52,71,178,57,58,46,50,16
TONEYSE01,1989,Sedric,Toney,TOT,N,64,968,264,14,46,60,174,33,0,73,106,250,87,83,67,63,23
TRIPUKE01,1989,Kelly,Tripucka,CHA,N,79,2404,1232,82,240,322,224,75,16,176,220,1029,442,351,310,104,38
TUCKETR01,1989,Trent,Tucker,NYK,N,81,1725,667,57,117,174,173,74,8,73,159,606,253,86,66,245,95
TURNEAN01,1989,Andre,Turner,LAC,N,3,31,4,3,2,5,3,1,0,4,1,13,2,0,0,1,0
TURNEAN01,1989,Andre,Turner,TOT,N,11,115,26,4,4,8,23,8,0,12,6,38,11,4,4,2,0
TURNEAN01,1989,Andre,Turner,CHA,N,8,84,22,1,2,3,20,7,0,8,5,25,9,4,4,1,0
TURNEHE01,1989,Henry,Turner,SAC,N,36,315,156,22,28,50,22,17,7,26,40,122,58,65,40,3,0
TURNEJE01,1989,Jeff,Turner,ORL,N,60,1105,308,52,175,227,53,23,12,61,161,308,132,54,42,10,2
TURPIME01,1989,Mel,Turpin,WA1,N,59,818,276,88,133,221,27,15,47,45,135,209,110,71,56,2,0
UPSHAKE01,1989,Kelvin,Upshaw,DAL,N,3,4,2,0,0,0,0,0,0,0,0,3,1,0,0,1,0
UPSHAKE01,1989,Kelvin,Upshaw,BOS,N,14,131,30,3,10,13,28,2,1,12,19,39,12,6,4,5,2
UPSHAKE01,1989,Kelvin,Upshaw,GSW,N,23,252,128,6,22,28,26,25,0,15,34,104,51,31,24,9,2
UPSHAKE01,1989,Kelvin,Upshaw,TOT,N,40,387,160,9,32,41,54,27,1,27,53,146,64,37,28,15,4
VANDEKI01,1989,Kiki,Vandeweghe,NYK,N,22,563,258,15,38,53,41,15,3,26,28,231,102,48,44,19,10
VINCEJA01,1989,Jay,Vincent,TOT,N,41,459,214,20,42,62,18,18,5,33,52,183,86,49,41,2,1
VINCEJA01,1989,Jay,Vincent,LAL,N,24,200,90,7,19,26,10,8,3,19,29,78,41,12,8,1,0
VINCEJA01,1989,Jay,Vincent,PHI,N,17,259,124,13,23,36,8,10,2,14,23,105,45,37,33,1,1
VINCESA01,1989,Sam,Vincent,ORL,N,63,1657,705,37,157,194,354,65,20,132,108,564,258,214,188,14,1
VOCEGA01,1989,Gary,Voce,CLE,N,1,4,2,2,0,2,0,0,0,0,0,3,1,0,0,0,0
VOLKOAL01,1989,Alexander,Volkov,ATL,N,72,937,357,52,67,119,83,36,22,52,166,284,137,120,70,34,13
WADEMA01,1989,Mark,Wade,DAL,N,1,3,0,0,0,0,2,0,0,0,0,0,0,0,0,0,0
WALKEDA01,1989,Darrell,Walker,WA1,N,81,2883,772,173,541,714,652,139,30,173,220,696,316,201,138,21,2
WALKEKE01,1989,Kenny,Walker,NYK,N,68,1595,535,131,212,343,49,33,52,60,178,384,204,173,125,5,2
WEBBSP01,1989,Spud,Webb,ATL,N,82,2184,751,38,163,201,477,105,12,141,185,616,294,186,162,19,1
WELPCH01,1989,Chris,Welp,SAS,N,13,56,15,7,5,12,5,1,0,6,21,23,7,2,1,0,0
WELPCH01,1989,Chris,Welp,GSW,N,14,142,50,11,25,36,4,5,8,9,37,38,16,23,18,0,0
WELPCH01,1989,Chris,Welp,TOT,N,27,198,65,18,30,48,9,6,8,15,58,61,23,25,19,0,0
WENNIBI01,1989,Bill,Wennington,DAL,N,60,814,270,64,134,198,41,20,21,50,144,234,105,75,60,4,0
WESTDO01,1989,Doug,West,MIN,N,52,378,135,24,46,70,18,10,6,31,61,135,53,32,26,11,3
WESTMA01,1989,Mark,West,PHO,N,82,2399,861,212,516,728,45,36,184,126,277,530,331,288,199,0,0
WHITERA01,1989,Randy,White,DAL,N,55,707,237,78,95,173,21,24,6,47,124,252,93,89,50,14,1
WIGGIMI01,1989,Mitchell,Wiggins,HOU,N,66,1852,1024,133,153,286,104,85,1,87,165,853,416,237,192,3,0
WILEYMO01,1989,Morlon,Wiley,ORL,N,40,638,229,13,39,52,114,45,3,63,65,208,92,38,28,46,17
WILKIDO01,1989,Dominique,Wilkins,ATL,N,80,2888,2138,217,304,521,200,126,47,174,141,1672,810,569,459,183,59
WILKIED01,1989,Eddielee,Wilkins,NYK,N,79,972,371,114,151,265,16,18,18,73,152,310,141,147,89,2,0
WILKIGE01,1989,Gerald,Wilkins,NYK,N,82,2609,1191,133,238,371,330,95,21,194,188,1032,472,259,208,125,39
WILLIBU01,1989,Buck,Williams,POR,N,82,2801,1114,250,550,800,116,69,39,168,285,754,413,408,288,1,0
WILLIHE01,1989,Herb,Williams,DAL,N,81,2199,700,76,315,391,119,51,106,106,243,665,295,159,108,9,2
WILLIHO01,1989,Hotrod,Williams,CLE,N,82,2776,1381,220,443,663,168,86,167,143,214,1070,528,440,325,0,0
WILLIJO01,1989,John,Williams,WA1,N,18,632,327,27,109,136,84,21,9,43,33,274,130,84,65,18,2
WILLIKE01,1989,Kevin,Willis,ATL,N,81,2273,1006,253,392,645,57,63,47,144,259,805,418,246,168,7,2
WILLIMI01,1989,Michael,Williams,TOT,N,28,329,156,12,20,32,81,22,1,33,39,119,60,46,36,3,0
WILLIMI01,1989,Michael,Williams,PHO,N,6,26,5,1,0,1,4,0,0,5,0,10,2,2,1,0,0
WILLIMI01,1989,Michael,Williams,CHA,N,22,303,151,11,20,31,77,22,1,28,39,109,58,44,35,3,0
WILLIMI03,1989,Mike,Williams,SAC,N,16,88,15,5,17,22,2,3,7,3,28,14,6,6,3,1,0
WILLIMI03,1989,Mike,Williams,TOT,N,21,102,15,5,18,23,2,3,7,3,30,18,6,6,3,1,0
WILLIMI03,1989,Mike,Williams,ATL,N,5,14,0,0,1,1,0,0,0,0,2,4,0,0,0,0,0
WILLIRE01,1989,Reggie,Williams,TOT,N,47,743,320,28,55,83,53,32,14,45,102,338,131,68,52,37,6
WILLIRE01,1989,Reggie,Williams,SAS,N,10,68,42,3,5,8,5,1,3,4,16,42,19,6,4,5,0
WILLIRE01,1989,Reggie,Williams,LAC,N,5,133,60,8,7,15,10,9,1,9,7,57,21,21,18,5,0
WILLIRE01,1989,Reggie,Williams,CLE,N,32,542,218,17,43,60,38,22,10,32,79,239,91,41,30,27,6
WINGADA01,1989,David,Wingate,SAS,N,78,1856,527,62,133,195,208,89,18,127,154,491,220,112,87,13,0
WITTMRA01,1989,Randy,Wittman,IND,N,61,544,130,4,26,30,39,7,4,23,21,122,62,6,5,2,1
WOLFJO01,1989,Joe,Wolf,LAC,N,77,1325,370,63,169,232,62,30,24,77,129,392,155,71,55,25,5
WOODLE01,1989,Leon,Wood,NJN,N,28,200,50,1,11,12,47,6,0,8,16,49,16,16,14,21,4
WOODSMI01,1989,Mike,Woodson,HOU,N,61,972,394,25,63,88,66,42,11,49,100,405,160,86,62,41,12
WOOLROR01,1989,Orlando,Woolridge,LAL,N,62,1421,788,49,136,185,96,39,46,73,160,550,306,240,176,5,0
WORKMHA01,1989,Haywoode,Workman,ATL,N,6,16,6,0,3,3,2,3,0,0,3,3,2,2,2,0,0
WORTHJA01,1989,James,Worthy,LAL,N,80,2960,1685,160,318,478,288,99,49,160,190,1298,711,317,248,49,15
YOUNGDA01,1989,Danny,Young,POR,N,82,1393,383,29,93,122,231,82,4,80,84,328,138,112,91,59,16
YOUNGMI01,1989,Michael,Young,LAC,N,45,459,219,36,50,86,24,25,3,15,47,194,92,38,27,26,8
ABDELAL01,1990,Alaa,Abdelnaby,POR,N,43,290,135,27,62,89,12,4,12,22,39,116,55,44,25,0,0
ABDULMA01,1990,Mahmo,Abdul-rauf,DEN,N,67,1505,942,34,87,121,206,55,4,110,149,1009,417,98,84,100,24
ACRESMA01,1990,Mark,Acres,ORL,N,68,1313,285,140,219,359,25,25,25,42,218,214,109,101,66,3,1
ADAMSMI01,1990,Michael,Adams,DEN,N,66,2346,1752,58,198,256,693,147,6,240,162,1421,560,529,465,564,167
AGUIRMA01,1990,Mark,Aguirre,DET,N,78,2006,1104,134,240,374,139,47,20,128,209,909,420,317,240,78,24
AINGEDA01,1990,Danny,Ainge,POR,N,80,1710,890,45,160,205,285,63,13,100,195,714,337,138,114,251,102
ALARIMA01,1990,Mark,Alarie,WA1,N,42,587,244,41,76,117,45,15,8,40,88,225,99,48,41,21,5
ALFORST01,1990,Steve,Alford,DAL,N,34,236,151,10,14,24,22,8,1,16,11,117,59,31,26,23,7
ANDERCA01,1990,Cadillac,Anderson,TOT,N,68,924,292,97,221,318,16,35,45,84,140,270,116,115,60,1,0
ANDERCA01,1990,Cadillac,Anderson,NJN,N,1,18,8,4,2,6,1,2,0,1,4,4,4,0,0,0,0
ANDERCA01,1990,Cadillac,Anderson,MIL,N,26,247,70,26,49,75,3,8,9,22,29,73,27,28,16,1,0
ANDERCA01,1990,Cadillac,Anderson,DEN,N,41,659,214,67,170,237,12,25,36,61,107,193,85,87,44,0,0
ANDERNI01,1990,Nick,Anderson,ORL,N,70,1971,990,92,294,386,106,74,44,113,145,857,400,259,173,58,17
ANDERRO01,1990,Ron,Anderson,PHI,N,82,2340,1198,103,264,367,115,65,13,100,163,1055,512,198,165,43,9
ANDERWI01,1990,Willie,Anderson,SAS,N,75,2592,1083,68,283,351,358,79,46,167,226,991,453,213,170,35,7
ANSLEMI01,1990,Michael,Ansley,ORL,N,67,877,379,122,131,253,25,27,7,32,125,263,144,127,91,0,0
ARMSTBJ01,1990,B.j.,Armstrong,CHI,N,82,1731,720,25,124,149,301,70,4,107,118,632,304,111,97,30,15
ASKEWVI01,1990,Vincent,Askew,GSW,N,7,85,33,7,4,11,13,2,0,6,21,25,12,11,9,0,0
ASKINKE01,1990,Keith,Askins,MIA,N,39,266,86,30,38,68,19,16,13,11,46,81,34,25,12,25,6
BABICMI01,1990,Milos,Babic,CLE,N,12,52,19,6,3,9,4,1,1,5,7,19,6,12,7,0,0
BAILETH01,1990,Thurl,Bailey,UTA,N,82,2486,1017,101,306,407,124,53,91,130,160,872,399,271,219,3,0
BALLCE01,1990,Cedric,Ball,LAC,N,7,26,8,5,6,11,0,0,2,2,5,8,3,2,2,0,0
BANNIKE01,1990,Ken,Bannister,LAC,N,47,339,111,34,62,96,9,5,7,25,73,81,43,65,25,1,0
BARKLCH01,1990,Charles,Barkley,PHI,N,67,2498,1849,258,422,680,284,110,33,210,173,1167,665,658,475,155,44
BARRODA01,1990,Dana,Barros,SEA,N,66,750,418,17,54,71,111,23,1,54,40,311,154,85,78,81,32
BATTLJO01,1990,John,Battle,ATL,N,79,1863,1078,34,125,159,217,45,6,113,145,862,397,316,270,49,14
BATTLKE01,1990,Kenny,Battle,DEN,N,40,682,243,62,61,123,47,41,12,36,83,196,95,64,50,22,3
BATTLKE01,1990,Kenny,Battle,PHO,N,16,263,96,21,32,53,15,19,6,17,25,86,38,29,20,2,0
BATTLKE01,1990,Kenny,Battle,TOT,N,56,945,339,83,93,176,62,60,18,53,108,282,133,93,70,24,3
BEDFOWI01,1990,William,Bedford,DET,N,60,562,272,55,76,131,32,2,36,32,76,242,106,78,55,13,5
BENJABE01,1990,Benoit,Benjamin,TOT,N,70,2236,982,157,566,723,119,54,145,235,184,778,386,295,210,0,0
BENJABE01,1990,Benoit,Benjamin,SEA,N,31,899,401,62,192,254,45,28,54,97,74,313,157,126,87,0,0
BENJABE01,1990,Benoit,Benjamin,LAC,N,39,1337,581,95,374,469,74,26,91,138,110,465,229,169,123,0,0
BENNEWI01,1990,Winston,Bennett,CLE,N,27,334,115,30,34,64,28,8,2,20,50,107,40,47,35,0,0
BIRDLA01,1990,Larry,Bird,BOS,N,60,2277,1164,53,456,509,431,108,58,187,118,1017,462,183,163,198,77
BLACKRO01,1990,Rolando,Blackman,DAL,N,80,2965,1590,63,193,256,301,69,19,159,153,1316,634,326,282,114,40
BLANKLA01,1990,Lance,Blanks,DET,N,38,214,64,4,16,20,26,9,2,18,35,61,26,14,10,16,2
BLAYLMO01,1990,Mookie,Blaylock,NJN,N,72,2585,1017,67,182,249,441,169,40,207,180,1039,432,176,139,91,14
BOGUEMU01,1990,Muggsy,Bogues,CHA,N,81,2299,568,58,158,216,669,137,3,120,160,524,241,108,86,12,0
BOLMA01,1990,Manute,Bol,PHI,N,82,1522,155,66,284,350,20,16,247,63,184,164,65,41,24,14,1
BONNEAN01,1990,Anthony,Bonner,SAC,N,34,750,250,59,102,161,49,39,5,41,62,230,103,76,44,0,0
BOWIESA01,1990,Sam,Bowie,NJN,N,62,1916,801,176,304,480,147,43,90,141,175,723,314,231,169,22,4
BREUERA01,1990,Randy,Breuer,MIN,N,73,1505,429,114,231,345,73,35,80,69,132,435,197,79,35,0,0
BRICKFR01,1990,Frank,Brickowski,MIL,N,75,1912,942,129,297,426,131,86,43,160,255,706,372,248,198,2,0
BROOKSC01,1990,Scott,Brooks,MIN,N,80,980,424,28,44,72,204,53,5,51,122,370,159,72,61,135,45
BROWNCH01,1990,Chucky,Brown,CLE,N,74,1485,627,78,135,213,80,26,24,94,130,502,263,144,101,4,0
BROWNDE01,1990,Dee,Brown,BOS,N,82,1945,712,41,141,182,344,83,14,137,161,612,284,157,137,34,7
BROWNMI01,1990,Mike,Brown,UTA,N,82,1391,390,109,228,337,49,29,24,82,166,284,129,178,132,0,0
BROWNTO01,1990,Tony,Brown,UTA,N,23,267,78,24,15,39,13,4,0,12,39,77,28,23,20,11,2
BROWNTO01,1990,Tony,Brown,TOT,N,30,294,83,24,19,43,16,4,0,16,47,80,30,23,20,12,3
BROWNTO01,1990,Tony,Brown,LAL,N,7,27,5,0,4,4,3,0,0,4,8,3,2,0,0,1,1
BRYANMA01,1990,Mark,Bryant,POR,N,53,781,272,65,125,190,27,15,12,33,120,203,99,101,74,1,0
BUECHJU01,1990,Jud,Buechler,NJN,N,74,859,232,61,80,141,51,33,15,26,79,226,94,66,43,4,1
BULLAMA01,1990,Matt,Bullard,HOU,N,18,63,39,6,8,14,2,3,0,3,10,31,14,17,11,3,0
BURTOWI01,1990,Willie,Burton,MIA,N,76,1928,915,111,151,262,107,72,24,144,275,773,341,293,229,30,4
BUTLEGR01,1990,Greg,Butler,LAC,N,9,37,14,8,8,16,1,0,0,4,9,19,5,6,4,0,0
CAGEMI01,1990,Michael,Cage,SEA,N,82,2141,522,177,381,558,89,85,58,83,194,445,226,112,70,3,0
CALDWAD01,1990,Adrian,Caldwell,HOU,N,42,343,77,43,57,100,8,19,10,30,35,83,35,17,7,1,0
CALLORI01,1990,Rick,Calloway,SAC,N,64,678,205,25,53,78,61,22,7,51,98,192,75,79,55,2,0
CAMPBEL01,1990,Elden,Campbell,LAL,N,52,380,144,40,56,96,10,11,38,16,71,123,56,49,32,0,0
CAMPBTO01,1990,Tony,Campbell,MIN,N,77,2893,1678,161,185,346,214,121,48,190,204,1502,652,446,358,61,16
CARRAN01,1990,Antoine,Carr,SAC,N,77,2527,1551,163,257,420,191,45,101,171,315,1228,628,389,295,3,0
CARROJO01,1990,Joebarry,Carroll,PHO,N,11,96,37,3,21,24,11,1,8,12,18,36,13,12,11,0,0
CARTWBI01,1990,Bill,Cartwright,CHI,N,79,2273,760,167,319,486,126,32,15,113,167,649,318,178,124,0,0
CATLETE01,1990,Terry,Catledge,ORL,N,51,1459,745,168,187,355,58,34,9,107,113,632,292,258,161,5,0
CAUSWDU01,1990,Duane,Causwell,SAC,N,76,1719,525,141,250,391,69,49,148,96,225,413,210,165,105,0,0
CEBALCE01,1990,Cedric,Ceballos,PHO,N,63,730,519,77,73,150,35,22,5,69,70,419,204,166,110,6,1
CHAMBTO01,1990,Tom,Chambers,PHO,N,76,2475,1511,104,386,490,194,65,52,177,235,1271,556,459,379,73,20
CHAPMRE01,1990,Rex,Chapman,CHA,N,70,2100,1102,45,146,191,250,73,16,131,167,922,410,282,234,148,48
CHEEKMA01,1990,Maurice,Cheeks,NYK,N,76,2147,592,22,151,173,435,128,10,108,138,483,241,129,105,20,5
CHIEVDE01,1990,Derrick,Chievous,CLE,N,18,110,43,11,7,18,2,3,1,6,16,46,17,16,9,0,0
COFFERI01,1990,Richard,Coffey,MIN,N,52,320,68,42,37,79,3,6,4,5,45,75,28,22,12,1,0
COLEMDE01,1990,Derrick,Coleman,NJN,N,74,2602,1364,269,490,759,163,71,99,217,217,1100,514,442,323,38,13
COLESBI01,1990,Bimbo,Coles,MIA,N,82,1355,401,56,97,153,232,65,12,98,149,393,162,95,71,34,6
COLTEST01,1990,Steve,Colter,SAC,N,19,251,58,5,21,26,37,11,1,11,27,56,23,10,7,14,5
CONNELE01,1990,Lester,Conner,MIL,N,39,519,115,10,45,55,107,48,1,31,37,96,38,52,39,3,0
CONNELE01,1990,Lester,Conner,TOT,N,74,1008,260,21,91,112,165,85,2,58,75,207,96,94,68,5,0
CONNELE01,1990,Lester,Conner,NJN,N,35,489,145,11,46,57,58,37,1,27,38,111,58,42,29,2,0
COOKAN01,1990,Anthony,Cook,DEN,N,58,1121,307,134,192,326,26,35,72,50,100,283,118,129,71,3,0
COOPEWA01,1990,Wayne,Cooper,POR,N,67,746,147,54,134,188,22,7,61,22,120,145,57,42,33,1,0
CORBITY01,1990,Tyrone,Corbin,MIN,N,82,3196,1472,185,404,589,347,162,53,209,257,1311,587,371,296,10,2
CORZIDA01,1990,Dave,Corzine,SEA,N,28,147,47,10,23,33,4,5,5,2,18,38,17,22,13,0,0
CUMMIPA01,1990,Pat,Cummings,UTA,N,4,26,15,3,2,5,0,0,0,2,8,6,4,10,7,0,0
CUMMITE01,1990,Terry,Cummings,SAS,N,67,2195,1177,194,327,521,157,61,30,131,225,1039,503,240,164,33,7
CURETEA01,1990,Earl,Cureton,CHA,N,9,159,17,6,30,36,3,0,3,6,16,24,8,3,1,1,0
CURRYDE01,1990,Dell,Curry,CHA,N,76,1515,802,47,152,199,166,75,25,80,125,715,337,114,96,86,32
DAILEQU01,1990,Quintin,Dailey,SEA,N,30,299,184,11,21,32,16,7,1,19,25,155,73,62,38,1,0
DANTLAD01,1990,Adrian,Dantley,MIL,N,10,126,57,8,5,13,9,5,0,6,8,50,19,26,18,3,1
DAUGHBR01,1990,Brad,Daugherty,CLE,N,76,2946,1645,177,653,830,253,74,46,211,191,1155,605,579,435,3,0
DAVISBR01,1990,Brad,Davis,DAL,N,80,1426,431,13,105,118,230,45,17,77,212,373,159,118,91,85,22
DAVISTE01,1990,Terry,Davis,MIA,N,55,996,300,107,159,266,39,18,28,36,129,236,115,124,69,2,1
DAVISWA03,1990,Walter,Davis,POR,N,32,439,196,19,39,58,41,18,0,25,42,195,87,23,21,3,1
DAVISWA03,1990,Walter,Davis,DEN,N,39,1044,728,52,71,123,84,62,3,63,108,667,316,94,86,33,10
DAVISWA03,1990,Walter,Davis,TOT,N,71,1483,924,71,110,181,125,80,3,88,150,862,403,117,107,36,11
DAWKIJO01,1990,Johnny,Dawkins,PHI,N,4,124,63,0,16,16,28,3,0,8,4,41,26,11,10,4,1
DAWSOTO01,1990,Tony,Dawson,SAC,N,4,17,9,2,0,2,0,0,0,1,0,7,4,0,0,1,1
DINKIBY01,1990,Byron,Dinkins,IND,N,2,5,2,0,1,1,0,0,0,0,3,1,1,0,0,0,0
DINKIBY01,1990,Byron,Dinkins,TOT,N,12,149,36,0,12,12,19,2,0,13,15,34,14,9,8,0,0
DINKIBY01,1990,Byron,Dinkins,SAS,N,10,144,34,0,11,11,19,2,0,13,12,33,13,9,8,0,0
DIVACVL01,1990,Vlade,Divac,LAL,N,82,2310,921,205,461,666,92,106,127,146,247,637,360,279,196,14,5
DONALJA01,1990,James,Donaldson,DAL,N,82,2800,819,201,526,727,69,34,93,146,181,615,327,229,165,0,0
DOUGLSH01,1990,Sherman,Douglas,MIA,N,73,2562,1352,78,131,209,624,121,5,270,178,1055,532,414,284,31,4
DREILGR01,1990,Greg,Dreiling,IND,N,73,1031,259,66,189,255,51,24,29,57,178,194,98,105,63,2,0
DREWLA01,1990,Larry,Drew,LAL,N,48,496,139,5,29,34,118,15,1,49,40,125,54,22,17,33,14
DREXLCL01,1990,Clyde,Drexler,POR,N,82,2852,1767,212,334,546,493,144,60,232,226,1338,645,524,416,191,61
DUCKWKE01,1990,Kevin,Duckworth,POR,N,81,2511,1282,177,354,531,89,33,34,186,251,1084,521,311,240,2,0
DUDLECH02,1990,Chris,Dudley,NJN,N,61,1560,434,229,282,511,37,39,153,80,217,417,170,176,94,0,0
DUMARJO01,1990,Joe,Dumars,DET,N,80,3046,1629,62,125,187,443,89,7,189,135,1292,622,417,371,45,14
DUNNTR01,1990,T.r.,Dunn,DEN,N,17,217,52,20,22,42,24,12,1,7,30,47,21,10,9,4,1
EACKLLE01,1990,Ledell,Eackles,WA1,N,67,1616,868,47,81,128,136,47,10,115,121,762,345,222,164,59,14
EATONMA01,1990,Mark,Eaton,UTA,N,80,2580,409,182,485,667,51,39,188,99,298,292,169,112,71,0,0
EDWARBL01,1990,Blue,Edwards,UTA,N,62,1611,576,51,150,201,108,57,29,105,203,464,244,117,82,24,6
EDWARJA01,1990,James,Edwards,DET,N,72,1903,982,91,186,277,65,12,30,126,249,792,383,295,215,2,1
EDWARKE01,1990,Kevin,Edwards,MIA,N,79,2000,955,80,125,205,240,129,46,163,151,927,380,213,171,84,24
EHLOCR01,1990,Craig,Ehlo,CLE,N,82,2766,832,142,246,388,376,121,34,160,209,773,344,140,95,149,49
ELIEMA01,1990,Mario,Elie,PHI,N,3,20,6,0,1,1,1,0,0,3,2,7,2,2,1,2,1
ELIEMA01,1990,Mario,Elie,GSW,N,30,624,231,46,63,109,44,19,10,27,83,152,77,87,74,8,3
ELIEMA01,1990,Mario,Elie,TOT,N,33,644,237,46,64,110,45,19,10,30,85,159,79,89,75,10,4
ELLIOSE01,1990,Sean,Elliott,SAS,N,82,3044,1301,142,314,456,238,69,33,147,190,976,478,402,325,64,20
ELLISDA01,1990,Dale,Ellis,SEA,N,30,800,451,28,64,92,64,33,3,49,59,391,181,84,62,89,27
ELLISDA01,1990,Dale,Ellis,TOT,N,51,1424,857,66,107,173,95,49,8,81,112,718,340,166,120,157,57
ELLISDA01,1990,Dale,Ellis,MIL,N,21,624,406,38,43,81,31,16,5,32,53,327,159,82,58,68,30
ELLISPE01,1990,Pervis,Ellison,WA1,N,76,1942,791,224,361,585,102,49,157,146,268,636,326,214,139,6,0
ENGLIAJ01,1990,A.j.,English,WA1,N,70,1443,616,66,81,147,177,25,15,114,127,572,251,157,111,31,3
ENGLIAL01,1990,Alex,English,DAL,N,79,1748,763,108,146,254,105,40,25,101,141,734,322,140,119,1,0
EWINGPA01,1990,Patrick,Ewing,NYK,N,81,3104,2154,194,711,905,244,80,258,291,287,1645,845,623,464,6,0
FARMEJI01,1990,Jim,Farmer,DEN,N,25,443,249,27,36,63,38,13,2,37,58,216,99,63,46,22,5
FARMEJI01,1990,Jim,Farmer,PHI,N,2,13,6,2,3,5,0,0,0,1,0,7,2,2,2,1,0
FARMEJI01,1990,Jim,Farmer,TOT,N,27,456,255,29,39,68,38,13,2,38,58,223,101,65,48,23,5
FEITLDA01,1990,Dave,Feitl,HOU,N,52,372,137,29,71,100,8,3,12,25,52,140,52,44,33,3,0
FERREDU01,1990,Duane,Ferrell,ATL,N,78,1165,475,97,82,179,55,33,27,78,151,356,174,156,125,3,2
FERRYDA01,1990,Danny,Ferry,CLE,N,81,1661,697,99,187,286,142,43,25,120,230,643,275,152,124,77,23
FLEMIVE01,1990,Vern,Fleming,IND,N,69,1929,877,83,131,214,369,76,13,137,116,671,356,221,161,18,4
FLOYDSL01,1990,Sleepy,Floyd,HOU,N,82,1850,1005,52,107,159,317,95,17,140,122,939,386,246,185,176,48
FOSTEGR01,1990,Greg,Foster,WA1,N,54,606,236,52,99,151,37,12,22,45,112,211,97,61,42,5,0
FREDEAN01,1990,Anthony,Frederick,SAC,N,35,475,177,36,48,84,44,22,13,40,50,168,67,60,43,0,0
GAINECO01,1990,Corey,Gaines,DEN,N,10,226,83,4,10,14,91,10,2,23,25,70,28,26,22,21,5
GAMBLKE01,1990,Kevin,Gamble,BOS,N,82,2706,1281,85,182,267,256,100,34,148,237,933,548,227,185,7,0
GARLAWI01,1990,Winston,Garland,LAC,N,69,1702,564,46,152,198,317,97,10,116,189,519,221,157,118,26,4
GARRITO01,1990,Tom,Garrick,LAC,N,67,949,260,40,87,127,223,62,2,66,101,236,100,79,60,22,0
GATTIKE01,1990,Kenny,Gattison,CHA,N,72,1552,650,136,243,379,44,48,67,102,211,457,243,248,164,2,0
GEORGTA01,1990,Tate,George,NJN,N,56,594,192,19,28,47,104,25,5,42,58,193,80,40,32,2,0
GERVIDE01,1990,Derrick,Gervin,NJN,N,56,743,425,40,70,110,30,19,19,45,88,394,164,114,90,28,7
GILLIAR01,1990,Armen,Gilliam,CHA,N,25,949,494,86,148,234,27,34,21,64,65,380,195,128,104,0,0
GILLIAR01,1990,Armen,Gilliam,TOT,N,75,2644,1242,220,378,598,105,69,53,174,185,1001,487,329,268,2,0
GILLIAR01,1990,Armen,Gilliam,PHI,N,50,1695,748,134,230,364,78,35,32,110,120,621,292,201,164,2,0
GILLKE01,1990,Kendall,Gill,CHA,N,82,1944,906,105,158,263,303,104,39,163,186,836,376,182,152,14,2
GLASSGE01,1990,Gerald,Glass,MIN,N,51,606,352,54,48,102,42,28,9,41,76,340,149,76,52,17,2
GMINSMI01,1990,Mike,Gminski,PHI,N,30,791,272,71,130,201,33,16,34,31,41,284,109,63,53,8,1
GMINSMI01,1990,Mike,Gminski,CHA,N,50,1405,572,115,266,381,60,24,22,54,58,524,248,95,75,6,1
GMINSMI01,1990,Mike,Gminski,TOT,N,80,2196,844,186,396,582,93,40,56,85,99,808,357,158,128,14,2
GODFRDA01,1990,Dan,Godfread,MIN,N,10,20,13,0,2,2,0,1,4,0,5,12,5,4,3,1,0
GRANDJI01,1990,Jim,Grandholm,DAL,N,26,168,79,20,30,50,8,2,8,11,33,58,30,21,10,17,9
GRANTGA01,1990,Gary,Grant,LAC,N,68,2105,590,69,140,209,587,103,12,210,192,587,265,74,51,39,9
GRANTGR01,1990,Greg,Grant,NYK,N,22,107,26,1,9,10,20,9,0,10,12,27,10,6,5,3,1
GRANTHA01,1990,Harvey,Grant,WA1,N,77,2842,1405,179,378,557,204,91,61,125,232,1224,609,249,185,15,2
GRANTHO01,1990,Horace,Grant,CHI,N,78,2641,1000,266,393,659,178,95,69,92,203,733,401,277,197,6,1
GRAYEJE01,1990,Jeff,Grayer,MIL,N,82,1422,521,111,135,246,123,48,9,86,98,485,210,147,101,3,0
GRAYST01,1990,Stuart,Gray,NYK,N,8,37,11,2,8,10,0,0,1,2,6,12,4,3,3,0,0
GREENAC01,1990,A.c.,Green,LAL,N,82,2164,750,201,315,516,71,59,23,99,117,542,258,302,223,55,11
GREENDA01,1990,David,Greenwood,SAS,N,63,1018,239,61,160,221,52,29,25,71,172,169,85,94,69,2,0
GREENRI01,1990,Rickey,Green,PHI,N,79,2248,793,33,104,137,413,57,6,108,130,722,334,141,117,36,8
GREENSI02,1990,Sidney,Green,SAS,N,66,1099,443,98,215,313,52,32,13,89,172,384,177,105,89,3,0
GRIFFDA01,1990,Darrell,Griffith,UTA,N,75,1005,430,17,73,90,37,42,7,48,100,445,174,45,34,138,48
HAFFNSC01,1990,Scott,Haffner,CHA,N,7,50,17,2,2,4,9,3,1,4,4,21,8,2,1,2,0
HALEYJA01,1990,Jack,Haley,NJN,N,78,1178,434,140,216,356,31,20,21,63,199,343,161,181,112,0,0
HAMMOTO01,1990,Tom,Hammonds,WA1,N,70,1023,367,58,148,206,43,15,7,54,108,336,155,79,57,4,0
HANSEBO01,1990,Bob,Hansen,SAC,N,36,811,229,33,63,96,90,20,5,34,72,256,96,36,18,69,19
HARDATI01,1990,Tim,Hardaway,GSW,N,82,3215,1881,87,245,332,793,214,12,270,228,1551,739,381,306,252,97
HARPEDE01,1990,Derek,Harper,DAL,N,77,2879,1519,59,174,233,548,147,14,177,222,1226,572,391,286,246,89
HARPERO01,1990,Ron,Harper,LAC,N,39,1383,763,58,130,188,209,66,35,129,111,729,285,217,145,148,48
HARRITO01,1990,Tony,Harris,PHI,N,6,41,10,0,1,1,0,1,0,3,5,16,4,4,2,2,0
HASTISC01,1990,Scott,Hastings,DET,N,27,113,48,14,14,28,7,0,0,7,23,28,16,13,13,4,3
HAWKIHE01,1990,Hersey,Hawkins,PHI,N,80,3110,1767,48,262,310,299,178,39,213,182,1251,590,550,479,270,108
HENDEGE01,1990,Gerald,Henderson,DET,N,23,392,123,8,29,37,62,12,2,28,43,117,50,21,16,21,7
HENSOST01,1990,Steve,Henson,MIL,N,68,690,214,14,37,51,131,32,0,43,83,189,79,42,38,54,18
HIGGIMI01,1990,Mike,Higgins,SAC,N,7,61,16,4,1,5,2,0,2,4,16,10,6,7,4,0,0
HIGGIRO01,1990,Rod,Higgins,GSW,N,82,2024,776,109,245,354,113,52,37,65,198,559,259,226,185,220,73
HIGGISE01,1990,Sean,Higgins,SAS,N,50,464,225,18,45,63,35,8,1,49,53,212,97,33,28,19,3
HILLTY01,1990,Tyrone,Hill,GSW,N,74,1192,390,157,226,383,19,33,30,72,264,299,147,152,96,0,0
HINSORO01,1990,Roy,Hinson,NJN,N,9,91,41,6,13,19,4,0,3,6,14,39,20,3,1,0,0
HODGECR01,1990,Craig,Hodges,CHI,N,73,843,362,10,32,42,97,34,2,35,74,344,146,27,26,115,44
HOPPEDA01,1990,Dave,Hoppen,PHI,N,11,43,20,4,5,9,0,1,0,1,11,12,6,12,8,1,0
HOPPEDA01,1990,Dave,Hoppen,TOT,N,30,155,64,18,21,39,3,3,1,13,29,44,24,22,16,2,0
HOPPEDA01,1990,Dave,Hoppen,CHA,N,19,112,44,14,16,30,3,2,1,12,18,32,18,10,8,1,0
HOPSODE01,1990,Dennis,Hopson,CHI,N,61,728,264,49,60,109,65,25,14,59,79,244,104,83,55,5,1
HORNAJE01,1990,Jeff,Hornacek,PHO,N,80,2733,1350,74,247,321,409,111,16,130,185,1051,544,224,201,146,61
HUMPHJA01,1990,Jay,Humphries,MIL,N,80,2726,1215,57,163,220,538,129,7,151,237,960,482,239,191,161,60
IRVINBY01,1990,Byron,Irvin,WA1,N,33,316,171,24,21,45,24,15,2,16,32,129,60,61,50,5,1
JACKSMA01,1990,Mark,Jackson,NYK,N,72,1595,630,62,135,197,452,60,9,135,81,508,250,160,117,51,13
JAMERDA01,1990,Dave,Jamerson,HOU,N,37,202,113,9,21,30,27,6,1,20,24,113,43,27,22,19,5
JAMESHE01,1990,Henry,James,CLE,N,37,505,300,26,53,79,32,15,5,37,59,254,112,72,52,60,24
JEPSELE01,1990,Les,Jepsen,GSW,N,21,105,28,17,20,37,1,1,3,3,16,36,11,9,6,1,0
JOHNSAV01,1990,Avery,Johnson,DEN,N,21,217,79,9,12,21,77,14,2,27,22,68,29,32,21,4,0
JOHNSAV01,1990,Avery,Johnson,SAS,N,47,742,241,13,43,56,153,33,2,47,40,209,101,55,38,5,1
JOHNSAV01,1990,Avery,Johnson,TOT,N,68,959,320,22,55,77,230,47,4,74,62,277,130,87,59,9,1
JOHNSBU01,1990,Buck,Johnson,HOU,N,73,2279,991,108,222,330,142,81,47,122,240,873,416,216,157,15,2
JOHNSED03,1990,Eddie,Johnson,TOT,N,81,2085,1354,107,164,271,111,58,9,122,181,1122,543,257,229,120,39
JOHNSED03,1990,Eddie,Johnson,SEA,N,66,1773,1151,91,134,225,94,49,7,98,144,936,455,228,208,99,33
JOHNSED03,1990,Eddie,Johnson,PHO,N,15,312,203,16,30,46,17,9,2,24,37,186,88,29,21,21,6
JOHNSKE01,1990,Kevin,Johnson,PHO,N,77,2772,1710,54,217,271,781,163,11,269,174,1145,591,616,519,44,9
JOHNSMA01,1990,Magic,Johnson,LAL,N,79,2933,1531,105,446,551,989,102,17,314,150,976,466,573,519,250,80
JOHNSST01,1990,Steve,Johnson,GSW,N,24,228,90,18,39,57,17,4,4,25,50,63,34,37,22,0,0
JOHNSVI01,1990,Vinnie,Johnson,DET,N,82,2390,958,110,170,280,271,75,15,118,166,936,406,209,135,34,11
JONESCH01,1990,Charles,Jones,WA1,N,62,1499,163,119,240,359,48,51,124,46,199,124,67,50,29,0,0
JORDAMI01,1990,Michael,Jordan,CHI,N,82,3034,2580,118,374,492,453,223,83,202,229,1837,990,671,571,93,29
KEMPSH01,1990,Shawn,Kemp,SEA,N,81,2442,1214,267,412,679,144,77,123,202,319,909,462,436,288,12,2
KERRST01,1990,Steve,Kerr,CLE,N,57,905,271,5,32,37,131,29,4,40,52,223,99,53,45,62,28
KERSEJE01,1990,Jerome,Kersey,POR,N,73,2359,1084,169,312,481,227,101,76,149,251,887,424,327,232,13,4
KESSLAL01,1990,Alec,Kessler,MIA,N,78,1259,486,115,221,336,31,17,26,108,189,468,199,131,88,4,0
KEYSRA01,1990,Randolph,Keys,CHA,N,44,473,140,40,60,100,18,22,15,35,93,145,59,33,19,14,3
KIMBLBO01,1990,Bo,Kimble,LAC,N,62,1004,429,42,77,119,76,30,8,77,158,418,159,119,92,65,19
KINGBE01,1990,Bernard,King,WA1,N,64,2401,1817,114,205,319,292,56,16,255,187,1511,713,485,383,37,8
KINGST01,1990,Stacey,King,CHI,N,76,1198,419,72,136,208,65,24,42,91,134,334,156,152,107,2,0
KITEGR01,1990,Greg,Kite,ORL,N,82,2225,395,189,399,588,59,25,81,102,298,338,166,123,63,0,0
KLEINJO01,1990,Joe,Kleine,BOS,N,72,850,258,71,173,244,21,15,14,53,108,218,102,69,54,2,0
KNIGHNE01,1990,Negele,Knight,PHO,N,64,792,339,20,51,71,191,20,7,76,83,308,131,118,71,25,6
KOFOEBA01,1990,Bart,Kofoed,GSW,N,5,21,3,2,1,3,4,0,0,2,4,3,0,6,3,0,0
KONCAJO01,1990,Jon,Koncak,ATL,N,77,1931,313,101,274,375,124,74,76,50,265,321,140,54,32,8,1
KORNEFR01,1990,Frank,Kornet,MIL,N,32,157,58,10,14,24,9,5,1,11,28,62,23,13,7,18,5
LAIMBBI01,1990,Bill,Laimbeer,DET,N,82,2668,904,173,564,737,157,38,56,98,242,778,372,147,123,125,37
LANEJE01,1990,Jerome,Lane,DEN,N,62,1383,463,280,298,578,123,51,14,105,192,461,202,141,58,4,1
LANGAN01,1990,Andrew,Lang,PHO,N,63,1152,311,113,190,303,27,17,127,45,168,189,109,130,93,1,0
LECKNER01,1990,Eric,Leckner,SAC,N,32,378,94,27,60,87,18,4,11,25,69,96,39,27,16,0,0
LECKNER01,1990,Eric,Leckner,CHA,N,40,744,230,55,153,208,21,10,11,44,123,198,92,84,46,0,0
LECKNER01,1990,Eric,Leckner,TOT,N,72,1122,324,82,213,295,39,14,22,69,192,294,131,111,62,0,0
LEEKU01,1990,Kurk,Lee,NJN,N,48,265,66,7,23,30,34,11,2,20,39,71,19,28,25,15,3
LEGLETI01,1990,Tim,Legler,DEN,N,10,148,58,8,10,18,12,2,0,4,20,72,25,6,5,12,3
LEONAGA01,1990,Gary,Leonard,ATL,N,4,9,2,0,2,2,0,0,1,0,2,0,0,4,2,0,0
LESJI01,1990,Jim,Les,SAC,N,55,1399,395,18,93,111,299,57,4,75,141,268,119,103,86,154,71
LETTCL01,1990,Clifford,Lett,SAS,N,7,99,34,1,6,7,7,2,1,8,9,29,14,9,6,1,0
LEVERLA01,1990,Lafayette,Lever,DAL,N,4,86,29,3,12,15,12,6,3,10,5,23,9,14,11,3,0
LEVINCL01,1990,Cliff,Levingston,CHI,N,78,1013,314,99,126,225,56,29,43,50,143,282,127,91,59,4,1
LEWISRE01,1990,Reggie,Lewis,BOS,N,79,2878,1478,119,291,410,201,98,85,147,234,1219,598,340,281,13,1
LIBERMA01,1990,Marcus,Liberty,DEN,N,76,1171,507,117,104,221,64,48,19,71,153,513,216,92,58,57,17
LICHTTO01,1990,Todd,Lichti,DEN,N,29,860,405,49,63,112,72,46,8,33,65,378,166,69,59,47,14
LISTEAL01,1990,Alton,Lister,GSW,N,77,1552,491,121,362,483,93,20,90,106,282,393,188,202,115,1,0
LOCKHIA01,1990,Ian,Lockhart,PHO,N,1,2,4,0,0,0,0,0,0,0,0,1,1,2,2,0,0
LOHAUBR01,1990,Brad,Lohaus,MIL,N,81,1219,428,59,158,217,75,50,74,60,170,415,179,54,37,119,33
LONGGR01,1990,Grant,Long,MIA,N,80,2514,734,225,343,568,176,119,43,156,295,561,276,230,181,6,1
LONGJO01,1990,John,Long,DET,N,25,256,96,9,23,32,18,9,2,14,17,85,35,25,24,6,2
MAHORRI01,1990,Rick,Mahorn,PHI,N,80,2439,711,151,470,621,118,79,56,127,276,559,261,240,189,9,0
MAJERDA01,1990,Dan,Majerle,PHO,N,77,2281,1051,168,250,418,216,106,40,114,162,821,397,298,227,86,30
MALONJE01,1990,Jeff,Malone,UTA,N,69,2466,1282,36,170,206,143,50,6,108,128,1034,525,252,231,6,1
MALONKA01,1990,Karl,Malone,UTA,N,82,3302,2382,236,731,967,270,89,79,244,268,1608,847,888,684,14,4
MALONMO01,1990,Moses,Malone,ATL,N,82,1912,869,271,396,667,68,30,74,137,134,598,280,372,309,7,0
MANNIDA01,1990,Danny,Manning,LAC,N,73,2197,1159,169,257,426,196,117,62,188,281,905,470,306,219,3,0
MARCISA01,1990,Sarunas,Marciulionis,GSW,N,50,987,545,51,67,118,85,62,4,75,136,365,183,246,178,6,1
MARTIJE01,1990,Jeff,Martin,LAC,N,74,1334,523,53,78,131,65,37,31,49,104,507,214,100,68,88,27
MASONAN01,1990,Anthony,Mason,DEN,N,3,21,10,3,2,5,0,1,0,0,6,4,2,8,6,0,0
MASSETO01,1990,Tony,Massenburg,SAS,N,35,161,82,23,35,58,4,4,9,13,26,60,27,45,28,0,0
MAXWEVE01,1990,Vernon,Maxwell,HOU,N,82,2870,1397,41,197,238,303,127,15,171,179,1247,504,296,217,510,172
MAYSTR01,1990,Travis,Mays,SAC,N,64,2145,915,54,124,178,253,81,11,159,169,724,294,331,255,197,72
MCCLOGE01,1990,George,Mccloud,IND,N,74,1070,343,35,83,118,150,40,11,91,141,351,131,49,38,124,43
MCCORTI01,1990,Tim,Mccormick,ATL,N,56,689,252,56,109,165,32,11,14,45,91,187,93,90,66,3,0
MCCRARO01,1990,Rodney,Mccray,DAL,N,74,2561,844,153,407,560,259,70,51,129,203,679,336,198,159,39,13
MCDANXA01,1990,Xavier,Mcdaniel,TOT,N,81,2634,1373,173,384,557,187,76,46,184,264,1186,590,267,193,8,0
MCDANXA01,1990,Xavier,Mcdaniel,SEA,N,15,529,327,36,45,81,38,26,4,40,50,290,139,69,49,3,0
MCDANXA01,1990,Xavier,Mcdaniel,PHO,N,66,2105,1046,137,339,476,149,50,42,144,214,896,451,198,144,5,0
MCHALKE01,1990,Kevin,Mchale,BOS,N,68,2067,1251,145,335,480,126,25,146,140,194,912,504,275,228,37,15
MCKEYDE01,1990,Derrick,Mckey,SEA,N,73,2503,1115,172,251,423,169,91,56,158,220,847,438,278,235,19,4
MCMILNA01,1990,Nate,Mcmillan,SEA,N,78,1434,338,71,180,251,371,104,20,122,211,305,132,93,57,48,17
MCNAMMA01,1990,Mark,Mcnamara,ORL,N,2,13,0,0,4,4,0,0,0,0,1,1,0,0,0,0,0
MEENTSC01,1990,Scott,Meents,SEA,N,13,53,17,3,7,10,8,7,4,6,5,28,7,4,2,1,1
MILLERE01,1990,Reggie,Miller,IND,N,82,2972,1855,81,200,281,331,109,13,163,165,1164,596,600,551,322,112
MILLSTE01,1990,Terry,Mills,TOT,N,55,819,315,82,147,229,33,35,29,43,100,288,134,66,47,4,0
MILLSTE01,1990,Terry,Mills,DEN,N,17,279,128,31,57,88,16,16,9,18,44,120,56,22,16,2,0
MILLSTE01,1990,Terry,Mills,NJN,N,38,540,187,51,90,141,17,19,20,25,56,168,78,44,31,2,0
MITCHSA01,1990,Sam,Mitchell,MIN,N,82,3121,1197,188,332,520,133,66,57,104,338,1010,445,396,307,9,0
MOKESPA01,1990,Paul,Mokeski,GSW,N,36,257,57,20,47,67,9,8,3,7,58,59,21,15,12,9,3
MONCRSI01,1990,Sidney,Moncrief,ATL,N,72,1096,337,31,97,128,104,50,9,66,112,240,117,105,82,64,21
MORRICH01,1990,Chris,Morris,NJN,N,79,2553,1042,210,311,521,220,138,96,167,248,962,409,244,179,179,45
MORTOJO01,1990,John,Morton,CLE,N,66,1207,357,41,62,103,243,61,18,107,112,274,120,139,113,12,4
MULLICH01,1990,Chris,Mullin,GSW,N,82,3315,2107,141,302,443,329,173,63,245,176,1449,777,580,513,133,40
MUNKCH01,1990,Chris,Munk,UTA,N,11,29,13,5,9,14,1,1,2,5,5,7,3,12,7,0,0
MURPHTO01,1990,Tod,Murphy,MIN,N,52,1063,251,92,163,255,60,25,20,32,101,227,90,105,70,17,1
MUSTAJE01,1990,Jerrod,Mustaf,NYK,N,62,825,268,51,118,169,36,15,14,61,109,228,106,87,56,1,0
MYERSPE01,1990,Pete,Myers,SAS,N,8,103,29,2,16,18,14,3,3,14,14,23,10,11,9,1,0
NANCELA01,1990,Larry,Nance,CLE,N,80,2927,1537,201,485,686,237,66,200,131,219,1211,635,330,265,8,2
NEALCR01,1990,Craig,Neal,DEN,N,10,125,44,2,14,16,37,4,0,19,26,35,14,22,13,9,3
NEALYED01,1990,Ed,Nealy,PHO,N,55,573,123,44,107,151,36,24,4,19,46,97,45,38,28,16,5
NEWMAJO01,1990,Johnny,Newman,CHA,N,81,2477,1371,94,160,254,188,100,17,189,278,1017,478,476,385,84,30
NORMAKE01,1990,Ken,Norman,LAC,N,70,2309,1219,177,320,497,159,63,63,139,192,1037,520,275,173,32,6
OAKLECH01,1990,Charles,Oakley,NYK,N,76,2739,853,305,615,920,204,62,17,215,288,595,307,305,239,2,0
OGGAL01,1990,Alan,Ogg,MIA,N,31,261,54,15,34,49,2,6,27,8,53,55,24,10,6,2,0
OLAJUHA01,1990,Hakeem,Olajuwon,HOU,N,56,2062,1187,219,551,770,131,121,221,174,221,959,487,277,213,4,0
OLDHAJA01,1990,Jawann,Oldham,IND,N,4,19,6,0,3,3,0,0,0,0,1,6,3,0,0,0,0
OLIVEBR01,1990,Brian,Oliver,PHI,N,73,800,279,18,62,80,88,34,4,50,76,272,111,71,52,18,5
OSULDA01,1990,Dan,O'sullivan,UTA,N,21,85,21,5,12,17,4,1,1,4,18,16,7,11,7,0,0
PADDIGE01,1990,Gerald,Paddio,CLE,N,70,1181,504,38,80,118,90,20,6,71,71,506,212,93,74,24,6
PALMEWA01,1990,Walter,Palmer,UTA,N,28,85,40,6,15,21,6,3,4,6,20,45,15,15,10,1,0
PARISRO01,1990,Robert,Parish,BOS,N,81,2441,1207,271,585,856,66,66,103,153,197,811,485,309,237,1,0
PAXSOJO01,1990,John,Paxson,CHI,N,82,1971,710,15,76,91,297,62,3,69,136,578,317,41,34,96,42
PAYNEKE01,1990,Kenny,Payne,PHI,N,47,444,166,17,49,66,16,10,6,21,43,189,68,29,26,18,4
PAYTOGA01,1990,Gary,Payton,SEA,N,82,2244,588,108,135,243,528,165,15,180,249,575,259,97,69,13,1
PERDUWI01,1990,Will,Perdue,CHI,N,74,972,307,122,214,336,47,23,57,75,147,235,116,112,75,3,0
PERKISA01,1990,Sam,Perkins,LAL,N,73,2504,983,167,371,538,108,64,78,103,247,744,368,279,229,64,18
PERRYTI01,1990,Tim,Perry,PHO,N,46,587,193,53,73,126,27,23,43,32,60,144,75,70,43,5,0
PERSOCH01,1990,Chuck,Person,IND,N,80,2566,1474,121,296,417,238,56,17,184,221,1231,620,229,165,203,69
PETERJI01,1990,Jim,Petersen,GSW,N,62,834,279,69,131,200,27,13,41,48,153,236,114,76,50,4,1
PETRODR01,1990,Drazen,Petrovic,POR,N,18,133,80,10,8,18,20,6,0,12,21,71,32,22,15,6,1
PETRODR01,1990,Drazen,Petrovic,TOT,N,61,1015,623,51,59,110,86,43,1,81,132,493,243,137,114,65,23
PETRODR01,1990,Drazen,Petrovic,NJN,N,43,882,543,41,51,92,66,37,1,69,111,422,211,115,99,59,22
PIERCRI01,1990,Ricky,Pierce,TOT,N,78,2167,1598,67,124,191,168,60,13,147,170,1156,561,471,430,116,46
PIERCRI01,1990,Ricky,Pierce,SEA,N,32,840,561,30,44,74,72,22,2,54,80,436,202,160,148,23,9
PIERCRI01,1990,Ricky,Pierce,MIL,N,46,1327,1037,37,80,117,96,38,11,93,90,720,359,311,282,93,37
PINCKED01,1990,Ed,Pinckney,BOS,N,70,1165,366,155,186,341,45,61,43,45,147,243,131,116,104,1,0
PIPPESC01,1990,Scottie,Pippen,CHI,N,82,3014,1461,163,432,595,511,193,93,232,270,1153,600,340,240,68,21
POLYNOL01,1990,Olden,Polynice,TOT,N,79,2092,778,220,333,553,42,43,32,88,192,564,316,252,146,1,0
POLYNOL01,1990,Olden,Polynice,SEA,N,48,960,397,114,156,270,16,26,19,53,94,303,165,114,67,0,0
POLYNOL01,1990,Olden,Polynice,LAC,N,31,1132,381,106,177,283,26,17,13,35,98,261,151,138,79,1,0
POPSODA01,1990,Dave,Popson,BOS,N,19,64,35,7,7,14,2,1,2,6,12,32,13,10,9,0,0
PORTETE01,1990,Terry,Porter,POR,N,81,2665,1381,52,230,282,649,158,12,189,151,944,486,339,279,313,130
PRESSPA01,1990,Paul,Pressey,SAS,N,70,1683,528,50,126,176,271,63,32,130,174,426,201,133,110,57,16
PRICEMA01,1990,Mark,Price,CLE,N,16,571,271,8,37,45,166,42,2,56,23,195,97,62,59,53,18
PRITCKE01,1990,Kevin,Pritchard,GSW,N,62,773,243,16,49,65,81,30,8,59,104,229,88,77,62,31,5
QUINNBR01,1990,Brian,Quinnett,NYK,N,68,1011,319,65,80,145,53,22,13,52,100,303,139,36,26,43,15
RAMBIKU01,1990,Kurt,Rambis,PHO,N,62,900,226,77,189,266,64,25,11,45,107,167,83,85,60,2,0
RASMUBL01,1990,Blair,Rasmussen,DEN,N,70,2325,875,170,508,678,70,52,132,81,307,885,405,93,63,5,2
REIDJR01,1990,J.r.,Reid,CHA,N,80,2467,902,154,348,502,89,87,47,153,286,773,360,259,182,2,0
REIDRO01,1990,Robert,Reid,PHI,N,3,37,4,2,7,9,4,1,3,3,3,14,2,0,0,0,0
REYNOJE01,1990,Jerry,Reynolds,ORL,N,80,1843,1034,88,211,299,203,95,56,172,123,793,344,419,336,34,10
RICEGL01,1990,Glen,Rice,MIA,N,77,2646,1342,85,296,381,189,101,26,166,216,1193,550,209,171,184,71
RICHAPO01,1990,Pooh,Richardson,MIN,N,82,3154,1401,82,204,286,734,131,13,174,114,1350,635,165,89,128,42
RICHMMI01,1990,Mitch,Richmond,GSW,N,77,3027,1840,147,305,452,238,126,34,230,207,1424,703,465,394,115,40
RIVERDO01,1990,Doc,Rivers,ATL,N,79,2586,1197,47,206,253,340,148,47,125,216,1020,444,262,221,262,88
ROBERAL01,1990,Alvin,Robertson,MIL,N,81,2598,1098,191,268,459,444,246,16,212,273,904,438,263,199,63,23
ROBERFR01,1990,Fred,Roberts,MIL,N,82,2114,888,107,174,281,135,63,29,135,190,670,357,209,170,25,4
ROBINCL02,1990,Clifford,Robinson,POR,N,82,1940,957,123,226,349,151,78,76,133,263,806,373,314,205,19,6
ROBINDA01,1990,David,Robinson,SAS,N,82,3095,2101,335,728,1063,208,127,320,270,264,1366,754,777,592,7,1
ROBINLA01,1990,Larry,Robinson,GSW,N,24,170,56,15,8,23,11,9,1,16,23,59,24,15,8,0,0
ROBINLA01,1990,Larry,Robinson,WA1,N,12,255,83,14,14,28,24,7,0,11,26,91,38,12,7,1,0
ROBINLA01,1990,Larry,Robinson,TOT,N,36,425,139,29,22,51,35,16,1,27,49,150,62,27,15,1,0
ROBINRU01,1990,Rumeal,Robinson,ATL,N,47,674,265,20,51,71,132,32,8,76,65,242,108,80,47,11,2
RODMADE01,1990,Dennis,Rodman,DET,N,82,2747,669,361,665,1026,85,65,55,94,281,560,276,176,111,30,6
ROLLITR01,1990,Tree,Rollins,DET,N,37,202,36,13,29,42,4,2,20,15,35,33,14,14,8,0,0
RUDDDE01,1990,Delaney,Rudd,UTA,N,82,874,324,14,52,66,216,36,2,102,92,285,124,71,59,61,17
SALLEJO01,1990,John,Salley,DET,N,74,1649,544,137,190,327,70,52,112,91,240,377,179,256,186,1,0
SAMPSRA01,1990,Ralph,Sampson,SAC,N,25,348,74,41,70,111,17,11,17,27,54,93,34,19,5,5,1
SANDEJE01,1990,Jeff,Sanders,CHA,N,3,43,13,3,6,9,1,1,1,1,6,14,6,2,1,0,0
SANDEMI01,1990,Mike,Sanders,IND,N,80,1357,463,73,112,185,106,37,26,65,198,494,206,57,47,20,4
SCHAYDA01,1990,Danny,Schayes,MIL,N,82,2228,870,174,361,535,98,55,61,106,264,597,298,328,274,5,0
SCHEFST01,1990,Steve,Scheffler,CHA,N,39,227,59,21,24,45,9,6,2,4,20,39,20,21,19,0,0
SCHINDU01,1990,Duane,Schintzius,SAS,N,42,398,158,28,93,121,17,2,29,34,64,155,68,40,22,2,0
SCHREDE01,1990,Detlef,Schrempf,IND,N,82,2632,1320,178,482,660,301,58,22,175,262,831,432,539,441,40,15
SCOTTBY01,1990,Byron,Scott,LAL,N,82,2630,1191,54,192,246,177,95,21,85,146,1051,501,148,118,219,71
SCOTTDE01,1990,Dennis,Scott,ORL,N,82,2336,1284,62,173,235,134,62,25,127,203,1183,503,204,153,334,125
SEIKARO01,1990,Rony,Seikaly,MIA,N,64,2171,1050,207,502,709,95,51,86,205,213,822,395,417,258,6,2
SHASKJO01,1990,John,Shasky,DAL,N,57,510,150,58,76,134,11,14,20,27,75,116,51,79,48,0,0
SHAWBR01,1990,Brian,Shaw,BOS,N,79,2772,1091,104,266,370,602,105,34,223,206,942,442,249,204,27,3
SIKMAJA01,1990,Jack,Sikma,MIL,N,77,1940,802,108,333,441,143,65,64,130,218,691,295,197,166,135,46
SIMMOLI01,1990,Lionel,Simmons,SAC,N,79,2978,1421,193,504,697,315,113,85,230,249,1301,549,435,320,11,3
SKILESC01,1990,Scott,Skiles,ORL,N,79,2714,1357,57,213,270,660,89,4,252,192,1039,462,377,340,228,93
SMITHCH01,1990,Charles,Smith,LAC,N,74,2703,1480,216,392,608,134,81,145,165,267,1168,548,484,384,7,0
SMITHCH02,1990,Charles,Smith,BOS,N,5,30,9,0,2,2,6,1,0,3,7,7,3,5,3,0,0
SMITHCL01,1990,Clinton,Smith,WA1,N,5,45,7,2,2,4,4,1,0,1,3,4,2,6,3,0,0
SMITHDE01,1990,Derek,Smith,BOS,N,2,16,5,0,0,0,5,1,1,1,3,4,1,4,3,1,0
SMITHKE01,1990,Kenny,Smith,HOU,N,78,2699,1380,36,127,163,554,106,11,237,131,1003,522,340,287,135,49
SMITHLA01,1990,Larry,Smith,HOU,N,81,1923,268,302,407,709,88,83,22,93,265,263,128,50,12,0,0
SMITHMI02,1990,Michael,Smith,BOS,N,47,389,218,21,35,56,43,6,2,37,27,200,95,27,22,24,6
SMITHOT01,1990,Otis,Smith,ORL,N,75,1885,1044,176,213,389,169,85,35,140,190,902,407,301,221,46,9
SMITHTO01,1990,Tony,Smith,LAL,N,64,695,234,24,47,71,135,28,12,69,80,220,97,57,40,7,0
SMITSRI01,1990,Rik,Smits,IND,N,76,1690,828,116,241,357,84,24,111,86,246,705,342,189,144,0,0
SMREKMI01,1990,Mike,Smrek,GSW,N,5,25,14,3,4,7,1,2,0,2,9,11,6,4,2,0,0
SMREKMI01,1990,Mike,Smrek,TOT,N,15,95,24,7,19,26,4,3,3,3,27,27,9,12,6,0,0
SMREKMI01,1990,Mike,Smrek,LAC,N,10,70,10,4,15,19,3,1,3,1,18,16,3,8,4,0,0
SPARRRO01,1990,Rory,Sparrow,SAC,N,80,2375,831,45,141,186,362,83,16,126,189,756,371,83,58,78,31
SPENCFE01,1990,Felton,Spencer,MIN,N,81,2099,572,272,369,641,25,48,121,77,337,381,195,252,182,1,0
STARKJO01,1990,John,Starks,NYK,N,61,1173,466,30,101,131,204,59,17,74,137,410,180,105,79,93,27
STEPHEV01,1990,Everette,Stephens,MIL,N,3,6,6,0,0,0,2,0,0,0,0,3,2,2,2,0,0
STOCKJO01,1990,John,Stockton,UTA,N,82,3103,1413,46,191,237,1164,234,16,298,233,978,496,434,363,168,58
STRICRO01,1990,Rod,Strickland,SAS,N,58,2076,800,57,162,219,463,117,11,156,125,651,314,211,161,33,11
SUNDVJO01,1990,Jon,Sundvold,MIA,N,24,225,112,3,6,9,24,7,0,16,11,107,43,11,11,35,15
TARPLRO01,1990,Roy,Tarpley,DAL,N,5,171,102,16,39,55,12,6,9,13,20,79,43,18,16,1,0
TEAGLTE01,1990,Terry,Teagle,LAL,N,82,1498,815,82,99,181,82,31,8,83,165,757,335,177,145,9,0
THEUSRE01,1990,Reggie,Theus,NJN,N,81,2955,1510,69,160,229,378,85,35,252,231,1247,583,343,292,144,52
THOMAIR01,1990,Irving,Thomas,LAL,N,26,108,46,14,17,31,10,4,1,13,24,50,17,21,12,0,0
THOMAIS01,1990,Isiah,Thomas,DET,N,48,1657,776,35,125,160,446,75,10,185,118,665,289,229,179,65,19
THOMAJI01,1990,Jim,Thomas,MIN,N,3,14,2,0,0,0,1,1,0,1,0,4,1,0,0,0,0
THOMPBI01,1990,Billy,Thompson,MIA,N,73,1481,499,120,192,312,111,32,48,117,161,411,205,124,89,4,0
THOMPLA01,1990,Lasalle,Thompson,IND,N,82,1946,625,154,409,563,147,63,63,168,265,565,276,104,72,5,1
THOMPMY01,1990,Mychal,Thompson,LAL,N,72,1077,288,74,154,228,21,23,23,47,112,228,113,88,62,2,0
THORNBO01,1990,Bob,Thornton,MIN,N,12,110,16,1,14,15,1,0,3,9,18,13,4,10,8,0,0
THORPOT01,1990,Otis,Thorpe,HOU,N,82,3039,1435,287,559,846,197,73,20,217,278,988,549,480,334,7,3
THREASE01,1990,Sedale,Threatt,SEA,N,80,2066,1013,25,74,99,273,113,8,138,191,835,433,173,137,35,10
TISDAWA01,1990,Wayman,Tisdale,SAC,N,33,1116,660,75,178,253,66,23,28,82,99,542,262,170,136,1,0
TOLBETO01,1990,Tom,Tolbert,GSW,N,62,1371,500,87,188,275,76,35,38,80,195,433,183,172,127,21,7
TOOLSAN01,1990,Andy,Toolson,UTA,N,47,470,137,32,35,67,31,14,2,24,58,124,50,33,25,32,12
TRIPUKE01,1990,Kelly,Tripucka,CHA,N,77,1289,541,46,130,176,159,33,13,92,130,412,187,167,152,45,15
TUCKETR01,1990,Trent,Tucker,NYK,N,65,1194,463,33,72,105,111,44,9,46,120,434,191,27,17,153,64
TURNEAN01,1990,Andre,Turner,PHI,N,70,1407,412,36,116,152,311,63,0,95,124,383,168,87,64,33,12
TURNEJE01,1990,Jeff,Turner,ORL,N,71,1683,609,108,255,363,97,29,10,126,234,532,259,112,85,15,6
UPSHAKE01,1990,Kelvin,Upshaw,DAL,N,48,514,270,20,35,55,86,28,5,39,77,231,104,64,55,29,7
VALENDA01,1990,Darnell,Valentine,CLE,N,65,1841,609,37,135,172,351,98,12,126,170,496,230,172,143,25,6
VANDEKI01,1990,Kiki,Vandeweghe,NYK,N,75,2420,1226,78,102,180,110,42,10,108,122,927,458,288,259,141,51
VAUGHLO01,1990,Loy,Vaught,LAC,N,73,1178,399,124,225,349,40,20,23,49,135,359,175,74,49,2,0
VINCESA01,1990,Sam,Vincent,ORL,N,49,975,406,17,90,107,197,30,5,91,74,353,152,120,99,19,3
VRANKST01,1990,Stojan,Vrankovic,BOS,N,31,166,58,15,36,51,4,1,29,24,43,52,24,18,10,0,0
WAGNEMI01,1990,Milt,Wagner,MIA,N,13,116,63,0,7,7,15,2,3,12,14,57,24,11,9,17,6
WALKEDA01,1990,Darrell,Walker,WA1,N,71,2305,553,140,358,498,459,78,33,154,199,535,230,154,93,9,0
WALKEKE01,1990,Kenny,Walker,NYK,N,54,771,230,63,94,157,13,18,30,30,92,191,83,82,64,1,0
WEBBSP01,1990,Spud,Webb,ATL,N,75,2197,1003,41,133,174,417,118,6,146,180,803,359,266,231,168,54
WENNIBI01,1990,Bill,Wennington,SAC,N,77,1455,437,101,239,340,69,46,59,51,230,415,181,94,74,5,1
WESTDO01,1990,Doug,West,MIN,N,75,824,294,56,80,136,48,35,23,41,115,246,118,84,58,1,0
WESTMA01,1990,Mark,West,PHO,N,82,1957,629,171,393,564,37,32,161,86,266,382,247,206,135,0,0
WHITERA01,1990,Randy,White,DAL,N,79,1901,695,173,331,504,63,81,44,131,308,665,265,225,159,37,6
WILEYMO01,1990,Morlon,Wiley,ORL,N,34,350,113,4,13,17,73,24,0,34,37,108,45,25,17,12,6
WILKIDO01,1990,Dominique,Wilkins,ATL,N,81,3078,2101,261,471,732,265,123,65,201,156,1640,770,574,476,249,85
WILKIED01,1990,Eddielee,Wilkins,NYK,N,68,668,279,69,111,180,15,17,7,50,91,255,114,90,51,1,0
WILKIGE01,1990,Gerald,Wilkins,NYK,N,68,2164,938,78,129,207,275,82,23,161,181,804,380,206,169,43,9
WILLIBU01,1990,Buck,Williams,POR,N,80,2582,933,227,524,751,97,47,47,137,247,595,358,308,217,0,0
WILLIHE01,1990,Herb,Williams,DAL,N,60,1832,747,86,271,357,95,30,88,113,197,655,332,130,83,4,0
WILLIHO01,1990,Hotrod,Williams,CLE,N,43,1293,505,111,179,290,100,36,69,63,126,430,199,164,107,1,0
WILLIJA01,1990,Jayson,Williams,PHI,N,52,508,182,41,70,111,16,9,6,40,92,161,72,56,37,2,1
WILLIJO01,1990,John,Williams,WA1,N,33,941,411,42,135,177,133,39,6,68,63,393,164,97,73,41,10
WILLIKE01,1990,Kevin,Willis,ATL,N,80,2373,1051,259,445,704,99,60,40,153,235,881,444,238,159,10,4
WILLIKE03,1990,Kenny,Williams,IND,N,75,527,220,56,75,131,31,11,31,41,81,179,93,50,34,3,0
WILLIMI01,1990,Michael,Williams,IND,N,73,1706,813,49,127,176,348,150,17,150,202,523,261,330,290,7,1
WILLIRE01,1990,Reggie,Williams,SAS,N,22,354,171,17,42,59,46,20,11,36,64,127,61,41,35,26,14
WILLIRE01,1990,Reggie,Williams,DEN,N,51,1542,820,116,131,247,87,93,30,76,189,728,323,156,131,131,43
WILLIRE01,1990,Reggie,Williams,TOT,N,73,1896,991,133,173,306,133,113,41,112,253,855,384,197,166,157,57
WILLISC01,1990,Scott,Williams,CHI,N,51,337,127,42,56,98,16,12,13,23,51,104,53,28,20,2,1
WILSOTR01,1990,Trevor,Wilson,ATL,N,25,162,55,16,24,40,11,5,1,17,13,70,21,26,13,2,0
WINCHKE01,1990,Kennard,Winchester,HOU,N,64,607,239,34,33,67,25,16,13,30,70,245,98,45,35,20,8
WINGADA01,1990,David,Wingate,SAS,N,25,563,136,24,51,75,46,19,5,42,66,138,53,41,29,9,1
WITTMRA01,1990,Randy,Wittman,IND,N,41,355,74,6,27,33,25,10,4,10,9,79,35,6,4,5,0
WOLFJO01,1990,Joe,Wolf,DEN,N,74,1593,539,136,264,400,107,60,31,95,244,519,234,83,69,15,2
WOODDA01,1990,David,Wood,HOU,N,82,1421,432,107,139,246,94,58,16,89,236,349,148,133,108,90,28
WOODLE01,1990,Leon,Wood,SAC,N,12,222,81,5,14,19,49,5,0,12,10,63,25,21,19,38,12
WOODSMI01,1990,Mike,Woodson,CLE,N,4,46,11,1,1,2,5,0,1,5,7,23,5,1,1,1,0
WOODSMI01,1990,Mike,Woodson,TOT,N,15,171,64,3,10,13,15,5,5,12,18,77,26,13,11,7,1
WOODSMI01,1990,Mike,Woodson,HOU,N,11,125,53,2,9,11,10,5,4,7,11,54,21,12,10,6,1
WOOLROR01,1990,Orlando,Woolridge,DEN,N,53,1823,1330,141,220,361,119,69,23,152,145,983,490,439,350,4,0
WORKMHA01,1990,Haywoode,Workman,WA1,N,73,2034,581,51,191,242,353,87,7,135,162,515,234,133,101,50,12
WORTHJA01,1990,James,Worthy,LAL,N,78,3008,1670,107,249,356,275,104,35,127,117,1455,716,266,212,90,26
WRIGHHO02,1990,Howard,Wright,ORL,N,8,136,43,10,27,37,3,3,5,9,23,41,15,21,13,0,0
WRIGHHO02,1990,Howard,Wright,ATL,N,4,20,5,1,5,6,0,0,0,2,3,3,2,1,1,0,0
WRIGHHO02,1990,Howard,Wright,DAL,N,3,8,6,1,1,2,0,1,0,0,2,3,2,2,2,1,0
WRIGHHO02,1990,Howard,Wright,TOT,N,15,164,54,12,33,45,3,4,5,11,28,47,19,24,16,1,0
WYDNEAJ01,1990,A.j.,Wydner,BOS,N,6,39,12,1,2,3,8,1,0,4,1,12,3,8,6,1,0
YOUNGDA01,1990,Danny,Young,POR,N,75,897,283,22,53,75,141,50,7,50,49,271,103,45,41,104,36
ABDELAL01,1991,Alaa,Abdelnaby,POR,N,71,934,432,81,179,260,30,25,16,66,132,361,178,101,76,0,0
ABDULMA01,1991,Mahmo,Abdul-rauf,DEN,N,81,1538,837,22,92,114,192,44,4,117,130,845,356,108,94,94,31
ACRESMA01,1991,Mark,Acres,ORL,N,68,926,208,97,155,252,22,25,15,33,140,151,78,67,51,3,1
ADAMSMI01,1991,Michael,Adams,WA1,N,78,2795,1408,58,252,310,594,145,9,212,162,1233,485,360,313,386,125
ADDISRA01,1991,Rafael,Addison,NJN,N,76,1175,444,65,100,165,68,28,28,46,109,432,187,76,56,49,14
AGUIRMA01,1991,Mark,Aguirre,DET,N,75,1582,851,67,169,236,126,51,11,105,171,787,339,230,158,71,15
AINGEDA01,1991,Danny,Ainge,POR,N,81,1595,784,40,108,148,202,73,13,70,148,676,299,131,108,230,78
ALEXAVI01,1991,Victor,Alexander,GSW,N,80,1350,589,106,230,336,32,45,62,91,176,459,243,149,103,1,0
ANDERCA01,1991,Cadillac,Anderson,DEN,N,82,2793,945,337,604,941,78,88,65,201,263,854,389,268,167,4,0
ANDERKE02,1991,Kenny,Anderson,NJN,N,64,1086,450,38,89,127,203,67,9,97,68,480,187,98,73,13,3
ANDERNI01,1991,Nick,Anderson,ORL,N,60,2203,1196,98,286,384,163,97,33,126,132,1042,482,303,202,85,30
ANDERRO01,1991,Ron,Anderson,PHI,N,82,2432,1123,96,182,278,135,86,11,109,128,1008,469,163,143,127,42
ANDERWI01,1991,Willie,Anderson,SAS,N,57,1889,744,62,238,300,302,54,51,140,151,685,312,138,107,56,13
ANSLEMI01,1991,Michael,Ansley,CHA,N,2,13,6,0,2,2,0,0,0,0,1,7,3,0,0,0,0
ANSLEMI01,1991,Michael,Ansley,PHI,N,8,32,15,2,2,4,2,0,0,3,6,11,5,6,5,0,0
ANSLEMI01,1991,Michael,Ansley,TOT,N,10,45,21,2,4,6,2,0,0,3,7,18,8,6,5,0,0
ANTHOGR01,1991,Greg,Anthony,NYK,N,82,1510,447,33,103,136,314,59,9,98,170,435,161,158,117,55,8
ARMSTBJ01,1991,B.j.,Armstrong,CHI,N,82,1875,809,19,126,145,266,46,5,94,88,697,335,129,104,87,35
ASKEWVI01,1991,Vincent,Askew,GSW,N,80,1496,498,89,144,233,188,47,23,84,128,379,193,160,111,10,1
ASKINKE01,1991,Keith,Askins,MIA,N,59,843,219,65,77,142,38,40,15,47,109,205,84,37,26,73,25
AUGMOST01,1991,Stacey,Augmon,ATL,N,82,2505,1094,191,229,420,201,124,27,181,161,899,440,320,213,6,1
AUSTIIS01,1991,Isaac,Austin,UTA,N,31,112,61,11,24,35,5,2,2,8,20,46,21,30,19,0,0
BABICMI01,1991,Milos,Babic,MIA,N,9,35,18,2,9,11,6,1,0,5,0,13,6,8,6,0,0
BAGLEJO01,1991,John,Bagley,BOS,N,73,1742,524,38,123,161,480,57,4,148,123,506,223,95,68,42,10
BAILETH01,1991,Thurl,Bailey,TOT,N,84,2104,951,122,363,485,78,35,117,108,160,836,368,270,215,2,0
BAILETH01,1991,Thurl,Bailey,UTA,N,13,327,122,23,55,78,19,5,15,21,31,101,39,55,44,1,0
BAILETH01,1991,Thurl,Bailey,MIN,N,71,1777,829,99,308,407,59,30,102,87,129,735,329,215,171,1,0
BARDOST01,1991,Stephen,Bardo,SAS,N,1,1,0,1,0,1,0,0,0,0,0,0,0,0,0,0,0
BARKLCH01,1991,Charles,Barkley,PHI,N,75,2881,1730,271,559,830,308,136,44,235,196,1126,622,653,454,137,32
BARRODA01,1991,Dana,Barros,SEA,N,75,1331,619,17,64,81,125,51,4,56,84,493,238,79,60,186,83
BATTLJO01,1991,John,Battle,CLE,N,76,1637,779,19,93,112,159,36,5,91,116,659,316,171,145,17,2
BATTLKE01,1991,Kenny,Battle,BOS,N,8,46,14,3,6,9,0,1,0,2,4,4,3,8,8,0,0
BATTLKE01,1991,Kenny,Battle,GSW,N,8,46,18,1,6,7,4,1,2,2,6,13,8,4,2,1,0
BATTLKE01,1991,Kenny,Battle,TOT,N,16,92,32,4,12,16,4,2,2,4,10,17,11,12,10,1,0
BEDFOWI01,1991,William,Bedford,DET,N,32,363,114,24,39,63,12,6,18,15,56,121,50,22,14,1,0
BENJABE01,1991,Benoit,Benjamin,SEA,N,63,1941,879,130,383,513,76,39,118,175,185,740,354,249,171,2,0
BENNEWI01,1991,Winston,Bennett,MIA,N,2,2,2,1,0,1,0,0,0,0,1,2,1,0,0,0,0
BENNEWI01,1991,Winston,Bennett,CLE,N,52,831,193,62,99,161,38,19,9,33,121,209,79,50,35,1,0
BENNEWI01,1991,Winston,Bennett,TOT,N,54,833,195,63,99,162,38,19,9,33,122,211,80,50,35,1,0
BENOIDA01,1991,David,Benoit,UTA,N,77,1161,434,105,191,296,34,19,44,71,124,375,175,100,81,14,3
BIRDLA01,1991,Larry,Bird,BOS,N,45,1662,908,46,388,434,306,42,33,125,82,758,353,162,150,128,52
BLACKRO01,1991,Rolando,Blackman,DAL,N,75,2527,1374,78,161,239,204,50,22,153,134,1161,535,266,239,169,65
BLANKLA01,1991,Lance,Blanks,DET,N,43,189,64,9,13,22,19,14,1,14,26,55,25,11,8,16,6
BLAYLMO01,1991,Mookie,Blaylock,NJN,N,72,2548,996,101,168,269,492,170,40,152,182,993,429,177,126,54,12
BOGUEMU01,1991,Muggsy,Bogues,CHA,N,82,2790,730,58,177,235,743,170,6,156,156,671,317,120,94,27,2
BOLMA01,1991,Manute,Bol,PHI,N,71,1267,110,54,168,222,22,11,205,41,139,128,49,26,12,9,0
BONNEAN01,1991,Anthony,Bonner,SAC,N,79,2287,740,192,293,485,125,94,26,133,194,658,294,241,151,4,1
BOWIEAN01,1991,Anthony,Bowie,ORL,N,52,1721,758,70,175,245,163,55,38,107,101,633,312,136,117,44,17
BOWIESA01,1991,Sam,Bowie,NJN,N,71,2179,1062,203,375,578,186,41,120,150,212,947,421,280,212,25,8
BRANDTE01,1991,Terrell,Brandon,CLE,N,82,1605,605,49,113,162,316,81,22,136,107,601,252,124,100,23,1
BREUERA01,1991,Randy,Breuer,MIN,N,67,1176,363,98,183,281,89,27,99,41,117,344,161,77,41,1,0
BRICKFR01,1991,Frank,Brickowski,MIL,N,65,1556,740,98,246,344,122,60,23,112,223,584,306,163,125,6,3
BROOKKE01,1991,Kevin,Brooks,DEN,N,37,270,105,13,26,39,11,8,2,18,19,97,43,21,17,11,2
BROOKSC01,1991,Scott,Brooks,MIN,N,82,1082,417,27,72,99,205,66,7,51,82,374,167,63,51,90,32
BROWNCH01,1991,Chucky,Brown,TOT,N,42,431,150,31,51,82,26,12,7,29,48,128,60,49,30,3,0
BROWNCH01,1991,Chucky,Brown,CLE,N,6,50,15,2,4,6,3,3,0,2,7,10,5,8,5,0,0
BROWNCH01,1991,Chucky,Brown,LAL,N,36,381,135,29,47,76,23,9,7,27,41,118,55,41,25,3,0
BROWNDE01,1991,Dee,Brown,BOS,N,31,883,363,15,64,79,164,33,7,59,74,350,149,78,60,22,5
BROWNMI01,1991,Mike,Brown,UTA,N,82,1783,632,187,289,476,81,42,34,105,196,488,221,285,190,1,0
BROWNMY01,1991,Myron,Brown,MIN,N,4,23,9,0,3,3,6,1,0,4,2,6,4,0,0,3,1
BROWNRA01,1991,Randy,Brown,SAC,N,56,535,192,26,43,69,59,35,12,42,68,169,77,58,38,6,0
BROWNTO01,1991,Tony,Brown,LAC,N,22,254,103,9,19,28,16,12,1,14,31,89,39,29,18,22,7
BROWNTO01,1991,Tony,Brown,SEA,N,35,401,168,23,33,56,32,18,4,21,51,160,63,37,30,41,12
BROWNTO01,1991,Tony,Brown,TOT,N,57,655,271,32,52,84,48,30,5,35,82,249,102,66,48,63,19
BRYANMA01,1991,Mark,Bryant,POR,N,56,800,230,87,114,201,41,26,8,30,105,198,95,60,40,3,0
BUECHJU01,1991,Jud,Buechler,NJN,N,2,29,8,2,0,2,2,2,1,1,2,8,4,0,0,0,0
BUECHJU01,1991,Jud,Buechler,TOT,N,28,290,70,18,34,52,23,19,7,13,31,71,29,21,12,1,0
BUECHJU01,1991,Jud,Buechler,GSW,N,15,121,29,10,18,28,10,9,3,7,11,33,10,12,9,1,0
BUECHJU01,1991,Jud,Buechler,SAS,N,11,140,33,6,16,22,11,8,3,5,18,30,15,9,3,0,0
BULLAMA01,1991,Matt,Bullard,HOU,N,80,1278,512,73,150,223,75,26,21,56,129,447,205,50,38,166,64
BURTOWI01,1991,Willie,Burton,MIA,N,68,1585,762,76,168,244,123,46,37,119,186,622,280,245,196,15,6
BURTTST01,1991,Steve,Burtt,PHO,N,31,356,187,10,24,34,59,16,4,33,58,160,74,54,38,6,1
CAGEMI01,1991,Michael,Cage,SEA,N,82,2461,720,266,462,728,92,99,55,78,237,542,307,171,106,5,0
CALIPDE01,1991,Demetrius,Calip,LAL,N,7,58,11,1,4,5,12,1,0,5,8,18,4,3,2,5,1
CAMPBEL01,1991,Elden,Campbell,LAL,N,81,1876,578,155,268,423,59,53,159,73,203,491,220,223,138,2,0
CAMPBTO01,1991,Tony,Campbell,MIN,N,78,2441,1307,141,145,286,229,84,31,165,206,1137,527,299,240,37,13
CARRAN01,1991,Antoine,Carr,SAS,N,81,1867,881,128,218,346,63,32,96,114,264,732,359,212,162,5,1
CARTWBI01,1991,Bill,Cartwright,CHI,N,64,1471,512,93,231,324,87,22,14,75,131,445,208,159,96,0,0
CATLETE01,1991,Terry,Catledge,ORL,N,78,2430,1154,257,292,549,109,58,16,138,196,922,457,346,240,4,0
CAUSWDU01,1991,Duane,Causwell,SAC,N,80,2291,636,196,384,580,59,47,215,124,281,455,250,222,136,1,0
CEBALCE01,1991,Cedric,Ceballos,PHO,N,64,725,462,60,92,152,50,16,11,71,52,365,176,148,109,6,1
CHAMBTO01,1991,Tom,Chambers,PHO,N,69,1948,1128,86,315,401,142,57,37,103,196,989,426,311,258,49,18
CHAPMRE01,1991,Rex,Chapman,WA1,N,1,22,10,1,3,4,3,1,0,3,4,12,5,0,0,2,0
CHAPMRE01,1991,Rex,Chapman,CHA,N,21,545,260,9,45,54,86,14,8,42,47,240,108,53,36,27,8
CHAPMRE01,1991,Rex,Chapman,TOT,N,22,567,270,10,48,58,89,15,8,45,51,252,113,53,36,29,8
CHEEKMA01,1991,Maurice,Cheeks,ATL,N,56,1086,259,29,66,95,185,83,0,36,73,249,115,43,26,6,3
CHILCPE01,1991,Pete,Chilcutt,SAC,N,69,817,251,78,109,187,38,32,17,41,70,250,113,28,23,2,2
COLEMDE01,1991,Derrick,Coleman,NJN,N,65,2207,1289,203,415,618,205,54,98,248,168,958,483,393,300,76,23
COLESBI01,1991,Bimbo,Coles,MIA,N,81,1976,816,69,120,189,366,73,13,167,151,649,295,262,216,52,10
CONLOMA01,1991,Marty,Conlon,SEA,N,45,381,120,33,36,69,12,9,7,27,40,101,48,32,24,0,0
CONNELE01,1991,Lester,Conner,MIL,N,81,1420,287,63,121,184,294,97,10,79,86,239,103,115,81,7,0
COOKAN01,1991,Anthony,Cook,DEN,N,22,115,34,13,21,34,2,5,4,3,10,25,15,6,4,0,0
COOPEWA01,1991,Wayne,Cooper,POR,N,35,344,77,38,63,101,21,4,27,15,57,82,35,11,7,0,0
COPATO01,1991,Tom,Copa,SAS,N,33,132,48,14,22,36,3,2,6,8,29,40,22,13,4,0,0
COPELLA01,1991,Lanard,Copeland,LAC,N,10,48,16,1,6,7,5,2,0,4,5,23,7,2,2,2,0
CORBITY01,1991,Tyrone,Corbin,MIN,N,11,344,158,24,45,69,33,12,6,26,31,142,57,53,44,1,0
CORBITY01,1991,Tyrone,Corbin,TOT,N,80,2207,780,163,309,472,140,82,20,97,193,630,303,201,174,4,0
CORBITY01,1991,Tyrone,Corbin,UTA,N,69,1863,622,139,264,403,107,70,14,71,162,488,246,148,130,3,0
CORCHCH01,1991,Chris,Corchiani,ORL,N,51,741,255,18,60,78,141,45,2,74,94,193,77,104,91,37,10
CROWDCO01,1991,Corey,Crowder,UTA,N,51,328,114,16,25,41,17,7,2,13,35,112,43,18,15,30,13
CUMMITE01,1991,Terry,Cummings,SAS,N,70,2149,1210,247,384,631,102,58,34,115,210,1053,514,249,177,13,5
CURRYDE01,1991,Dell,Curry,CHA,N,77,2020,1209,57,202,259,177,93,20,134,156,1038,504,152,127,183,74
DAILEQU01,1991,Quintin,Dailey,SEA,N,11,98,31,2,10,12,4,5,1,10,6,37,9,16,13,1,0
DAUGHBR01,1991,Brad,Daugherty,CLE,N,73,2643,1566,191,569,760,262,65,78,185,190,1010,576,533,414,2,0
DAVISBR01,1991,Brad,Davis,DAL,N,33,429,92,4,29,33,66,11,3,27,57,86,38,15,11,18,5
DAVISDA01,1991,Dale,Davis,IND,N,64,1301,395,158,252,410,30,27,74,49,191,279,154,152,87,1,0
DAVISTE01,1991,Terry,Davis,DAL,N,68,2149,693,228,444,672,57,26,29,117,202,531,256,285,181,5,0
DAVISWA03,1991,Walter,Davis,DEN,N,46,741,457,20,50,70,68,29,1,45,69,403,185,94,82,16,5
DAWKIJO01,1991,Johnny,Dawkins,PHI,N,82,2815,988,42,185,227,567,89,5,183,158,902,394,186,164,101,36
DELEBI01,1991,Bison,Dele,ORL,N,48,905,437,115,157,272,33,41,53,86,139,324,171,142,95,0,0
DIVACVL01,1991,Vlade,Divac,LAL,N,36,979,405,87,160,247,60,55,35,88,114,317,157,112,86,19,5
DONALJA01,1991,James,Donaldson,NYK,N,14,81,12,2,17,19,2,0,5,7,17,18,5,2,2,0,0
DONALJA01,1991,James,Donaldson,DAL,N,44,994,273,97,173,270,31,8,44,41,86,227,107,84,59,0,0
DONALJA01,1991,James,Donaldson,TOT,N,58,1075,285,99,190,289,33,8,49,48,103,245,112,86,61,0,0
DOUGLSH01,1991,Sherman,Douglas,TOT,N,42,752,308,13,50,63,172,25,9,68,78,253,117,107,73,10,1
DOUGLSH01,1991,Sherman,Douglas,BOS,N,37,654,271,12,45,57,153,21,9,60,68,222,101,100,68,9,1
DOUGLSH01,1991,Sherman,Douglas,MIA,N,5,98,37,1,5,6,19,4,0,8,10,31,16,7,5,1,0
DREILGR01,1991,Greg,Dreiling,IND,N,60,509,117,22,74,96,25,10,16,31,123,87,43,40,30,1,1
DREXLCL01,1991,Clyde,Drexler,POR,N,76,2751,1903,166,334,500,512,138,70,240,229,1476,694,505,401,338,114
DUCKWKE01,1991,Kevin,Duckworth,POR,N,82,2222,880,151,346,497,99,38,37,143,264,786,362,226,156,3,0
DUDLECH02,1991,Chris,Dudley,NJN,N,82,1902,460,343,396,739,58,38,179,79,275,472,190,171,80,0,0
DUMARJO01,1991,Joe,Dumars,DET,N,82,3192,1635,82,106,188,375,71,12,193,145,1311,587,475,412,120,49
EACKLLE01,1991,Ledell,Eackles,WA1,N,65,1463,856,39,139,178,125,47,7,75,145,759,355,187,139,35,7
EATONMA01,1991,Mark,Eaton,UTA,N,81,2023,266,150,341,491,40,36,205,60,239,240,107,87,52,0,0
EDDIEPA01,1991,Patrick,Eddie,NYK,N,4,13,4,0,1,1,0,0,0,0,3,9,2,0,0,0,0
EDWARBL01,1991,Blue,Edwards,UTA,N,81,2283,1018,86,212,298,137,81,46,122,236,830,433,146,113,103,39
EDWARJA01,1991,James,Edwards,LAC,N,72,1437,698,55,147,202,53,24,33,72,236,538,250,271,198,1,0
EDWARKE01,1991,Kevin,Edwards,MIA,N,81,1840,819,56,155,211,170,99,20,120,138,716,325,191,162,32,7
EHLOCR01,1991,Craig,Ehlo,CLE,N,63,2016,776,94,213,307,238,78,22,104,150,684,310,123,87,167,69
ELIEMA01,1991,Mario,Elie,GSW,N,79,1677,620,69,158,227,174,68,15,83,159,424,221,182,155,70,23
ELLIOSE01,1991,Sean,Elliott,SAS,N,82,3120,1338,143,296,439,214,84,29,152,149,1040,514,331,285,82,25
ELLISDA01,1991,Dale,Ellis,MIL,N,81,2191,1272,92,161,253,104,57,18,119,151,1034,485,212,164,329,138
ELLISLE02,1991,Leron,Ellis,LAC,N,29,103,43,12,12,24,1,6,9,11,11,50,17,19,9,0,0
ELLISPE01,1991,Pervis,Ellison,WA1,N,66,2511,1322,217,523,740,190,62,177,196,222,1014,547,312,227,3,1
ENGLIAJ01,1991,A.j.,English,WA1,N,81,1665,886,74,94,168,143,32,9,89,160,846,366,176,148,34,6
EWINGPA01,1991,Patrick,Ewing,NYK,N,82,3150,1970,228,693,921,156,88,245,209,277,1525,796,511,377,6,1
FEITLDA01,1991,Dave,Feitl,NJN,N,34,175,82,21,40,61,6,2,3,19,22,77,33,19,16,0,0
FERREDU01,1991,Duane,Ferrell,ATL,N,66,1598,839,105,105,210,92,49,17,99,134,632,331,218,166,33,11
FERRYDA01,1991,Danny,Ferry,CLE,N,68,937,346,53,160,213,75,22,15,46,135,328,134,73,61,48,17
FLEMIVE01,1991,Vern,Fleming,IND,N,82,1737,726,69,140,209,266,56,7,140,134,610,294,179,132,27,6
FLOYDSL01,1991,Sleepy,Floyd,HOU,N,82,1662,744,34,116,150,239,57,21,128,128,704,286,170,135,123,37
FOSTEGR01,1991,Greg,Foster,WA1,N,49,548,213,43,102,145,35,6,12,36,83,193,89,49,35,1,0
FOXRI01,1991,Rick,Fox,BOS,N,81,1535,644,73,147,220,126,78,30,123,230,525,241,184,139,70,23
FRANKTE01,1991,Tellis,Frank,MIN,N,10,140,46,8,18,26,8,5,4,5,24,33,18,15,10,0,0
FREDEAN01,1991,Anthony,Frederick,CHA,N,66,852,389,75,69,144,71,40,26,58,91,370,161,92,63,17,4
GAMBLKE01,1991,Kevin,Gamble,BOS,N,82,2496,1108,80,206,286,219,75,37,97,200,908,480,157,139,31,9
GARLAWI01,1991,Winston,Garland,DEN,N,78,2209,846,67,123,190,411,98,22,175,206,750,333,199,171,28,9
GARRITO01,1991,Tom,Garrick,DAL,N,6,63,10,2,4,6,17,8,0,4,7,17,4,2,2,1,0
GARRITO01,1991,Tom,Garrick,MIN,N,15,112,29,2,7,9,18,7,3,10,14,33,11,8,6,2,1
GARRITO01,1991,Tom,Garrick,SAS,N,19,374,98,8,33,41,63,21,1,30,33,93,44,16,10,1,0
GARRITO01,1991,Tom,Garrick,TOT,N,40,549,137,12,44,56,98,36,4,44,54,143,59,26,18,4,1
GATLICH01,1991,Chris,Gatling,GSW,N,54,612,306,75,107,182,16,31,36,44,101,206,117,109,72,4,0
GATTIKE01,1991,Kenny,Gattison,CHA,N,82,2223,1042,177,403,580,131,59,69,140,273,799,423,285,196,2,0
GEORGTA01,1991,Tate,George,NJN,N,70,1037,418,36,69,105,162,41,3,82,98,386,165,106,87,6,1
GILLIAR01,1991,Armen,Gilliam,PHI,N,81,2771,1367,234,426,660,118,51,85,166,176,1001,512,425,343,2,0
GILLKE01,1991,Kendall,Gill,CHA,N,79,2906,1622,165,237,402,329,154,46,180,237,1427,666,381,284,25,6
GLASSGE01,1991,Gerald,Glass,MIN,N,75,1822,859,107,153,260,175,66,30,103,171,871,383,125,77,54,16
GMINSMI01,1991,Mike,Gminski,CHA,N,35,499,202,37,81,118,31,11,16,20,37,199,90,28,21,3,1
GODFRDA01,1991,Dan,Godfread,HOU,N,1,2,0,0,0,0,0,0,0,0,0,0,0,0,0,0,0
GRAHAPA01,1991,Paul,Graham,ATL,N,78,1718,791,72,159,231,175,96,21,91,193,682,305,170,126,141,55
GRANDRO01,1991,Ron,Grandison,CHA,N,3,25,10,3,8,11,1,1,1,3,4,4,2,10,6,0,0
GRANTGA01,1991,Gary,Grant,LAC,N,78,2049,609,34,150,184,538,138,14,187,181,595,275,54,44,51,15
GRANTGR01,1991,Greg,Grant,CHA,N,13,57,1,1,3,4,18,8,0,5,3,8,0,2,1,0,0
GRANTGR01,1991,Greg,Grant,TOT,N,68,891,225,14,55,69,217,45,2,46,76,225,99,24,20,18,7
GRANTGR01,1991,Greg,Grant,PHI,N,55,834,224,13,52,65,199,37,2,41,73,217,99,22,19,18,7
GRANTHA01,1991,Harvey,Grant,WA1,N,64,2388,1155,157,275,432,170,74,27,109,178,1022,489,220,176,8,1
GRANTHO01,1991,Horace,Grant,CHI,N,81,2859,1149,344,463,807,217,100,131,98,196,790,457,317,235,2,0
GRAYEJE01,1991,Jeff,Grayer,MIL,N,82,1659,739,129,128,257,150,64,13,105,142,689,309,153,102,66,19
GREENAC01,1991,A.c.,Green,LAL,N,82,2902,1116,306,456,762,117,91,36,111,141,803,382,457,340,56,12
GREENRI01,1991,Rickey,Green,BOS,N,26,367,106,3,21,24,68,17,1,18,28,103,46,18,13,4,1
GREENSE01,1991,Sean,Green,IND,N,35,256,141,22,20,42,22,13,6,27,31,158,62,28,15,10,2
GREENSI02,1991,Sidney,Green,SAS,N,80,1127,367,92,250,342,36,29,11,62,148,344,147,89,73,0,0
HALEYJA01,1991,Jack,Haley,LAL,N,49,394,76,31,64,95,7,7,8,25,75,84,31,29,14,0,0
HAMMOTO01,1991,Tom,Hammonds,WA1,N,37,984,440,49,136,185,36,22,13,58,118,400,195,82,50,1,0
HANSEBO01,1991,Bob,Hansen,SAC,N,2,40,8,2,2,4,1,1,0,0,6,9,4,0,0,2,0
HANSEBO01,1991,Bob,Hansen,CHI,N,66,769,165,15,58,73,68,26,3,28,128,169,75,22,8,25,7
HANSEBO01,1991,Bob,Hansen,TOT,N,68,809,173,17,60,77,69,27,3,28,134,178,79,22,8,27,7
HARDATI01,1991,Tim,Hardaway,GSW,N,81,3332,1893,81,229,310,807,164,13,267,208,1592,734,389,298,376,127
HARPEDE01,1991,Derek,Harper,DAL,N,65,2252,1152,49,121,170,373,101,17,154,150,1011,448,261,198,186,58
HARPERO01,1991,Ron,Harper,LAC,N,82,3144,1495,120,327,447,417,152,72,252,199,1292,569,398,293,211,64
HASTISC01,1991,Scott,Hastings,DEN,N,40,421,58,30,68,98,26,10,15,22,56,50,17,28,24,9,0
HAWKIHE01,1991,Hersey,Hawkins,PHI,N,81,3013,1536,53,218,271,248,157,43,189,174,1127,521,461,403,229,91
HENDEGE01,1991,Gerald,Henderson,HOU,N,8,34,12,1,1,2,5,0,0,4,4,11,4,6,4,3,0
HENDEGE01,1991,Gerald,Henderson,TOT,N,16,96,36,1,7,8,10,3,0,8,12,32,12,11,9,8,3
HENDEGE01,1991,Gerald,Henderson,DET,N,8,62,24,0,6,6,5,3,0,4,8,21,8,5,5,5,3
HENSOST01,1991,Steve,Henson,MIL,N,50,386,150,17,24,41,82,15,1,40,50,144,52,29,23,48,23
HERRECA01,1991,Carl,Herrera,HOU,N,43,566,191,33,66,99,27,16,25,37,60,161,83,44,25,1,0
HIGGIRO01,1991,Rod,Higgins,GSW,N,25,535,255,30,55,85,22,15,13,15,75,211,87,59,48,95,33
HIGGISE01,1991,Sean,Higgins,SAS,N,6,36,15,2,6,8,4,2,0,4,6,15,4,7,7,1,0
HIGGISE01,1991,Sean,Higgins,ORL,N,32,580,276,27,67,94,37,14,6,37,52,262,123,29,24,24,6
HIGGISE01,1991,Sean,Higgins,TOT,N,38,616,291,29,73,102,41,16,6,41,58,277,127,36,31,25,6
HILLTY01,1991,Tyrone,Hill,GSW,N,82,1886,671,182,411,593,47,73,43,106,315,487,254,235,163,1,0
HODGECR01,1991,Craig,Hodges,CHI,N,56,555,238,7,17,24,54,14,1,22,33,242,93,17,16,96,36
HODGEDO01,1991,Donald,Hodge,DAL,N,51,1058,426,118,157,275,39,25,23,75,128,328,163,150,100,0,0
HOPPEDA01,1991,Dave,Hoppen,PHI,N,11,40,9,1,9,10,2,0,0,3,6,7,2,10,5,0,0
HOPSODE01,1991,Dennis,Hopson,CHI,N,2,10,2,0,0,0,0,1,0,0,2,2,1,0,0,0,0
HOPSODE01,1991,Dennis,Hopson,TOT,N,71,1314,743,105,101,206,102,67,39,100,115,593,276,253,179,47,12
HOPSODE01,1991,Dennis,Hopson,SAC,N,69,1304,741,105,101,206,102,66,39,100,113,591,275,253,179,47,12
HORNAJE01,1991,Jeff,Hornacek,PHO,N,81,3078,1632,106,301,407,411,158,31,170,218,1240,635,315,279,189,83
HOWARBR01,1991,Brian,Howard,DAL,N,27,318,131,17,34,51,14,11,8,15,55,104,54,31,22,2,1
HUMPHJA01,1991,Jay,Humphries,MIL,N,71,2261,991,44,140,184,466,119,13,148,210,803,377,249,195,144,42
HUNTECE01,1991,Cedric,Hunter,CHA,N,1,1,0,0,0,0,0,0,0,0,0,0,0,0,0,0,0
IUZZOMI01,1991,Mike,Iuzzolino,DAL,N,52,1280,486,27,71,98,194,33,1,92,79,355,160,128,107,136,59
JACKSJA01,1991,Jaren,Jackson,GSW,N,5,54,26,5,5,10,3,2,0,4,7,23,11,6,4,0,0
JACKSMA01,1991,Mark,Jackson,NYK,N,81,2461,916,95,210,305,694,112,13,211,153,747,367,222,171,43,11
JAMERDA01,1991,Dave,Jamerson,HOU,N,48,378,191,22,21,43,33,17,0,24,39,191,79,27,25,28,8
JAMESHE01,1991,Henry,James,CLE,N,65,866,418,35,77,112,25,16,11,43,94,403,164,76,61,90,29
JEPSELE01,1991,Les,Jepsen,SAC,N,31,87,25,12,18,30,1,1,5,3,17,24,9,11,7,1,0
JOHNSAV01,1991,Avery,Johnson,HOU,N,49,772,251,8,37,45,166,40,6,65,46,222,103,69,42,10,3
JOHNSAV01,1991,Avery,Johnson,SAS,N,20,463,135,5,30,35,100,21,3,45,43,108,55,32,24,5,1
JOHNSAV01,1991,Avery,Johnson,TOT,N,69,1235,386,13,67,80,266,61,9,110,89,330,158,101,66,15,4
JOHNSBU01,1991,Buck,Johnson,HOU,N,80,2202,685,95,217,312,158,72,49,104,234,633,290,143,104,9,1
JOHNSED03,1991,Eddie,Johnson,SEA,N,81,2366,1386,118,174,292,161,55,11,130,199,1164,534,338,291,107,27
JOHNSKE01,1991,Kevin,Johnson,PHO,N,78,2899,1536,61,231,292,836,116,23,272,180,1125,539,555,448,46,10
JOHNSLA01,1991,Larry,Johnson,CHA,N,82,3047,1576,323,576,899,292,81,51,160,225,1258,616,409,339,22,5
JOHNSVI01,1991,Vinnie,Johnson,SAS,N,60,1350,478,67,115,182,145,41,14,74,93,499,202,85,55,60,19
JONESCH01,1991,Charles,Jones,WA1,N,75,1365,86,105,212,317,62,43,92,39,214,90,33,40,20,0,0
JORDAMI01,1991,Michael,Jordan,CHI,N,80,3102,2404,91,420,511,489,182,75,200,201,1818,943,590,491,100,27
KEMPSH01,1991,Shawn,Kemp,SEA,N,64,1808,994,264,401,665,86,70,124,156,261,718,362,361,270,3,0
KERRST01,1991,Steve,Kerr,CLE,N,48,847,319,14,64,78,110,27,10,31,29,237,121,54,45,74,32
KERSEJE01,1991,Jerome,Kersey,POR,N,77,2553,971,241,392,633,243,114,71,151,254,852,398,262,174,8,1
KESSLAL01,1991,Alec,Kessler,MIA,N,77,1197,410,114,200,314,34,17,32,58,185,383,158,115,94,0,0
KIMBLBO01,1991,Bo,Kimble,LAC,N,34,277,112,13,19,32,17,10,6,15,37,111,44,31,20,13,4
KINGAL01,1991,Albert,King,WA1,N,6,59,31,1,10,11,5,3,0,2,7,30,11,8,7,7,2
KINGRI01,1991,Rich,King,SEA,N,40,213,88,20,29,49,12,4,5,18,42,71,27,45,34,1,0
KINGST01,1991,Stacey,King,CHI,N,79,1268,551,87,118,205,77,21,25,76,129,425,215,158,119,5,2
KITEGR01,1991,Greg,Kite,ORL,N,72,1479,228,156,246,402,44,30,57,61,212,215,94,68,40,1,0
KLEINJO01,1991,Joe,Kleine,BOS,N,70,991,326,94,202,296,32,23,14,27,99,293,144,48,34,8,4
KNIGHNE01,1991,Negele,Knight,PHO,N,42,631,243,16,30,46,112,24,3,58,58,217,103,48,33,13,4
KOFOEBA01,1991,Bart,Kofoed,SEA,N,44,239,66,6,20,26,51,2,2,20,26,53,25,26,15,7,1
KONCAJO01,1991,Jon,Koncak,ATL,N,77,1489,241,62,199,261,132,50,67,54,207,284,111,29,19,12,0
KRYSTLA01,1991,Larry,Krystkowiak,MIL,N,79,1848,714,131,298,429,114,54,12,115,218,660,293,169,128,5,0
LAIMBBI01,1991,Bill,Laimbeer,DET,N,81,2234,783,104,347,451,160,51,54,102,225,727,342,75,67,85,32
LANEJE01,1991,Jerome,Lane,MIL,N,2,6,3,1,3,4,0,0,0,1,1,1,1,2,1,0,0
LANEJE01,1991,Jerome,Lane,TOT,N,14,177,37,32,34,66,17,2,1,14,28,46,14,27,9,0,0
LANEJE01,1991,Jerome,Lane,IND,N,3,30,6,9,9,18,4,0,0,3,9,5,3,6,0,0,0
LANEJE01,1991,Jerome,Lane,DEN,N,9,141,28,22,22,44,13,2,1,10,18,40,10,19,8,0,0
LANGAN01,1991,Andrew,Lang,PHO,N,81,1965,622,170,376,546,43,48,201,87,306,475,248,164,126,1,0
LECKNER01,1991,Eric,Leckner,CHA,N,59,716,196,49,157,206,31,9,18,39,114,154,79,51,38,1,0
LEEDO01,1991,Doug,Lee,NJN,N,46,307,120,17,18,35,22,11,1,12,39,116,50,19,10,37,10
LEONAGA01,1991,Gary,Leonard,ATL,N,5,13,10,3,2,5,1,1,0,1,3,6,4,2,2,0,0
LESJI01,1991,Jim,Les,SAC,N,62,712,231,11,52,63,143,31,3,42,58,192,74,47,38,131,45
LEVERLA01,1991,Lafayette,Lever,DAL,N,31,884,347,56,105,161,107,46,12,36,73,349,135,80,60,52,17
LEVINCL01,1991,Cliff,Levingston,CHI,N,79,1020,311,109,118,227,66,27,45,42,134,251,125,96,60,6,1
LEWISRE01,1991,Reggie,Lewis,BOS,N,82,3070,1703,117,277,394,185,125,105,136,258,1397,703,343,292,21,5
LIBERMA01,1991,Marcus,Liberty,DEN,N,75,1527,698,144,164,308,58,66,29,90,165,621,275,180,131,50,17
LICHTTO01,1991,Todd,Lichti,DEN,N,68,1176,446,36,82,118,74,43,12,72,131,376,173,118,99,9,1
LISTEAL01,1991,Alton,Lister,GSW,N,26,293,102,21,71,92,14,5,16,20,61,79,44,33,14,0,0
LOHAUBR01,1991,Brad,Lohaus,MIL,N,70,1081,408,65,184,249,74,40,71,46,144,360,162,41,27,144,57
LONGGR01,1991,Grant,Long,MIA,N,82,3063,1212,259,432,691,225,139,40,185,248,890,440,404,326,22,6
LONGLLU01,1991,Luc,Longley,MIN,N,66,991,281,67,190,257,53,35,64,83,157,249,114,80,53,0,0
LYNCHKE01,1991,Kevin,Lynch,CHA,N,55,819,224,30,55,85,83,37,9,44,107,223,93,46,35,8,3
MACONMA01,1991,Mark,Macon,DEN,N,76,2304,805,80,140,220,168,154,14,155,242,889,333,185,135,30,4
MAJERDA01,1991,Dan,Majerle,PHO,N,82,2853,1418,148,335,483,274,131,43,102,158,1153,551,303,229,228,87
MALONJE01,1991,Jeff,Malone,UTA,N,81,2922,1639,49,184,233,180,56,5,140,126,1353,691,285,256,12,1
MALONKA01,1991,Karl,Malone,UTA,N,81,3054,2272,225,684,909,241,108,51,248,226,1516,798,865,673,17,3
MALONMO01,1991,Moses,Malone,MIL,N,82,2511,1279,320,424,744,93,74,64,150,136,929,440,504,396,8,3
MANNIDA01,1991,Danny,Manning,LAC,N,82,2904,1579,229,335,564,285,135,122,210,293,1199,650,385,279,5,0
MARCISA01,1991,Sarunas,Marciulionis,GSW,N,72,2117,1361,68,140,208,243,116,10,193,237,912,491,477,376,10,3
MASONAN01,1991,Anthony,Mason,NYK,N,82,2198,573,216,357,573,106,46,20,101,229,399,203,260,167,0,0
MASSETO01,1991,Tony,Massenburg,TOT,N,18,90,29,7,18,25,0,1,1,9,21,25,10,15,9,0,0
MASSETO01,1991,Tony,Massenburg,CHA,N,3,13,1,1,3,4,0,1,0,4,2,3,0,2,1,0,0
MASSETO01,1991,Tony,Massenburg,SAS,N,1,9,2,0,0,0,0,0,0,0,2,5,1,0,0,0,0
MASSETO01,1991,Tony,Massenburg,BOS,N,7,46,10,2,7,9,0,0,1,2,7,9,4,4,2,0,0
MASSETO01,1991,Tony,Massenburg,GSW,N,7,22,16,4,8,12,0,0,0,3,10,8,5,9,6,0,0
MAXWEVE01,1991,Vernon,Maxwell,HOU,N,80,2700,1372,37,206,243,326,104,28,178,200,1216,502,267,206,473,162
MAYESTH01,1991,Tharon,Mayes,LAC,N,3,40,9,0,1,1,3,2,1,3,9,5,2,6,4,2,1
MAYESTH01,1991,Tharon,Mayes,PHI,N,21,215,90,3,12,15,32,14,1,28,32,94,28,30,20,39,14
MAYESTH01,1991,Tharon,Mayes,TOT,N,24,255,99,3,13,16,35,16,2,31,41,99,30,36,24,41,15
MAYSTR01,1991,Travis,Mays,ATL,N,2,32,17,1,1,2,1,0,0,3,4,14,6,2,2,6,3
MCCANBO01,1991,Bob,Mccann,DET,N,26,129,30,12,18,30,6,6,4,7,23,33,13,13,4,1,0
MCCLOGE01,1991,George,Mccloud,IND,N,51,892,338,45,87,132,116,26,11,62,95,313,128,64,50,94,32
MCCORTI01,1991,Tim,Mccormick,NYK,N,22,108,42,14,20,34,9,2,0,8,18,33,14,21,14,0,0
MCCRARO01,1991,Rodney,Mccray,DAL,N,75,2106,677,149,319,468,219,48,30,115,180,622,271,153,110,85,25
MCDANXA01,1991,Xavier,Mcdaniel,NYK,N,82,2344,1125,176,284,460,149,57,24,147,241,1021,488,192,137,39,12
MCHALKE01,1991,Kevin,Mchale,BOS,N,56,1398,780,119,211,330,82,11,59,82,112,634,323,163,134,13,0
MCKEYDE01,1991,Derrick,Mckey,SEA,N,52,1757,777,95,173,268,120,61,47,114,142,604,285,222,188,50,19
MCKINCA01,1991,Carlton,Mckinney,NYK,N,2,9,4,0,1,1,0,0,0,0,1,9,2,0,0,0,0
MCMILNA01,1991,Nate,Mcmillan,SEA,N,72,1652,435,92,160,252,359,129,29,112,218,405,177,84,54,98,27
MILLERE01,1991,Reggie,Miller,IND,N,82,3120,1695,82,236,318,314,105,26,157,210,1121,562,515,442,341,129
MILLSTE01,1991,Terry,Mills,NJN,N,82,1714,742,187,266,453,84,48,41,82,200,670,310,152,114,23,8
MITCHSA01,1991,Sam,Mitchell,MIN,N,82,2151,825,158,315,473,94,53,39,97,230,725,307,266,209,11,2
MONRORO01,1991,Rodney,Monroe,ATL,N,38,313,131,12,21,33,27,12,2,23,19,144,53,23,19,27,6
MOORETR01,1991,Tracy,Moore,DAL,N,42,782,355,31,51,82,48,32,4,44,97,325,130,78,65,84,30
MORRICH01,1991,Chris,Morris,NJN,N,77,2394,879,199,295,494,197,129,81,171,211,726,346,231,165,110,22
MORTOJO01,1991,John,Morton,CLE,N,4,54,14,3,4,7,5,1,0,4,3,12,3,9,8,1,0
MORTOJO01,1991,John,Morton,TOT,N,25,270,106,6,20,26,32,13,1,28,23,93,36,38,32,16,2
MORTOJO01,1991,John,Morton,MIA,N,21,216,92,3,16,19,27,12,1,24,20,81,33,29,24,15,2
MULLICH01,1991,Chris,Mullin,GSW,N,81,3346,2074,127,323,450,286,173,62,202,171,1584,830,420,350,175,64
MURDOER01,1991,Eric,Murdock,UTA,N,50,478,203,21,33,54,92,30,7,50,52,183,76,61,46,26,5
MURPHTO01,1991,Tod,Murphy,MIN,N,47,429,98,36,74,110,11,9,8,18,40,80,39,34,19,2,1
MUSTAJE01,1991,Jerrod,Mustaf,PHO,N,52,545,233,45,100,145,45,21,16,51,59,193,92,71,49,0,0
MUTOMDI01,1991,Dikembe,Mutombo,DEN,N,71,2716,1177,316,554,870,156,43,210,252,273,869,428,500,321,0,0
NANCELA01,1991,Larry,Nance,CLE,N,81,2880,1375,213,457,670,232,80,243,87,200,1032,556,320,263,6,0
NEALYED01,1991,Ed,Nealy,PHO,N,52,505,160,25,86,111,37,16,2,17,45,121,62,24,16,50,20
NEVITCH01,1991,Chuck,Nevitt,CHI,N,4,9,2,0,1,1,1,0,0,3,2,3,1,0,0,0,0
NEWMAJO01,1991,Johnny,Newman,CHA,N,55,1651,839,71,108,179,146,70,14,129,181,618,295,308,236,46,13
NORMAKE01,1991,Ken,Norman,LAC,N,77,2009,929,158,290,448,125,53,66,100,145,821,402,226,121,28,4
OAKLECH01,1991,Charles,Oakley,NYK,N,82,2309,506,256,444,700,133,67,15,123,258,402,210,117,86,3,0
OGGAL01,1991,Alan,Ogg,MIA,N,43,367,108,30,44,74,7,5,28,19,73,84,46,30,16,0,0
OLAJUHA01,1991,Hakeem,Olajuwon,HOU,N,70,2636,1510,246,599,845,157,127,304,187,263,1177,591,428,328,1,0
OLIVEBR01,1991,Brian,Oliver,PHI,N,34,279,81,10,20,30,20,10,2,24,33,100,33,22,15,4,0
OLIVEJI01,1991,Jimmy,Oliver,CLE,N,27,252,96,9,18,27,20,9,2,9,22,98,39,22,17,9,1
OWENSBI01,1991,Billy,Owens,GSW,N,80,2510,1141,243,396,639,188,90,65,179,276,891,468,312,204,9,1
OWENSKE01,1991,Keith,Owens,LAL,N,20,80,26,8,7,15,3,5,4,2,11,32,9,10,8,0,0
PACKRO01,1991,Robert,Pack,POR,N,72,894,332,32,65,97,140,40,4,92,101,272,115,127,102,10,0
PARISRO01,1991,Robert,Parish,BOS,N,79,2285,1115,219,486,705,70,68,97,131,172,874,468,232,179,0,0
PAXSOJO01,1991,John,Paxson,CHI,N,79,1946,555,21,75,96,241,49,9,44,142,487,257,37,29,44,12
PAYNEKE01,1991,Kenny,Payne,PHI,N,49,353,144,13,41,54,17,16,8,19,34,145,65,13,9,12,5
PAYTOGA01,1991,Gary,Payton,SEA,N,81,2549,764,123,172,295,506,147,21,174,248,734,331,148,99,23,3
PERDUWI01,1991,Will,Perdue,CHI,N,77,1007,350,108,204,312,80,16,43,72,133,278,152,91,45,2,1
PERKISA01,1991,Sam,Perkins,LAL,N,63,2332,1041,192,364,556,141,64,62,83,192,803,361,372,304,69,15
PERRYEL01,1991,Elliot,Perry,LAC,N,10,66,13,2,5,7,14,9,1,13,10,15,6,2,1,2,0
PERRYEL01,1991,Elliot,Perry,CHA,N,40,371,113,12,20,32,64,25,2,37,26,114,43,39,26,5,1
PERRYEL01,1991,Elliot,Perry,TOT,N,50,437,126,14,25,39,78,34,3,50,36,129,49,41,27,7,1
PERRYTI01,1991,Tim,Perry,PHO,N,80,2483,982,204,347,551,134,44,116,141,237,789,413,215,153,8,3
PERSOCH01,1991,Chuck,Person,IND,N,81,2923,1497,114,312,426,382,68,18,216,247,1284,616,197,133,354,132
PETERJI01,1991,Jim,Petersen,GSW,N,27,169,43,12,33,45,9,5,6,5,35,40,18,10,7,2,0
PETRODR01,1991,Drazen,Petrovic,NJN,N,82,3027,1691,97,161,258,252,105,11,215,248,1315,668,287,232,277,123
PHILLBO01,1991,Bobby,Phills,CLE,N,10,65,31,4,4,8,4,3,1,8,3,28,12,11,7,2,0
PIERCRI01,1991,Ricky,Pierce,SEA,N,78,2658,1690,93,140,233,241,86,20,189,213,1306,620,455,417,123,33
PINCKED01,1991,Ed,Pinckney,BOS,N,81,1917,613,252,312,564,62,70,56,73,158,378,203,255,207,1,0
PIPPESC01,1991,Scottie,Pippen,CHI,N,82,3164,1720,185,445,630,572,155,93,253,242,1359,687,434,330,80,16
POLYNOL01,1991,Olden,Polynice,LAC,N,76,1834,613,195,341,536,46,45,20,83,165,470,244,201,125,1,0
POPSODA01,1991,Dave,Popson,MIL,N,5,26,7,2,3,5,3,2,1,4,5,7,3,2,1,1,0
PORTETE01,1991,Terry,Porter,POR,N,82,2784,1485,51,204,255,477,127,12,188,155,1129,521,368,315,324,128
PRESSPA01,1991,Paul,Pressey,SAS,N,56,759,151,22,73,95,142,29,19,64,86,161,60,41,28,21,3
PRICEMA01,1991,Mark,Price,CLE,N,72,2138,1247,38,135,173,535,94,12,159,113,897,438,285,270,261,101
PRITCKE01,1991,Kevin,Pritchard,BOS,N,11,136,46,1,10,11,30,3,4,11,17,34,16,18,14,3,0
QUINNBR01,1991,Brian,Quinnett,TOT,N,39,326,115,16,35,51,12,16,8,16,32,124,43,26,16,41,13
QUINNBR01,1991,Brian,Quinnett,DAL,N,15,136,41,7,20,27,5,9,2,8,11,51,15,12,8,15,3
QUINNBR01,1991,Brian,Quinnett,NYK,N,24,190,74,9,15,24,7,7,6,8,21,73,28,14,8,26,10
RAMBIKU01,1991,Kurt,Rambis,PHO,N,28,381,90,23,83,106,37,12,14,25,46,82,38,18,14,0,0
RANDAMA01,1991,Mark,Randall,CHI,N,15,67,26,4,5,9,7,0,0,6,8,22,10,8,6,2,0
RANDAMA01,1991,Mark,Randall,MIN,N,39,374,145,35,27,62,26,12,3,19,31,127,58,35,26,14,3
RANDAMA01,1991,Mark,Randall,TOT,N,54,441,171,39,32,71,33,12,3,25,39,149,68,43,32,16,3
RASMUBL01,1991,Blair,Rasmussen,ATL,N,81,1968,729,94,299,393,107,35,48,51,233,726,347,40,30,23,5
REIDJR01,1991,J.r.,Reid,CHA,N,51,1257,560,96,221,317,81,49,23,84,159,435,213,190,134,3,0
REYNOJE01,1991,Jerry,Reynolds,ORL,N,46,1159,555,47,102,149,151,63,17,96,69,518,197,189,158,24,3
RICEGL01,1991,Glen,Rice,MIA,N,79,3007,1765,84,310,394,184,90,35,145,170,1432,672,318,266,396,155
RICHAPO01,1991,Pooh,Richardson,MIN,N,82,2922,1350,91,210,301,685,119,25,204,152,1261,587,178,123,155,53
RICHMMI01,1991,Mitch,Richmond,SAC,N,80,3095,1803,62,257,319,411,92,34,247,231,1465,685,406,330,268,103
RIVERDA01,1991,David,Rivers,LAC,N,15,122,30,10,9,19,21,7,1,17,14,30,10,11,10,1,0
RIVERDO01,1991,Doc,Rivers,LAC,N,59,1658,641,23,124,147,233,111,19,92,166,533,226,196,163,92,26
ROBERAL01,1991,Alvin,Robertson,MIL,N,82,2463,1010,175,175,350,360,210,32,223,263,922,396,198,151,210,67
ROBERFR01,1991,Fred,Roberts,MIL,N,80,1746,769,103,154,257,122,52,40,122,177,645,311,171,128,37,19
ROBERST01,1991,Stanley,Roberts,ORL,N,55,1118,573,113,223,336,39,22,83,78,221,446,236,196,101,1,0
ROBINCL01,1991,Cliff,Robinson,LAL,N,9,78,29,7,12,19,9,5,0,7,4,27,11,8,7,1,0
ROBINCL02,1991,Clifford,Robinson,POR,N,82,2124,1016,140,276,416,137,85,107,154,274,854,398,330,219,11,1
ROBINDA01,1991,David,Robinson,SAS,N,68,2564,1578,261,568,829,181,158,305,182,219,1074,592,561,393,8,1
ROBINLA01,1991,Larry,Robinson,BOS,N,1,6,2,2,0,2,1,0,0,1,3,5,1,0,0,0,0
ROBINRU01,1991,Rumeal,Robinson,ATL,N,81,2220,1055,64,155,219,446,105,24,206,178,928,423,275,175,104,34
RODMADE01,1991,Dennis,Rodman,DET,N,82,3301,800,523,1007,1530,191,68,70,140,248,635,342,140,84,101,32
ROLLITR01,1991,Tree,Rollins,HOU,N,59,697,118,61,110,171,15,14,62,18,85,86,46,30,26,0,0
ROYALDO01,1991,Donald,Royal,SAS,N,60,718,252,65,59,124,34,25,7,39,73,178,80,133,92,0,0
RUDDDE01,1991,Delaney,Rudd,UTA,N,65,538,193,15,39,54,109,15,1,49,64,188,75,42,32,47,11
RULANJE01,1991,Jeff,Ruland,PHI,N,13,209,51,16,31,47,5,7,4,20,45,38,20,16,11,0,0
SALLEJO01,1991,John,Salley,DET,N,72,1774,684,106,190,296,116,49,110,102,222,486,249,260,186,3,0
SAMPSRA01,1991,Ralph,Sampson,WA1,N,10,108,22,11,19,30,4,3,8,10,14,29,9,6,4,2,0
SANDEJE01,1991,Jeff,Sanders,ATL,N,12,117,47,9,17,26,9,5,3,5,15,45,20,9,7,0,0
SANDEMI01,1991,Mike,Sanders,TOT,N,31,633,221,27,69,96,53,24,10,22,83,161,92,47,36,3,1
SANDEMI01,1991,Mike,Sanders,IND,N,10,81,27,0,8,8,11,2,1,6,8,22,11,6,5,0,0
SANDEMI01,1991,Mike,Sanders,CLE,N,21,552,194,27,61,88,42,22,9,16,75,139,81,41,31,3,1
SCHAYDA01,1991,Danny,Schayes,MIL,N,43,726,240,58,110,168,34,19,19,41,98,199,83,96,74,0,0
SCHEFST01,1991,Steve,Scheffler,SAC,N,4,15,9,2,1,3,0,0,1,0,2,2,2,6,5,0,0
SCHEFST01,1991,Steve,Scheffler,DEN,N,7,46,12,8,3,11,0,3,0,1,8,7,4,6,4,0,0
SCHEFST01,1991,Steve,Scheffler,TOT,N,11,61,21,10,4,14,0,3,1,1,10,9,6,12,9,0,0
SCHINDU01,1991,Duane,Schintzius,SAC,N,33,400,110,43,75,118,20,6,28,19,67,117,50,12,10,4,0
SCHREDE01,1991,Detlef,Schrempf,IND,N,80,2605,1380,202,568,770,312,62,37,191,286,925,496,441,365,71,23
SCOTTBY01,1991,Byron,Scott,LAL,N,82,2679,1218,74,236,310,226,105,28,119,140,1005,460,291,244,157,54
SCOTTDE01,1991,Dennis,Scott,ORL,N,18,608,359,14,52,66,35,20,9,31,49,331,133,71,64,89,29
SEIKARO01,1991,Rony,Seikaly,MIA,N,79,2800,1296,307,627,934,109,40,121,216,278,947,463,505,370,3,0
SELLEBR01,1991,Brad,Sellers,DET,N,43,226,102,15,27,42,14,1,10,15,20,88,41,26,20,1,0
SHACKCH01,1991,Char,Shackleford,PHI,N,72,1399,473,145,270,415,46,38,51,62,205,422,205,95,63,1,0
SHAWBR01,1991,Brian,Shaw,TOT,N,63,1423,495,50,154,204,250,57,22,99,115,513,209,91,72,23,5
SHAWBR01,1991,Brian,Shaw,BOS,N,17,436,175,11,58,69,89,12,10,32,29,164,70,40,35,7,0
SHAWBR01,1991,Brian,Shaw,MIA,N,46,987,320,39,96,135,161,45,12,67,86,349,139,51,37,16,5
SIMMOLI01,1991,Lionel,Simmons,SAC,N,78,2895,1336,149,485,634,337,135,132,218,205,1162,527,365,281,5,1
SKILESC01,1991,Scott,Skiles,ORL,N,75,2377,1057,36,166,202,544,74,5,233,188,868,359,277,248,250,91
SMITHCH01,1991,Charles,Smith,LAC,N,49,1310,714,95,206,301,56,41,98,69,159,539,251,270,212,6,0
SMITHDO04,1991,Doug,Smith,DAL,N,76,1707,671,129,262,391,129,62,34,97,259,702,291,121,89,11,0
SMITHKE01,1991,Kenny,Smith,HOU,N,81,2735,1137,34,143,177,562,104,7,227,112,910,432,253,219,137,54
SMITHLA01,1991,Larry,Smith,HOU,N,45,800,104,107,149,256,33,21,7,44,121,92,50,11,4,1,0
SMITHLA02,1991,Labradford,Smith,WA1,N,48,708,247,30,51,81,99,44,1,63,98,246,100,56,45,21,2
SMITHOT01,1991,Otis,Smith,ORL,N,55,877,310,40,76,116,57,36,13,62,85,318,116,91,70,21,8
SMITHST01,1991,Steve,Smith,MIA,N,61,1806,729,81,107,188,278,59,19,152,162,654,297,127,95,125,40
SMITHTO01,1991,Tony,Smith,LAL,N,63,820,275,31,45,76,109,39,8,50,91,283,113,75,49,11,0
SMITSRI01,1991,Rik,Smits,IND,N,74,1772,1024,124,293,417,116,29,100,130,231,855,436,193,152,2,0
SMREKMI01,1991,Mike,Smrek,GSW,N,2,3,0,0,1,1,0,0,0,0,0,0,0,0,0,0,0
SPARRRO01,1991,Rory,Sparrow,CHI,N,4,18,3,0,1,1,4,0,0,2,2,8,1,0,0,2,1
SPARRRO01,1991,Rory,Sparrow,LAL,N,42,471,124,3,24,27,79,12,5,31,55,143,57,13,8,13,2
SPARRRO01,1991,Rory,Sparrow,TOT,N,46,489,127,3,25,28,83,12,5,33,57,151,58,13,8,15,3
SPENCFE01,1991,Felton,Spencer,MIN,N,61,1481,405,167,268,435,53,27,79,70,241,331,141,178,123,0,0
STARKJO01,1991,John,Starks,NYK,N,82,2118,1139,45,146,191,276,103,18,150,231,902,405,302,235,270,94
STEWALA01,1991,Larry,Stewart,WA1,N,76,2229,794,186,263,449,120,51,44,112,225,590,303,233,188,3,0
STOCKJO01,1991,John,Stockton,UTA,N,82,3002,1297,68,202,270,1126,244,22,286,234,939,453,366,308,204,83
STRICRO01,1991,Rod,Strickland,SAS,N,57,2053,787,92,173,265,491,118,17,160,122,659,300,265,182,15,5
STRONDE01,1991,Derek,Strong,WA1,N,1,12,3,1,4,5,1,0,0,1,1,4,0,4,3,0,0
STROTLA01,1991,Lamont,Strothers,POR,N,4,17,10,1,0,1,1,1,1,2,2,12,4,4,2,2,0
SUNDVJO01,1991,Jon,Sundvold,MIA,N,3,8,3,0,0,0,2,0,0,0,2,3,1,0,0,1,1
SUTTOGR01,1991,Greg,Sutton,SAS,N,67,601,246,6,41,47,91,26,9,70,111,240,93,45,34,89,26
TEAGLTE01,1991,Terry,Teagle,LAL,N,82,1602,880,91,92,183,113,66,9,114,148,805,364,197,151,4,1
THOMACA01,1991,Carl,Thomas,SAC,N,1,31,12,0,0,0,1,1,0,1,3,12,5,2,1,2,1
THOMACH01,1991,Charles,Thomas,DET,N,36,156,48,6,16,22,22,4,1,17,20,51,18,15,10,17,2
THOMAIS01,1991,Isiah,Thomas,DET,N,78,2918,1445,68,179,247,560,118,15,252,194,1264,564,378,292,86,25
THOMPBI01,1991,Billy,Thompson,GSW,N,1,1,0,0,0,0,0,0,0,0,0,0,0,0,0,0,0
THOMPLA01,1991,Lasalle,Thompson,IND,N,80,1299,394,98,283,381,102,52,34,98,207,359,168,71,58,2,0
THOMPST01,1991,Stephen,Thompson,ORL,N,1,15,2,0,1,1,1,0,0,2,2,3,1,0,0,0,0
THOMPST01,1991,Stephen,Thompson,TOT,N,19,91,31,11,8,19,8,6,3,5,9,37,14,8,3,1,0
THOMPST01,1991,Stephen,Thompson,SAC,N,18,76,29,11,7,18,7,6,3,3,7,34,13,8,3,1,0
THORNBO01,1991,Bob,Thornton,UTA,N,2,6,4,2,0,2,0,0,0,0,1,7,1,2,2,0,0
THORPOT01,1991,Otis,Thorpe,HOU,N,82,3056,1420,285,577,862,250,52,37,237,307,943,558,463,304,7,0
THREASE01,1991,Sedale,Threatt,LAL,N,82,3070,1240,43,210,253,593,168,16,182,231,1041,509,243,202,62,20
TISDAWA01,1991,Wayman,Tisdale,SAC,N,72,2521,1195,135,334,469,106,55,79,124,248,1043,522,198,151,2,0
TOLBETO01,1991,Tom,Tolbert,GSW,N,35,310,90,14,41,55,21,10,6,20,73,86,33,40,22,8,2
TUCKETR01,1991,Trent,Tucker,SAS,N,24,415,155,8,29,37,27,21,3,14,39,129,60,20,16,48,19
TURNEAN01,1991,Andre,Turner,WA1,N,70,871,284,17,73,90,177,57,2,84,59,261,111,77,61,16,1
TURNEJE01,1991,Jeff,Turner,ORL,N,75,1591,530,62,184,246,92,24,16,106,229,499,225,114,79,8,1
TURNEJO01,1991,John,Turner,HOU,N,42,345,117,38,40,78,12,6,4,32,40,98,43,59,31,0,0
VANDEKI01,1991,Kiki,Vandeweghe,NYK,N,67,956,467,31,57,88,57,15,8,27,87,383,188,81,65,66,26
VAUGHLO01,1991,Loy,Vaught,LAC,N,79,1687,601,160,352,512,71,37,31,66,165,551,271,69,55,5,4
VIANNJO01,1991,Joao,Vianna,DAL,N,1,9,2,0,0,0,2,0,0,1,3,2,1,0,0,0,0
VINCESA01,1991,Sam,Vincent,ORL,N,39,885,411,19,82,101,148,35,4,72,55,349,150,130,110,13,1
VOLKOAL01,1991,Alexander,Volkov,ATL,N,77,1516,662,103,162,265,250,66,30,102,178,569,251,198,125,110,35
VRANKST01,1991,Stojan,Vrankovic,BOS,N,19,110,37,8,20,28,5,0,17,10,22,32,15,12,7,0,0
WALKEDA01,1991,Darrell,Walker,DET,N,74,1541,387,85,153,238,205,63,18,79,134,381,161,105,65,10,0
WEBBSP01,1991,Spud,Webb,SAC,N,77,2724,1231,30,193,223,547,125,24,229,193,1006,448,305,262,199,73
WESTDO01,1991,Doug,West,MIN,N,80,2540,1116,107,150,257,281,66,26,120,239,894,463,231,186,23,4
WESTMA01,1991,Mark,West,PHO,N,82,1436,501,134,238,372,22,14,81,82,239,310,196,171,109,0,0
WHATLEN01,1991,Ennis,Whatley,POR,N,23,209,69,6,15,21,34,14,3,14,12,51,21,31,27,4,0
WHITERA01,1991,Randy,White,DAL,N,65,1021,418,96,140,236,31,31,22,68,157,382,145,162,124,27,4
WIGGIMI01,1991,Mitchell,Wiggins,PHI,N,49,569,211,43,51,94,22,20,1,25,67,229,88,51,35,1,0
WILEYMO01,1991,Morlon,Wiley,SAS,N,3,13,6,0,1,1,1,0,0,0,3,5,3,0,0,0,0
WILEYMO01,1991,Morlon,Wiley,ORL,N,9,90,21,2,5,7,13,4,0,8,13,28,9,5,3,4,0
WILEYMO01,1991,Morlon,Wiley,ATL,N,41,767,177,22,51,73,166,43,3,52,73,160,71,30,21,38,14
WILEYMO01,1991,Morlon,Wiley,TOT,N,53,870,204,24,57,81,180,47,3,60,89,193,83,35,24,42,14
WILKIDO01,1991,Dominique,Wilkins,ATL,N,42,1601,1179,103,192,295,158,52,24,122,77,914,424,352,294,128,37
WILKIGE01,1991,Gerald,Wilkins,NYK,N,82,2344,1016,74,132,206,219,76,17,113,195,964,431,159,116,108,38
WILLIBU01,1991,Buck,Williams,POR,N,80,2519,901,260,444,704,108,62,41,130,244,563,340,293,221,1,0
WILLIHE01,1991,Herb,Williams,DAL,N,75,2040,859,106,348,454,94,35,98,114,189,851,367,171,124,6,1
WILLIHO01,1991,Hotrod,Williams,CLE,N,80,2432,952,228,379,607,196,60,182,83,191,678,341,359,270,4,0
WILLIJA01,1991,Jayson,Williams,PHI,N,50,646,206,62,83,145,12,20,20,44,110,206,75,88,56,0,0
WILLIKE01,1991,Kevin,Willis,ATL,N,81,2962,1480,418,840,1258,173,72,54,197,223,1224,591,363,292,37,6
WILLIKE03,1991,Kenny,Williams,IND,N,60,565,252,64,65,129,40,20,41,22,99,218,113,43,26,4,0
WILLIMI01,1991,Michael,Williams,IND,N,79,2750,1188,73,209,282,647,233,22,240,262,824,404,427,372,33,8
WILLIRE01,1991,Reggie,Williams,DEN,N,81,2623,1474,145,260,405,235,148,68,173,270,1277,601,269,216,156,56
WILLISC01,1991,Scott,Williams,CHI,N,63,690,214,90,157,247,50,13,36,35,122,172,83,74,48,3,0
WINCHKE01,1991,Kennard,Winchester,HOU,N,4,17,2,0,0,0,0,0,0,0,1,3,1,0,0,0,0
WINCHKE01,1991,Kennard,Winchester,TOT,N,19,81,35,6,9,15,8,2,2,2,5,30,13,10,8,2,1
WINCHKE01,1991,Kennard,Winchester,NYK,N,15,64,33,6,9,15,8,2,2,2,4,27,12,10,8,2,1
WINGADA01,1991,David,Wingate,WA1,N,81,2127,638,80,189,269,247,123,21,124,162,572,266,146,105,18,1
WITTMRA01,1991,Randy,Wittman,IND,N,24,115,17,1,8,9,11,2,0,3,4,19,8,2,1,0,0
WOLFJO01,1991,Joe,Wolf,DEN,N,67,1160,254,97,143,240,61,32,14,60,124,277,100,66,53,11,1
WOOLROR01,1991,Orlando,Woolridge,DET,N,82,2113,1146,109,151,260,88,41,33,133,154,907,452,353,241,9,1
WORTHJA01,1991,James,Worthy,LAL,N,54,2108,1075,98,207,305,252,76,23,127,89,1007,450,204,166,43,9
YOUNGDA01,1991,Danny,Young,POR,N,18,134,45,0,9,9,20,6,0,5,6,40,16,14,10,10,3
YOUNGDA01,1991,Danny,Young,LAC,N,44,889,235,16,50,66,152,40,4,42,47,215,84,53,47,60,20
YOUNGDA01,1991,Danny,Young,TOT,N,62,1023,280,16,59,75,172,46,4,47,53,255,100,67,57,70,23
ABDELAL01,1992,Alaa,Abdelnaby,BOS,N,63,1152,514,114,186,300,17,19,22,97,165,417,219,100,76,0,0
ABDELAL01,1992,Alaa,Abdelnaby,TOT,N,75,1311,578,126,211,337,27,25,26,97,189,473,245,116,88,1,0
ABDELAL01,1992,Alaa,Abdelnaby,MIL,N,12,159,64,12,25,37,10,6,4,0,24,56,26,16,12,1,0
ABDULMA01,1992,Mahmo,Abdul-rauf,DEN,N,81,2710,1553,51,174,225,344,84,8,187,179,1407,633,232,217,197,70
ACRESMA01,1992,Mark,Acres,HOU,N,6,23,6,2,4,6,0,0,0,2,2,9,2,2,1,2,1
ACRESMA01,1992,Mark,Acres,WA1,N,12,246,58,24,37,61,5,3,6,11,32,40,24,14,10,0,0
ACRESMA01,1992,Mark,Acres,TOT,N,18,269,64,26,41,67,5,3,6,13,34,49,26,16,11,2,1
ADAMSMI01,1992,Michael,Adams,WA1,N,70,2499,1035,52,188,240,526,100,4,175,146,831,365,277,237,212,68
ADDISRA01,1992,Rafael,Addison,NJN,N,68,1164,428,45,87,132,53,23,11,64,125,411,182,70,57,34,7
AGUIRMA01,1992,Mark,Aguirre,DET,N,51,1056,503,43,109,152,105,16,7,68,101,422,187,129,99,83,30
AINGEDA01,1992,Danny,Ainge,PHO,N,80,2163,947,49,165,214,260,69,8,113,175,730,337,145,123,372,150
ALEXAVI01,1992,Victor,Alexander,GSW,N,72,1753,809,132,288,420,93,34,53,120,218,667,344,162,111,22,10
ANDERER01,1992,Eric,Anderson,NYK,N,16,44,21,6,8,14,3,3,1,5,14,18,5,13,11,0,0
ANDERKE02,1992,Kenny,Anderson,NJN,N,55,2010,927,51,175,226,449,96,11,153,140,850,370,232,180,25,7
ANDERNI01,1992,Nick,Anderson,ORL,N,79,2920,1574,122,355,477,265,128,56,164,200,1324,594,402,298,249,88
ANDERRO01,1992,Ron,Anderson,PHI,N,69,1263,561,62,122,184,93,31,5,63,75,544,225,89,72,120,39
ANDERWI01,1992,Willie,Anderson,SAS,N,38,560,183,7,50,57,79,14,6,44,52,186,80,28,22,8,1
ANTHOGR01,1992,Greg,Anthony,NYK,N,70,1699,459,42,128,170,398,113,12,104,141,419,174,159,107,30,4
ARMSTBJ01,1992,B.j.,Armstrong,CHI,N,82,2492,1009,27,122,149,330,66,6,83,169,818,408,151,130,139,63
ASKEWVI01,1992,Vincent,Askew,TOT,N,73,1129,411,62,99,161,122,40,19,69,135,309,152,149,105,6,2
ASKEWVI01,1992,Vincent,Askew,SAC,N,9,76,27,7,4,11,5,2,1,8,11,17,8,15,11,0,0
ASKEWVI01,1992,Vincent,Askew,SEA,N,64,1053,384,55,95,150,117,38,18,61,124,292,144,134,94,6,2
ASKINKE01,1992,Keith,Askins,MIA,N,69,935,227,74,124,198,31,31,29,37,141,213,88,40,29,65,22
AUGMOST01,1992,Stacey,Augmon,ATL,N,73,2112,1021,141,146,287,170,91,18,157,141,792,397,307,227,4,0
AUSTIIS01,1992,Isaac,Austin,UTA,N,46,306,129,38,41,79,6,8,14,23,60,112,50,44,29,1,0
AVENTAN01,1992,Anthony,Avent,MIL,N,82,2285,806,180,332,512,91,57,73,140,237,802,347,172,112,2,0
BAGLEJO01,1992,John,Bagley,BOS,N,10,97,23,1,6,7,20,2,0,17,11,25,9,6,5,1,0
BAILETH01,1992,Thurl,Bailey,MIN,N,70,1276,525,53,162,215,61,20,47,60,88,446,203,142,119,0,0
BARDOST01,1992,Stephen,Bardo,DAL,N,23,175,51,10,27,37,29,8,3,17,28,62,19,17,12,6,1
BARKLCH01,1992,Charles,Barkley,PHO,N,76,2859,1944,237,691,928,385,119,74,233,196,1376,716,582,445,220,67
BARRODA01,1992,Dana,Barros,SEA,N,69,1243,541,18,89,107,151,63,3,58,78,474,214,59,49,169,64
BARRYJO01,1992,Jon,Barry,MIL,N,47,552,206,10,33,43,68,35,3,42,57,206,76,49,33,63,21
BATTLJO01,1992,John,Battle,CLE,N,41,497,223,4,25,29,54,9,5,22,39,200,83,72,56,6,1
BATTLKE01,1992,Kenny,Battle,BOS,N,3,29,14,7,4,11,2,1,0,2,2,13,6,2,2,1,0
BEDFOWI01,1992,William,Bedford,SAS,N,16,66,25,1,9,10,0,0,1,1,15,27,9,12,6,1,1
BENJABE01,1992,Benoit,Benjamin,LAL,N,28,306,126,24,72,96,10,14,13,36,61,108,52,37,22,0,0
BENJABE01,1992,Benoit,Benjamin,SEA,N,31,448,209,27,86,113,12,17,35,42,73,163,81,67,47,0,0
BENJABE01,1992,Benoit,Benjamin,TOT,N,59,754,335,51,158,209,22,31,48,78,134,271,133,104,69,0,0
BENNETO01,1992,Tony,Bennett,CHA,N,75,857,276,12,51,63,136,30,0,50,110,260,110,41,30,80,26
BENOIDA01,1992,David,Benoit,UTA,N,82,1712,664,116,276,392,43,45,43,90,201,592,258,152,114,98,34
BLACKAL01,1992,Alex,Blackwell,LAL,N,27,109,34,10,13,23,7,4,2,5,14,42,14,8,6,3,0
BLACKRO01,1992,Rolando,Blackman,NYK,N,60,1434,580,23,79,102,157,22,10,65,129,539,239,90,71,73,31
BLANKLA01,1992,Lance,Blanks,MIN,N,61,642,161,18,50,68,72,16,5,31,61,150,65,32,20,43,11
BLANTRI01,1992,Ricky,Blanton,CHI,N,2,13,6,2,1,3,1,2,0,1,1,7,3,0,0,0,0
BLAYLMO01,1992,Mookie,Blaylock,ATL,N,80,2820,1069,89,191,280,671,203,23,187,156,964,414,169,123,315,118
BOGUEMU01,1992,Muggsy,Bogues,CHA,N,81,2833,808,51,247,298,711,161,5,154,179,730,331,168,140,26,6
BOLMA01,1992,Manute,Bol,PHI,N,58,855,126,44,149,193,18,14,119,50,87,127,52,19,12,32,10
BONDWA01,1992,Walter,Bond,DAL,N,74,1578,590,52,144,196,122,75,18,112,223,565,227,167,129,42,7
BONNEAN01,1992,Anthony,Bonner,SAC,N,70,1764,601,188,267,455,96,86,17,105,183,497,229,241,143,7,0
BOWIEAN01,1992,Anthony,Bowie,ORL,N,77,1761,618,36,158,194,175,54,14,84,131,569,268,84,67,48,15
BOWIESA01,1992,Sam,Bowie,NJN,N,79,2092,717,158,398,556,127,32,128,120,226,638,287,181,141,6,2
BRANDTE01,1992,Terrell,Brandon,CLE,N,82,1622,725,37,142,179,302,79,27,107,122,621,297,143,118,42,13
BREUERA01,1992,Randy,Breuer,ATL,N,12,107,32,10,18,28,6,2,3,5,12,31,15,5,2,0,0
BRICKFR01,1992,Frank,Brickowski,MIL,N,66,2075,1115,120,285,405,196,80,44,202,235,836,456,268,195,26,8
BROOKKE01,1992,Kevin,Brooks,DEN,N,55,571,227,22,59,81,34,10,2,39,46,233,93,40,35,26,6
BROOKSC01,1992,Scott,Brooks,HOU,N,82,1516,519,22,77,99,243,79,3,72,136,385,183,135,112,99,41
BROWNCH01,1992,Chucky,Brown,NJN,N,77,1186,391,88,144,232,51,20,24,56,112,331,160,98,71,5,0
BROWNDE01,1992,Dee,Brown,BOS,N,80,2254,874,45,201,246,461,138,32,136,203,701,328,242,192,82,26
BROWNMI01,1992,Mike,Brown,UTA,N,82,1551,465,147,244,391,64,32,23,95,190,409,176,164,113,1,0
BROWNRA01,1992,Randy,Brown,SAC,N,75,1726,567,75,137,212,196,108,34,120,206,486,225,157,115,6,2
BRYANMA01,1992,Mark,Bryant,POR,N,80,1396,476,132,192,324,41,37,23,65,226,370,186,148,104,1,0
BUECHJU01,1992,Jud,Buechler,GSW,N,70,1287,437,81,114,195,94,47,19,55,98,403,176,87,65,59,20
BULLAMA01,1992,Matt,Bullard,HOU,N,79,1356,575,66,156,222,110,30,11,57,129,494,213,74,58,243,91
BURTOWI01,1992,Willie,Burton,MIA,N,26,451,204,22,48,70,16,13,16,50,58,141,54,127,91,15,5
BURTTST01,1992,Steve,Burtt,WA1,N,4,35,29,2,1,3,6,2,0,4,5,26,10,10,8,3,1
CAGEMI01,1992,Michael,Cage,SEA,N,82,2156,499,268,391,659,69,76,46,59,183,416,219,130,61,1,0
CAMBRDE01,1992,Dexter,Cambridge,DAL,N,53,885,370,88,79,167,58,24,6,63,128,312,151,99,68,4,0
CAMPBEL01,1992,Elden,Campbell,LAL,N,79,1551,606,127,205,332,48,59,100,69,165,520,238,204,130,3,0
CAMPBTO01,1992,Tony,Campbell,NYK,N,58,1062,449,59,96,155,62,34,5,51,150,396,194,87,59,5,2
CARRAN01,1992,Antoine,Carr,SAS,N,71,1947,932,107,281,388,97,35,87,96,264,705,379,224,174,5,0
CARTWBI01,1992,Bill,Cartwright,CHI,N,63,1253,354,83,150,233,83,20,10,62,154,343,141,98,72,0,0
CATLETE01,1992,Terry,Catledge,ORL,N,21,262,99,18,28,46,5,4,1,25,31,73,36,34,27,0,0
CAUSWDU01,1992,Duane,Causwell,SAC,N,55,1211,453,112,191,303,35,32,87,58,192,321,175,165,103,1,0
CEBALCE01,1992,Cedric,Ceballos,PHO,N,74,1607,949,172,236,408,77,54,28,106,103,662,381,258,187,2,0
CHAMBTO01,1992,Tom,Chambers,PHO,N,73,1723,892,96,249,345,101,43,23,92,212,716,320,288,241,28,11
CHAPMRE01,1992,Rex,Chapman,WA1,N,60,1300,749,19,69,88,116,38,10,79,119,602,287,163,132,116,43
CHEEKMA01,1992,Maurice,Cheeks,NJN,N,35,510,126,5,37,42,107,33,2,33,35,93,51,27,24,2,0
CHILCPE01,1992,Pete,Chilcutt,SAC,N,59,834,362,80,114,194,64,22,21,54,102,340,165,46,32,0,0
CHRISDO01,1992,Doug,Christie,LAL,N,23,332,142,24,27,51,53,22,5,50,53,106,45,66,50,12,2
COLEMDE01,1992,Derrick,Coleman,NJN,N,76,2759,1572,247,605,852,276,92,126,243,210,1226,564,521,421,99,23
COLESBI01,1992,Bimbo,Coles,MIA,N,81,2232,855,58,108,166,373,80,11,108,199,686,318,220,177,137,42
CONLOMA01,1992,Marty,Conlon,SAC,N,46,467,219,48,75,123,37,13,5,28,43,171,81,81,57,4,0
CONNELE01,1992,Lester,Conner,LAC,N,31,422,74,16,33,49,65,34,4,21,39,62,28,19,18,0,0
COOPEDU01,1992,Duane,Cooper,LAL,N,65,645,156,13,37,50,150,18,2,69,66,158,62,35,25,30,7
CORBITY01,1992,Tyrone,Corbin,UTA,N,82,2555,950,194,325,519,173,108,32,108,252,766,385,218,180,5,0
CORCHCH01,1992,Chris,Corchiani,TOT,N,10,105,44,1,6,7,16,6,0,8,18,24,14,21,16,3,0
CORCHCH01,1992,Chris,Corchiani,WA1,N,1,3,2,0,0,0,0,0,0,0,1,1,1,0,0,0,0
CORCHCH01,1992,Chris,Corchiani,ORL,N,9,102,42,1,6,7,16,6,0,8,17,23,13,21,16,3,0
COURTJO01,1992,Joe,Courtney,CHI,N,5,34,11,2,0,2,1,2,1,3,9,9,4,4,3,0,0
COURTJO01,1992,Joe,Courtney,GSW,N,7,70,22,2,15,17,2,3,4,3,8,23,9,5,4,0,0
COURTJO01,1992,Joe,Courtney,TOT,N,12,104,33,4,15,19,3,5,5,6,17,32,13,9,7,0,0
CROTTJO01,1992,John,Crotty,UTA,N,40,243,102,4,13,17,55,11,0,30,29,72,37,38,26,14,2
CUMMITE01,1992,Terry,Cummings,SAS,N,8,76,27,6,13,19,4,1,1,2,17,29,11,10,5,0,0
CURCIRA01,1992,Radisav,Curcic,DAL,N,20,166,58,17,32,49,12,7,2,8,30,41,16,36,26,0,0
CURRYDE01,1992,Dell,Curry,CHA,N,80,2094,1227,51,235,286,180,87,23,129,150,1102,498,157,136,237,95
DANIELL01,1992,Lloyd,Daniels,SAS,N,77,1573,701,86,130,216,148,38,30,102,144,644,285,99,72,177,59
DAUGHBR01,1992,Brad,Daugherty,CLE,N,71,2691,1432,164,562,726,312,53,56,150,174,911,520,492,391,2,1
DAVISDA01,1992,Dale,Davis,IND,N,82,2264,727,291,432,723,69,63,148,79,274,535,304,225,119,0,0
DAVISHU01,1992,Hubert,Davis,NYK,N,50,815,269,13,43,56,83,22,4,45,71,251,110,54,43,19,6
DAVISTE01,1992,Terry,Davis,DAL,N,75,2462,955,259,442,701,68,36,28,160,199,863,393,281,167,8,2
DAWKIJO01,1992,Johnny,Dawkins,PHI,N,74,1598,655,33,103,136,339,80,4,121,91,590,258,142,113,84,26
DAYTO01,1992,Todd,Day,MIL,N,71,1931,983,144,147,291,117,75,48,118,222,828,358,297,213,184,54
DELEBI01,1992,Bison,Dele,ORL,N,21,240,96,24,32,56,5,14,17,25,48,78,40,20,16,1,0
DELNEVI01,1992,Vinny,Delnegro,SAS,N,73,1526,543,19,144,163,291,44,1,92,146,430,218,117,101,24,6
DIVACVL01,1992,Vlade,Divac,LAL,N,82,2525,1050,220,509,729,232,128,140,214,311,819,397,341,235,75,21
DONALJA01,1992,James,Donaldson,UTA,N,6,94,21,6,23,29,1,1,7,4,13,14,8,9,5,0,0
DOUGLSH01,1992,Sherman,Douglas,BOS,N,79,1932,618,65,97,162,508,49,10,161,166,530,264,150,84,29,6
DREILGR01,1992,Greg,Dreiling,IND,N,43,239,46,26,40,66,8,5,8,9,60,58,19,15,8,4,0
DREXLCL01,1992,Clyde,Drexler,POR,N,49,1671,976,126,183,309,278,95,37,115,159,816,350,292,245,133,31
DUCKWKE01,1992,Kevin,Duckworth,POR,N,74,1762,729,118,269,387,70,45,39,87,222,688,301,174,127,2,0
DUDLECH02,1992,Chris,Dudley,NJN,N,71,1398,245,215,298,513,16,17,103,54,195,266,94,110,57,0,0
DUMARJO01,1992,Joe,Dumars,DET,N,77,3094,1809,63,85,148,308,78,7,138,141,1454,677,397,343,299,112
DUMASRI01,1992,Richard,Dumas,PHO,N,48,1320,757,100,123,223,60,85,39,92,127,576,302,215,152,3,1
DURHAPA01,1992,Pat,Durham,GSW,N,5,78,21,5,9,14,4,1,1,7,6,25,6,12,9,0,0
EATONMA01,1992,Mark,Eaton,UTA,N,64,1104,177,73,191,264,17,18,79,43,143,130,71,50,35,0,0
EDWARBL01,1992,Blue,Edwards,MIL,N,82,2729,1382,123,259,382,214,129,45,175,242,1083,554,300,237,106,37
EDWARJA01,1992,James,Edwards,LAL,N,52,617,328,30,70,100,41,10,7,51,122,270,122,118,84,0,0
EDWARKE01,1992,Kevin,Edwards,MIA,N,40,1134,556,48,73,121,120,68,12,75,69,462,216,141,119,17,5
EHLOCR01,1992,Craig,Ehlo,CLE,N,82,2559,949,113,290,403,254,104,22,124,170,785,385,120,86,244,93
ELIEMA01,1992,Mario,Elie,POR,N,82,1757,708,59,157,216,177,74,20,89,145,524,240,214,183,129,45
ELLIOSE01,1992,Sean,Elliott,SAS,N,70,2604,1207,85,237,322,265,68,28,152,132,918,451,337,268,104,37
ELLISDA01,1992,Dale,Ellis,SAS,N,82,2731,1366,81,231,312,107,78,18,111,179,1092,545,197,157,297,119
ELLISLA01,1992,Laphonso,Ellis,DEN,N,82,2749,1205,274,470,744,151,72,111,153,293,958,483,317,237,13,2
ELLISPE01,1992,Pervis,Ellison,WA1,N,49,1701,852,138,295,433,117,45,108,110,154,655,341,242,170,4,0
ENGLIJO01,1992,Jojo,English,CHI,N,6,31,6,2,4,6,1,3,2,4,5,10,3,2,0,3,0
EWINGPA01,1992,Patrick,Ewing,NYK,N,81,3003,1959,191,789,980,151,74,161,265,286,1550,779,556,400,7,1
FERREDU01,1992,Duane,Ferrell,ATL,N,82,1736,839,97,94,191,132,59,17,103,160,696,327,226,176,36,9
FERRYDA01,1992,Danny,Ferry,CLE,N,76,1461,573,81,198,279,137,29,49,83,171,459,220,113,99,82,34
FLEMIVE01,1992,Vern,Fleming,IND,N,75,1503,710,63,106,169,224,63,9,121,126,554,280,197,143,36,7
FLOYDSL01,1992,Sleepy,Floyd,HOU,N,52,867,345,14,72,86,132,32,6,68,59,305,124,102,81,56,16
FOSTEGR01,1992,Greg,Foster,ATL,N,33,205,101,24,32,56,10,3,9,16,41,95,44,18,13,4,0
FOSTEGR01,1992,Greg,Foster,WA1,N,10,93,24,8,19,27,11,0,5,9,17,25,11,3,2,0,0
FOSTEGR01,1992,Greg,Foster,TOT,N,43,298,125,32,51,83,21,3,14,25,58,120,55,21,15,4,0
FOXRI01,1992,Rick,Fox,BOS,N,71,1082,453,55,104,159,113,61,21,77,133,380,184,101,81,23,4
GAMBLKE01,1992,Kevin,Gamble,BOS,N,82,2541,1093,46,200,246,226,86,37,81,185,906,459,149,123,139,52
GARLAWI01,1992,Winston,Garland,HOU,N,66,1004,391,32,76,108,138,39,4,67,116,343,152,89,81,13,6
GATLICH01,1992,Chris,Gatling,GSW,N,70,1248,648,129,191,320,40,44,53,102,197,462,249,207,150,6,0
GATTIKE01,1992,Kenny,Gattison,CHA,N,75,1475,508,108,245,353,68,48,55,64,237,384,203,169,102,3,0
GEIGEMA01,1992,Matt,Geiger,MIA,N,48,554,214,46,74,120,14,15,18,36,123,145,76,92,62,4,0
GEORGTA01,1992,Tate,George,NJN,N,48,380,122,9,18,27,59,10,3,31,25,135,51,24,20,5,0
GILLIAR01,1992,Armen,Gilliam,PHI,N,80,1742,992,136,336,472,116,37,54,157,123,774,359,325,274,1,0
GILLKE01,1992,Kendall,Gill,CHA,N,69,2430,1167,120,220,340,268,98,36,174,191,1032,463,290,224,62,17
GLASSGE01,1992,Gerald,Glass,MIN,N,4,71,20,1,2,3,9,3,0,5,6,27,8,6,4,2,0
GLASSGE01,1992,Gerald,Glass,TOT,N,60,848,316,61,81,142,77,33,18,35,104,339,142,39,25,33,7
GLASSGE01,1992,Gerald,Glass,DET,N,56,777,296,60,79,139,68,30,18,30,98,312,134,33,21,31,7
GMINSMI01,1992,Mike,Gminski,CHA,N,34,251,93,34,51,85,7,1,9,11,28,83,42,10,9,0,0
GRAHAPA01,1992,Paul,Graham,ATL,N,80,1508,650,61,129,190,164,86,6,120,185,560,256,131,96,141,42
GRANTGA01,1992,Gary,Grant,LAC,N,74,1624,486,27,112,139,353,106,9,129,168,476,210,74,55,42,11
GRANTGR01,1992,Greg,Grant,PHI,N,72,996,194,24,43,67,206,43,1,54,73,220,77,31,20,68,20
GRANTHA01,1992,Harvey,Grant,WA1,N,72,2667,1339,133,279,412,205,72,44,90,168,1149,560,300,218,10,1
GRANTHO01,1992,Horace,Grant,CHI,N,77,2745,1017,341,388,729,201,89,96,110,218,829,421,281,174,5,1
GRAYEJE01,1992,Jeff,Grayer,GSW,N,48,1025,423,71,86,157,70,31,8,54,120,353,165,136,91,14,2
GREENAC01,1992,A.c.,Green,LAL,N,82,2819,1051,287,424,711,116,88,39,116,149,706,379,375,277,46,16
GREENLI01,1992,Litterial,Green,ORL,N,52,626,235,11,23,34,116,23,4,42,70,198,87,96,60,10,1
GREENSE01,1992,Sean,Green,IND,N,13,81,62,4,5,9,7,2,1,9,11,55,28,4,3,10,3
GREENSI02,1992,Sidney,Green,CHA,N,24,127,40,14,33,47,5,1,2,8,16,40,14,16,12,2,0
GREENSI02,1992,Sidney,Green,SAS,N,15,202,53,18,53,71,19,5,3,12,21,49,20,15,13,0,0
GREENSI02,1992,Sidney,Green,TOT,N,39,329,93,32,86,118,24,6,5,20,37,89,34,31,25,2,0
GUGLITO01,1992,Tom,Gugliotta,WA1,N,81,2795,1187,219,562,781,306,134,35,230,195,1135,484,281,181,135,38
GUIDIJA01,1992,Jay,Guidinger,CLE,N,32,215,51,26,38,64,17,9,10,10,48,55,19,25,13,0,0
HAMMOTO01,1992,Tom,Hammonds,CHA,N,19,142,43,5,26,31,8,0,4,3,20,45,19,8,5,0,0
HAMMOTO01,1992,Tom,Hammonds,TOT,N,54,713,248,38,89,127,24,18,12,34,77,221,105,62,38,1,0
HAMMOTO01,1992,Tom,Hammonds,DEN,N,35,571,205,33,63,96,16,18,8,31,57,176,86,54,33,1,0
HARDATI01,1992,Tim,Hardaway,GSW,N,66,2609,1419,60,203,263,699,116,12,220,152,1168,522,367,273,309,102
HARPEDE01,1992,Derek,Harper,DAL,N,62,2108,1126,42,81,123,334,80,16,136,145,939,393,316,239,257,101
HARPERO01,1992,Ron,Harper,LAC,N,80,2970,1443,117,308,425,360,177,73,222,212,1203,542,399,307,186,52
HASTISC01,1992,Scott,Hastings,DEN,N,76,670,156,44,93,137,34,12,8,29,115,112,57,55,40,8,2
HAWKIHE01,1992,Hersey,Hawkins,PHI,N,81,2977,1643,91,255,346,317,137,30,180,189,1172,551,487,419,307,122
HENSOST01,1992,Steve,Henson,ATL,N,53,719,213,12,43,55,155,30,1,52,85,182,71,40,34,80,37
HERRECA01,1992,Carl,Herrera,HOU,N,81,1800,605,148,306,454,61,47,35,92,190,444,240,176,125,2,0
HIGGIRO01,1992,Rod,Higgins,SAC,N,69,1425,571,66,127,193,119,51,29,63,141,483,199,151,130,133,43
HIGGISE01,1992,Sean,Higgins,GSW,N,29,591,240,0,68,68,66,13,5,64,54,215,96,47,35,37,13
HILLTY01,1992,Tyrone,Hill,GSW,N,74,2070,640,255,499,754,68,41,40,92,320,494,251,221,138,4,0
HODGEDO01,1992,Donald,Hodge,DAL,N,79,1267,393,93,201,294,75,33,37,90,204,400,161,104,71,0,0
HOPPEDA01,1992,Dave,Hoppen,NJN,N,2,10,2,1,3,4,0,0,0,0,2,1,1,2,0,0,0
HORNAJE01,1992,Jeff,Hornacek,PHI,N,79,2860,1511,84,258,342,548,131,21,222,203,1239,582,289,250,249,97
HORRYRO01,1992,Robert,Horry,HOU,N,79,2330,801,113,279,392,191,80,83,156,210,682,323,200,143,47,12
HOUSTBY01,1992,Byron,Houston,GSW,N,79,1274,421,119,196,315,69,44,43,87,253,325,145,194,129,7,2
HOWARBR01,1992,Brian,Howard,DAL,N,68,1295,439,66,146,212,67,55,34,68,217,414,183,94,72,7,1
HOWARST01,1992,Stephen,Howard,UTA,N,49,260,104,26,34,60,10,15,12,23,58,93,35,53,34,0,0
HUMPHJA01,1992,Jay,Humphries,UTA,N,78,2034,690,40,103,143,317,101,11,132,236,659,287,130,101,75,15
IRVINBY01,1992,Byron,Irvin,WA1,N,4,45,22,2,2,4,2,1,0,4,5,18,9,6,3,1,1
IUZZOMI01,1992,Mike,Iuzzolino,DAL,N,70,1769,610,31,109,140,328,49,6,129,101,478,221,149,114,144,54
JACKSJA01,1992,Jaren,Jackson,LAC,N,34,350,131,19,20,39,35,19,5,17,45,128,53,27,23,5,2
JACKSJI01,1992,Jim,Jackson,DAL,N,28,938,457,42,80,122,131,40,11,115,80,466,184,92,68,73,21
JACKSMA01,1992,Mark,Jackson,LAC,N,82,3117,1181,0,388,388,724,136,12,220,158,945,459,300,241,82,22
JAMESHE01,1992,Henry,James,SAC,N,8,79,60,6,4,10,1,3,0,7,9,45,20,20,17,10,3
JAMESHE01,1992,Henry,James,UTA,N,2,9,7,1,0,1,0,0,0,0,0,6,1,6,5,3,0
JAMESHE01,1992,Henry,James,TOT,N,10,88,67,7,4,11,1,3,0,7,9,51,21,26,22,13,3
JENNIKE01,1992,Keith,Jennings,GSW,N,8,136,69,2,9,11,23,4,0,7,18,42,25,18,14,9,5
JOHNSAV01,1992,Avery,Johnson,SAS,N,75,2030,656,20,126,146,561,85,16,145,141,510,256,182,144,8,0
JOHNSBU01,1992,Buck,Johnson,WA1,N,73,1287,478,78,117,195,89,36,18,70,187,403,193,126,92,3,0
JOHNSDA03,1992,Dave,Johnson,POR,N,42,356,157,18,30,48,13,8,1,28,23,149,57,59,40,14,3
JOHNSED03,1992,Eddie,Johnson,SEA,N,82,1869,1177,124,148,272,135,36,4,134,173,991,463,257,234,56,17
JOHNSFR01,1992,Frank,Johnson,PHO,N,77,1122,332,41,72,113,186,60,8,80,112,312,136,76,59,12,1
JOHNSKE01,1992,Kevin,Johnson,PHO,N,49,1643,791,30,74,104,384,85,19,151,100,565,282,276,226,8,1
JOHNSLA01,1992,Larry,Johnson,CHA,N,82,3323,1810,281,583,864,353,53,27,227,187,1385,728,438,336,71,18
JONESCH01,1992,Charles,Jones,WA1,N,67,1206,88,87,190,277,42,38,77,38,144,63,33,38,22,1,0
JORDAMI01,1992,Michael,Jordan,CHI,N,78,3067,2541,135,387,522,428,221,61,207,188,2003,992,569,476,230,81
JORDATH01,1992,Thomas,Jordan,PHI,N,4,106,44,5,14,19,3,3,5,12,14,41,18,17,8,0,0
KEEFEAD01,1992,Adam,Keefe,ATL,N,82,1549,542,171,261,432,80,57,16,100,195,376,188,237,166,1,0
KEMPSH01,1992,Shawn,Kemp,SEA,N,78,2582,1388,287,546,833,155,119,146,217,327,1047,515,503,358,4,0
KEMPTTI01,1992,Tim,Kempton,PHO,N,30,167,56,12,27,39,19,4,4,16,30,48,19,31,18,0,0
KERRST01,1992,Steve,Kerr,TOT,N,52,481,134,5,40,45,70,10,1,27,36,122,53,24,22,26,6
KERRST01,1992,Steve,Kerr,CLE,N,5,41,12,0,7,7,11,2,0,2,2,10,5,2,2,2,0
KERRST01,1992,Steve,Kerr,ORL,N,47,440,122,5,33,38,59,8,1,25,34,112,48,22,20,24,6
KERSEJE01,1992,Jerome,Kersey,POR,N,65,1719,686,126,280,406,121,80,41,84,181,642,281,183,116,28,8
KESSLAL01,1992,Alec,Kessler,MIA,N,40,415,155,25,66,91,14,4,12,21,63,122,57,47,36,11,5
KIMBLBO01,1992,Bo,Kimble,NYK,N,9,55,33,3,8,11,5,1,0,6,10,33,14,8,3,8,2
KIMBRST01,1992,Stan,Kimbrough,SAC,N,3,15,5,0,0,0,1,1,0,0,1,6,2,0,0,2,1
KINGBE01,1992,Bernard,King,NJN,N,32,430,223,35,41,76,18,11,3,21,53,177,91,57,39,7,2
KINGRI01,1992,Rich,King,SEA,N,3,12,6,1,4,5,1,0,0,3,1,5,2,2,2,0,0
KINGST01,1992,Stacey,King,CHI,N,76,1059,408,105,102,207,71,26,20,70,128,340,160,122,86,6,2
KITEGR01,1992,Greg,Kite,ORL,N,64,640,89,66,127,193,10,13,12,35,133,84,38,24,13,1,0
KLEINJO01,1992,Joe,Kleine,BOS,N,78,1129,257,113,233,346,39,17,17,37,123,267,108,58,41,6,0
KNIGHNE01,1992,Negele,Knight,PHO,N,52,888,315,28,36,64,145,23,4,73,66,317,124,86,67,7,0
KOFOEBA01,1992,Bart,Kofoed,BOS,N,7,41,17,0,1,1,10,2,1,3,1,13,3,14,11,1,0
KONCAJO01,1992,Jon,Koncak,ATL,N,78,1975,275,100,327,427,140,75,100,52,264,267,124,50,24,8,3
KRYSTLA01,1992,Larry,Krystkowiak,UTA,N,71,1362,513,74,205,279,68,42,13,62,181,425,198,147,117,1,0
LAETTCH01,1992,Christian,Laettner,MIN,N,81,2823,1472,171,537,708,223,105,83,275,290,1061,503,553,462,40,4
LAIMBBI01,1992,Bill,Laimbeer,DET,N,79,1933,687,110,309,419,127,46,40,59,212,574,292,104,93,27,10
LANEJE01,1992,Jerome,Lane,CLE,N,21,149,59,24,29,53,17,12,3,7,32,54,27,20,5,0,0
LANGAN01,1992,Andrew,Lang,PHI,N,73,1861,386,136,300,436,79,46,141,89,261,351,149,114,87,5,1
LEEDO01,1992,Doug,Lee,NJN,N,5,33,5,0,2,2,5,0,1,3,7,7,2,0,0,3,1
LEGLETI01,1992,Tim,Legler,UTA,N,3,5,2,0,1,1,0,0,0,0,0,3,1,0,0,0,0
LEGLETI01,1992,Tim,Legler,DAL,N,30,630,287,25,33,58,46,24,6,28,63,238,104,71,57,65,22
LEGLETI01,1992,Tim,Legler,TOT,N,33,635,289,25,34,59,46,24,6,28,63,241,105,71,57,65,22
LESJI01,1992,Jim,Les,SAC,N,73,881,328,20,69,89,169,40,7,48,81,259,110,50,42,154,66
LEWISRE01,1992,Reggie,Lewis,BOS,N,80,3144,1666,88,259,347,298,118,77,133,248,1410,663,376,326,60,14
LIBERMA01,1992,Marcus,Liberty,DEN,N,78,1585,628,131,204,335,105,64,21,79,143,620,252,156,102,59,22
LICHTTO01,1992,Todd,Lichti,DEN,N,48,752,331,35,67,102,52,28,11,49,60,276,124,102,81,6,2
LISTEAL01,1992,Alton,Lister,GSW,N,20,174,45,15,29,44,5,0,9,18,40,42,19,13,7,0,0
LOHAUBR01,1992,Brad,Lohaus,MIL,N,80,1766,724,59,217,276,127,47,74,93,178,614,283,101,73,230,85
LONGGR01,1992,Grant,Long,MIA,N,76,2728,1061,197,371,568,182,104,31,133,264,847,397,341,261,26,6
LONGLLU01,1992,Luc,Longley,MIN,N,55,1045,319,71,169,240,51,47,77,88,169,292,133,74,53,0,0
LYNCHKE01,1992,Kevin,Lynch,CHA,N,40,324,86,12,23,35,25,11,6,24,44,59,30,38,26,1,0
MACKSA01,1992,Sam,Mack,SAS,N,40,267,142,18,30,48,15,14,5,22,44,118,47,58,45,22,3
MACLEDO01,1992,Don,Maclean,WA1,N,62,674,407,33,89,122,39,11,4,42,82,361,157,111,90,6,3
MACONMA01,1992,Mark,Macon,DEN,N,48,1141,358,33,70,103,126,69,3,72,135,381,158,60,42,6,0
MAHORRI01,1992,Rick,Mahorn,NJN,N,74,1077,291,93,186,279,33,19,31,58,156,214,101,110,88,3,1
MAJERDA01,1992,Dan,Majerle,PHO,N,82,3199,1388,120,263,383,311,138,33,133,180,1096,509,261,203,438,167
MALONJE01,1992,Jeff,Malone,UTA,N,79,2558,1429,31,142,173,128,42,4,125,117,1205,595,277,236,9,3
MALONKA01,1992,Karl,Malone,UTA,N,82,3099,2217,227,692,919,308,124,85,240,261,1443,797,836,619,20,4
MALONMO01,1992,Moses,Malone,MIL,N,11,104,50,22,24,46,7,1,8,10,6,42,13,31,24,0,0
MANNIDA01,1992,Danny,Manning,LAC,N,79,2761,1800,198,322,520,207,108,101,230,323,1379,702,484,388,30,8
MARCISA01,1992,Sarunas,Marciulionis,GSW,N,30,836,521,40,57,97,105,51,2,76,92,328,178,213,162,15,3
MASONAN01,1992,Anthony,Mason,NYK,N,81,2482,831,231,409,640,170,43,19,137,240,629,316,292,199,0,0
MAXEYMA01,1992,Marlon,Maxey,MIN,N,43,520,231,66,98,164,12,11,18,38,75,169,93,70,45,1,0
MAXWEVE01,1992,Vernon,Maxwell,HOU,N,71,2251,982,29,192,221,297,86,8,140,124,858,349,228,164,361,120
MAYBELE01,1992,Lee,Mayberry,MIL,N,82,1503,424,26,92,118,273,59,7,85,148,375,171,68,39,110,43
MAYSTR01,1992,Travis,Mays,ATL,N,49,787,341,20,33,53,72,21,3,51,59,309,129,82,54,84,29
MCCANBO01,1992,Bob,Mccann,MIN,N,79,1536,495,92,190,282,68,51,58,79,202,410,200,152,95,2,0
MCCLOGE01,1992,George,Mccloud,IND,N,78,1500,565,60,145,205,192,53,11,107,165,525,216,102,75,181,58
MCCRARO01,1992,Rodney,Mccray,CHI,N,64,1019,222,53,105,158,81,12,15,53,99,204,92,52,36,5,2
MCDANXA01,1992,Xavier,Mcdaniel,BOS,N,82,2215,1111,168,321,489,163,72,51,171,249,924,457,241,191,22,6
MCHALKE01,1992,Kevin,Mchale,BOS,N,71,1656,762,95,263,358,73,16,59,92,126,649,298,195,164,18,2
MCKEYDE01,1992,Derrick,Mckey,SEA,N,77,2439,1034,121,206,327,197,105,58,152,208,780,387,297,220,112,40
MCMILNA01,1992,Nate,Mcmillan,SEA,N,73,1977,546,84,222,306,384,173,33,139,240,459,213,134,95,65,25
MILLEOL01,1992,Oliver,Miller,PHO,N,56,1069,313,70,205,275,118,38,100,108,145,255,121,100,71,3,0
MILLERE01,1992,Reggie,Miller,IND,N,82,2954,1736,67,191,258,262,120,26,145,182,1193,571,485,427,419,167
MILLSTE01,1992,Terry,Mills,DET,N,81,2183,1199,176,296,472,111,44,50,142,282,1072,494,254,201,36,10
MINERHA01,1992,Harold,Miner,MIA,N,73,1383,750,74,73,147,73,34,8,92,130,615,292,214,163,9,3
MITCHSA01,1992,Sam,Mitchell,IND,N,81,1402,584,93,155,248,76,23,10,51,207,483,215,185,150,23,4
MOORETR01,1992,Tracy,Moore,DAL,N,39,510,282,23,29,52,47,21,4,32,54,249,103,61,53,67,23
MORRICH01,1992,Chris,Morris,NJN,N,77,2302,1086,227,227,454,106,144,52,119,171,907,436,248,197,76,17
MORRIIS01,1992,Isaiah,Morris,DET,N,25,102,55,6,6,12,4,3,1,8,14,57,26,4,3,0,0
MOURNAL01,1992,Alonzo,Mourning,CHA,N,78,2644,1639,263,542,805,76,27,271,236,286,1119,572,634,495,3,0
MULLICH01,1992,Chris,Mullin,GSW,N,46,1902,1191,42,190,232,166,68,41,139,76,930,474,226,183,133,60
MURDOER01,1992,Eric,Murdock,MIL,N,79,2437,1138,95,189,284,603,174,7,207,177,936,438,296,231,119,31
MURRATR01,1992,Tracy,Murray,POR,N,48,495,272,40,43,83,11,8,5,31,59,260,108,40,35,70,21
MUSTAJE01,1992,Jerrod,Mustaf,PHO,N,32,336,147,29,54,83,10,14,11,22,40,130,57,53,33,1,0
MUTOMDI01,1992,Dikembe,Mutombo,DEN,N,82,3029,1131,344,726,1070,147,43,287,216,284,781,398,492,335,0,0
NANCELA01,1992,Larry,Nance,CLE,N,77,2753,1268,184,484,668,223,54,198,107,223,971,533,247,202,4,0
NEALYED01,1992,Ed,Nealy,TOT,N,41,308,69,12,52,64,15,12,2,7,41,69,26,12,9,27,8
NEALYED01,1992,Ed,Nealy,CHI,N,11,79,23,4,12,16,2,3,1,2,6,23,10,2,2,5,1
NEALYED01,1992,Ed,Nealy,GSW,N,30,229,46,8,40,48,13,9,1,5,35,46,16,10,7,22,7
NEWBEME01,1992,Melvin,Newbern,DET,N,33,311,119,19,18,37,57,23,1,32,42,113,42,60,34,8,1
NEWMAJO01,1992,Johnny,Newman,CHA,N,64,1471,764,72,71,143,117,45,19,90,154,534,279,240,194,45,12
NORMAKE01,1992,Ken,Norman,LAC,N,76,2477,1137,209,362,571,165,59,58,125,156,975,498,220,131,38,10
OAKLECH01,1992,Charles,Oakley,NYK,N,82,2230,565,288,420,708,126,85,15,124,289,431,219,176,127,1,0
OGGAL01,1992,Alan,Ogg,WA1,N,3,3,5,2,2,4,0,0,0,0,0,4,2,2,1,0,0
OGGAL01,1992,Alan,Ogg,MIL,N,3,26,8,1,5,6,4,1,3,3,6,9,3,2,2,0,0
OGGAL01,1992,Alan,Ogg,TOT,N,6,29,13,3,7,10,4,1,3,3,6,13,5,4,3,0,0
OLAJUHA01,1992,Hakeem,Olajuwon,HOU,N,82,3242,2140,283,785,1068,291,150,342,262,305,1603,848,570,444,8,0
ONEASH01,1992,Shaquille,O'neal,ORL,N,81,3071,1893,342,780,1122,152,60,286,307,321,1304,733,721,427,2,0
OSULDA01,1992,Dan,O'sullivan,TOT,N,6,17,9,2,4,6,1,1,0,0,4,5,3,4,3,0,0
OSULDA01,1992,Dan,O'sullivan,MIL,N,3,7,5,0,2,2,1,1,0,0,3,2,1,4,3,0,0
OSULDA01,1992,Dan,O'sullivan,NJN,N,3,10,4,2,2,4,0,0,0,0,1,3,2,0,0,0,0
OTHICMA01,1992,Matt,Othick,SAS,N,4,39,8,1,1,2,7,1,0,4,7,5,3,2,0,4,2
OVERTDO01,1992,Doug,Overton,WA1,N,45,990,366,25,81,106,157,31,6,72,81,323,152,81,59,13,3
OWENSBI01,1992,Billy,Owens,GSW,N,37,1201,612,108,156,264,144,35,28,106,105,493,247,183,117,11,1
PACKRO01,1992,Robert,Pack,DEN,N,77,1579,810,52,108,160,335,81,10,185,182,606,285,311,239,8,1
PADDIGE01,1992,Gerald,Paddio,SEA,N,41,307,158,17,33,50,33,14,6,16,24,159,71,21,14,8,2
PALMEWA01,1992,Walter,Palmer,DAL,N,20,124,60,12,32,44,5,1,5,4,29,57,27,9,6,0,0
PARISRO01,1992,Robert,Parish,BOS,N,79,2146,994,246,494,740,61,57,107,120,201,777,416,235,162,0,0
PAXSOJO01,1992,John,Paxson,CHI,N,59,1030,246,9,39,48,136,38,2,31,99,233,105,20,17,41,19
PAYNEKE01,1992,Kenny,Payne,PHI,N,13,154,84,4,20,24,18,5,2,7,15,90,38,4,4,18,4
PAYTOGA01,1992,Gary,Payton,SEA,N,82,2548,1110,95,186,281,399,177,21,148,250,963,476,196,151,34,7
PEELEAN01,1992,Anthony,Peeler,LAL,N,77,1656,802,64,115,179,166,60,14,123,193,634,297,206,162,118,46
PERDUWI01,1992,Will,Perdue,CHI,N,72,998,341,103,184,287,74,22,47,74,139,246,137,111,67,1,0
PERKISA01,1992,Sam,Perkins,SEA,N,30,762,363,52,93,145,28,20,31,32,86,272,139,83,66,42,19
PERKISA01,1992,Sam,Perkins,LAL,N,49,1589,673,111,268,379,128,40,51,76,139,527,242,222,184,29,5
PERKISA01,1992,Sam,Perkins,TOT,N,79,2351,1036,163,361,524,156,60,82,108,225,799,381,305,250,71,24
PERRYTI01,1992,Tim,Perry,PHI,N,81,2104,731,154,255,409,126,40,91,123,159,613,287,207,147,49,10
PERSOCH01,1992,Chuck,Person,MIN,N,78,2985,1309,98,335,433,343,67,30,219,198,1248,541,168,109,332,118
PETRODR01,1992,Drazen,Petrovic,NJN,N,70,2660,1564,42,148,190,247,94,13,204,237,1134,587,362,315,167,75
PHILLBO01,1992,Bobby,Phills,CLE,N,31,139,93,6,11,17,10,10,2,18,19,82,38,25,15,5,2
PIERCRI01,1992,Ricky,Pierce,SEA,N,77,2218,1403,58,134,192,220,100,7,160,167,1071,524,352,313,113,42
PINCKED01,1992,Ed,Pinckney,BOS,N,7,151,32,14,29,43,1,4,7,8,13,24,10,13,12,0,0
PIPPESC01,1992,Scottie,Pippen,CHI,N,81,3123,1510,203,418,621,507,173,73,246,219,1327,628,350,232,93,22
PLUMMGA01,1992,Gary,Plummer,DEN,N,60,737,281,53,120,173,40,14,11,78,141,228,106,95,69,3,0
POLYNOL01,1992,Olden,Polynice,DET,N,67,1299,486,181,237,418,29,31,21,54,126,429,210,142,66,1,0
PORTETE01,1992,Terry,Porter,POR,N,81,2883,1476,58,258,316,419,101,10,199,122,1108,503,388,327,345,143
PRESSPA01,1992,Paul,Pressey,GSW,N,18,268,79,8,23,31,30,11,5,23,36,66,29,27,21,4,0
PRICEBR01,1992,Brent,Price,WA1,N,68,859,262,28,75,103,154,56,3,85,90,279,100,68,54,48,8
PRICEMA01,1992,Mark,Price,CLE,N,75,2380,1365,37,164,201,602,89,11,196,105,986,477,305,289,293,122
PULLAAN01,1992,Anthony,Pullard,MIL,N,8,37,17,2,6,8,2,2,2,5,5,18,8,3,1,0,0
RAMBIKU01,1992,Kurt,Rambis,TOT,N,72,822,177,77,150,227,53,43,18,42,122,129,67,65,43,2,0
RAMBIKU01,1992,Kurt,Rambis,PHO,N,5,41,9,2,4,6,1,3,0,6,3,7,4,2,1,0,0
RAMBIKU01,1992,Kurt,Rambis,SAC,N,67,781,168,75,146,221,52,40,18,36,119,122,63,63,42,2,0
RANDAMA01,1992,Mark,Randall,TOT,N,37,248,97,27,28,55,11,4,2,17,33,80,40,26,16,8,1
RANDAMA01,1992,Mark,Randall,DET,N,35,240,97,27,28,55,10,4,2,16,32,79,40,26,16,7,1
RANDAMA01,1992,Mark,Randall,MIN,N,2,8,0,0,0,0,1,0,0,1,1,1,0,0,0,1,0
RASMUBL01,1992,Blair,Rasmussen,ATL,N,22,283,71,20,35,55,5,5,10,12,61,80,30,13,9,6,2
REIDJR01,1992,J.r.,Reid,CHA,N,17,295,127,20,50,70,24,11,5,24,49,98,42,58,43,1,0
REIDJR01,1992,J.r.,Reid,TOT,N,83,1887,780,120,336,456,80,47,31,125,266,595,283,280,214,5,0
REIDJR01,1992,J.r.,Reid,SAS,N,66,1592,653,100,286,386,56,36,26,101,217,497,241,222,171,4,0
RICEGL01,1992,Glen,Rice,MIA,N,82,3082,1554,92,332,424,180,92,25,157,201,1324,582,295,242,386,148
RICHAPO01,1992,Pooh,Richardson,IND,N,74,2396,769,63,204,267,573,94,12,167,132,703,337,124,92,29,3
RICHMMI01,1992,Mitch,Richmond,SAC,N,45,1728,987,18,136,154,221,53,9,130,137,782,371,233,197,130,48
RIVERDO01,1992,Doc,Rivers,NYK,N,77,1886,604,26,166,192,405,123,9,114,215,494,216,162,133,123,39
ROBERAL01,1992,Alvin,Robertson,MIL,N,39,1065,339,47,90,137,156,90,9,77,120,290,139,70,44,55,17
ROBERAL01,1992,Alvin,Robertson,DET,N,30,941,279,60,72,132,108,64,9,56,99,249,108,58,40,67,23
ROBERAL01,1992,Alvin,Robertson,TOT,N,69,2006,618,107,162,269,264,154,18,133,219,539,247,128,84,122,40
ROBERFR01,1992,Fred,Roberts,MIL,N,79,1488,599,91,146,237,118,57,27,67,138,428,226,169,135,29,12
ROBERST01,1992,Stanley,Roberts,LAC,N,77,1816,870,181,297,478,59,34,141,121,332,711,375,246,120,0,0
ROBINCL02,1992,Clifford,Robinson,POR,N,82,2575,1570,165,377,542,182,98,163,173,287,1336,632,416,287,77,19
ROBINDA01,1992,David,Robinson,SAS,N,82,3211,1916,229,727,956,301,127,264,241,239,1348,676,766,561,17,3
ROBINLA01,1992,Larry,Robinson,WA1,N,4,33,15,1,2,3,3,1,1,1,0,16,6,5,3,1,0
ROBINRU01,1992,Rumeal,Robinson,NJN,N,80,1585,672,49,110,159,323,96,12,140,169,638,270,195,112,56,20
RODMADE01,1992,Dennis,Rodman,DET,N,62,2410,468,367,765,1132,102,48,45,103,201,429,183,163,87,73,15
ROLLITR01,1992,Tree,Rollins,HOU,N,42,247,31,12,48,60,10,6,15,9,43,41,11,12,9,2,0
ROOKSSE01,1992,Sean,Rooks,DAL,N,72,2087,970,196,340,536,95,38,81,160,204,747,368,389,234,2,0
ROYALDO01,1992,Donald,Royal,ORL,N,77,1636,706,116,179,295,80,36,25,113,179,391,194,390,318,3,0
RUDDDE01,1992,Delaney,Rudd,POR,N,15,95,26,4,5,9,17,1,0,11,7,36,7,14,11,11,1
RULANJE01,1992,Jeff,Ruland,DET,N,11,55,12,9,9,18,2,2,0,6,16,11,5,4,2,0,0
SALLEJO01,1992,John,Salley,MIA,N,51,1422,423,113,200,313,83,32,70,101,192,307,154,144,115,0,0
SANDEJE01,1992,Jeff,Sanders,ATL,N,9,120,24,12,17,29,6,8,1,11,16,25,10,8,4,0,0
SANDEMI01,1992,Mike,Sanders,CLE,N,53,1189,454,52,118,170,75,39,30,57,150,396,197,78,59,4,1
SCHAYDA01,1992,Danny,Schayes,MIL,N,70,1124,322,72,177,249,78,36,36,65,148,263,105,137,112,3,0
SCHEFST01,1992,Steve,Scheffler,SEA,N,29,166,66,15,21,36,5,6,1,5,37,48,25,24,16,0,0
SCHINDU01,1992,Duane,Schintzius,NJN,N,5,35,7,2,6,8,2,2,2,0,4,7,2,3,3,0,0
SCHREDE01,1992,Detlef,Schrempf,IND,N,82,3098,1567,210,570,780,493,79,27,243,305,1085,517,653,525,52,8
SCOTTBY01,1992,Byron,Scott,LAL,N,58,1677,792,27,107,134,157,55,13,70,98,659,296,184,156,135,44
SCOTTDE01,1992,Dennis,Scott,ORL,N,54,1759,858,38,148,186,136,57,18,104,131,763,329,117,92,268,108
SEALYMA01,1992,Malik,Sealy,IND,N,58,672,330,60,52,112,47,36,7,58,74,319,136,74,51,31,7
SEIKARO01,1992,Rony,Seikaly,MIA,N,72,2456,1232,259,587,846,100,38,83,203,260,868,417,540,397,8,1
SELLEBR01,1992,Brad,Sellers,MIN,N,54,533,135,27,56,83,46,6,11,27,40,130,49,39,37,1,0
SHACKCH01,1992,Char,Shackleford,PHI,N,48,568,191,65,140,205,26,13,25,36,92,164,80,49,31,2,0
SHAWBR01,1992,Brian,Shaw,MIA,N,68,1603,498,70,187,257,235,48,19,96,163,501,197,78,61,130,43
SIMMOLI01,1992,Lionel,Simmons,SAC,N,69,2502,1235,156,339,495,312,95,38,196,197,1055,468,364,298,11,1
SKILESC01,1992,Scott,Skiles,ORL,N,78,3086,1201,52,238,290,735,86,2,267,244,891,416,324,289,235,80
SMITHCH01,1992,Charles,Smith,NYK,N,81,2172,1003,170,262,432,142,48,96,155,254,764,358,367,287,2,0
SMITHCH05,1992,Chris,Smith,MIN,N,80,1266,347,32,64,96,196,48,16,68,96,289,125,120,95,14,2
SMITHDO04,1992,Doug,Smith,DAL,N,61,1524,634,96,232,328,104,48,52,115,280,666,289,74,56,4,0
SMITHKE01,1992,Kenny,Smith,HOU,N,82,2422,1065,28,132,160,446,80,7,163,110,744,387,222,195,219,96
SMITHLA01,1992,Larry,Smith,SAS,N,66,833,85,103,165,268,28,23,16,39,133,87,38,22,9,0,0
SMITHLA02,1992,Labradford,Smith,WA1,N,69,1546,639,26,80,106,186,58,9,103,178,570,261,127,109,23,8
SMITHRE01,1992,Reggie,Smith,POR,N,23,68,23,15,6,21,1,4,1,4,16,27,10,14,3,1,0
SMITHST01,1992,Steve,Smith,MIA,N,48,1610,766,56,141,197,267,50,16,129,148,619,279,197,155,132,53
SMITHTO01,1992,Tony,Smith,LAL,N,55,752,330,46,41,87,63,50,7,40,72,275,133,82,62,11,2
SMITSRI01,1992,Rik,Smits,IND,N,81,2072,1155,126,306,432,121,27,75,147,285,1017,494,228,167,0,0
SPENCAN01,1992,Andre,Spencer,ATL,N,3,15,0,0,1,1,0,2,0,2,3,3,0,0,0,0,0
SPENCAN01,1992,Andre,Spencer,TOT,N,20,422,187,38,43,81,24,17,10,26,64,163,73,54,41,2,0
SPENCAN01,1992,Andre,Spencer,GSW,N,17,407,187,38,42,80,24,15,10,24,61,160,73,54,41,2,0
SPENCEL01,1992,Elmore,Spencer,LAC,N,44,280,104,17,45,62,8,8,18,26,54,82,44,32,16,0,0
SPENCFE01,1992,Felton,Spencer,MIN,N,71,1296,293,134,190,324,17,23,66,70,243,226,105,127,83,0,0
SPREWLA01,1992,Latrell,Sprewell,GSW,N,77,2741,1182,79,192,271,295,126,52,203,166,968,449,283,211,198,73
STARKJO01,1992,John,Starks,NYK,N,80,2477,1397,54,150,204,404,91,12,173,234,1199,513,331,263,336,108
STEVEBA01,1992,Barry,Stevens,GSW,N,2,6,2,2,0,2,0,0,0,0,1,2,1,0,0,0,0
STEWALA01,1992,Larry,Stewart,WA1,N,81,1823,796,154,229,383,146,47,29,153,191,564,306,253,184,2,0
STITHBR01,1992,Bryant,Stith,DEN,N,39,865,347,39,85,124,49,24,5,44,82,278,124,119,99,4,0
STIVRAL01,1992,Alex,Stivrins,LAC,N,1,1,0,0,0,0,0,0,0,0,0,1,0,0,0,0,0
STIVRAL01,1992,Alex,Stivrins,ATL,N,5,15,8,2,3,5,0,0,1,0,0,9,4,0,0,1,0
STIVRAL01,1992,Alex,Stivrins,MIL,N,3,25,11,3,3,6,2,1,0,2,4,11,4,4,3,0,0
STIVRAL01,1992,Alex,Stivrins,PHO,N,10,35,22,2,6,8,1,1,1,5,7,18,11,0,0,1,0
STIVRAL01,1992,Alex,Stivrins,TOT,N,19,76,41,7,12,19,3,2,2,7,11,39,19,4,3,2,0
STOCKJO01,1992,John,Stockton,UTA,N,82,2863,1239,64,173,237,987,199,21,266,224,899,437,367,293,187,72
STRICRO01,1992,Rod,Strickland,POR,N,78,2474,1069,120,217,337,559,131,24,199,153,816,396,381,273,30,4
STRONDE01,1992,Derek,Strong,MIL,N,23,339,156,40,75,115,14,11,1,13,20,92,42,85,68,8,4
STROTLA01,1992,Lamont,Strothers,DAL,N,9,138,50,8,6,14,13,8,0,15,13,61,20,10,8,13,2
TEAGLTE01,1992,Terry,Teagle,HOU,N,2,25,5,0,3,3,2,0,0,1,1,7,2,2,1,0,0
THOMAIS01,1992,Isiah,Thomas,DET,N,79,2922,1391,71,161,232,671,123,18,284,222,1258,526,377,278,198,61
THOMPLA01,1992,Lasalle,Thompson,IND,N,63,730,237,55,123,178,34,29,24,47,137,213,104,39,29,1,0
THORPOT01,1992,Otis,Thorpe,HOU,N,72,2357,923,219,370,589,181,43,19,151,234,690,385,256,153,2,0
THREASE01,1992,Sedale,Threatt,LAL,N,82,2893,1235,47,226,273,564,142,11,173,248,1028,522,215,177,53,14
TISDAWA01,1992,Wayman,Tisdale,SAC,N,76,2283,1263,127,373,500,108,52,47,117,277,1068,544,231,175,2,0
TOLBETO01,1992,Tom,Tolbert,ORL,N,72,1838,583,133,279,412,91,33,21,124,192,454,226,168,122,28,9
TUCKETR01,1992,Trent,Tucker,CHI,N,69,909,356,16,55,71,82,24,6,18,65,295,143,22,18,131,52
TURNEJE01,1992,Jeff,Turner,ORL,N,75,1479,528,74,178,252,107,19,9,66,192,437,231,70,56,17,10
VANDEKI01,1992,Kiki,Vandeweghe,LAC,N,41,494,254,12,36,48,25,13,7,20,45,203,92,66,58,37,12
VAUGHLO01,1992,Loy,Vaught,LAC,N,79,1653,743,164,328,492,54,55,39,83,172,616,313,155,116,4,1
VETRAGU01,1992,Gundars,Vetra,MIN,N,13,89,45,4,4,8,6,2,0,2,12,40,19,6,4,3,3
WALKEDA01,1992,Darrell,Walker,TOT,N,37,511,80,22,36,58,53,33,2,25,63,96,34,26,12,1,0
WALKEDA01,1992,Darrell,Walker,CHI,N,28,367,72,18,21,39,44,23,2,12,51,77,31,20,10,0,0
WALKEDA01,1992,Darrell,Walker,DET,N,9,144,8,4,15,19,9,10,0,13,12,19,3,6,2,1,0
WASHIDU01,1992,Duane,Washington,LAC,N,4,28,0,0,2,2,5,1,0,2,2,5,0,0,0,0,0
WEATHCL01,1992,Clarence,Weatherspoon,PHI,N,82,2654,1280,179,410,589,147,85,67,176,188,1053,494,408,291,4,1
WEBBMA01,1992,Marcus,Webb,BOS,N,9,51,39,5,5,10,2,1,2,5,11,25,13,21,13,1,0
WEBBSP01,1992,Spud,Webb,SAC,N,69,2335,1000,44,149,193,481,104,6,194,177,789,342,328,279,135,37
WERDARO01,1992,Robert,Werdann,DEN,N,28,149,53,23,29,52,7,6,4,12,38,59,18,31,17,1,0
WESTDO01,1992,Doug,West,MIN,N,80,3104,1543,89,158,247,235,85,21,165,279,1249,646,296,249,23,2
WESTMA01,1992,Mark,West,PHO,N,82,1558,436,153,305,458,29,16,103,93,243,285,175,166,86,0,0
WHITERA01,1992,Randy,White,DAL,N,64,1433,618,154,216,370,49,63,45,108,226,540,235,184,138,42,10
WILEYMO01,1992,Morlon,Wiley,ATL,N,25,354,72,9,26,35,81,26,2,29,49,81,26,8,5,51,15
WILEYMO01,1992,Morlon,Wiley,TOT,N,58,995,263,29,62,91,181,65,3,80,127,254,96,26,17,154,54
WILEYMO01,1992,Morlon,Wiley,DAL,N,33,641,191,20,36,56,100,39,1,51,78,173,70,18,12,103,39
WILKIDO01,1992,Dominique,Wilkins,ATL,N,71,2647,2121,187,295,482,227,70,27,184,116,1584,741,627,519,316,120
WILKIED01,1992,Eddielee,Wilkins,PHI,N,26,192,158,14,26,40,2,7,1,17,34,97,55,78,48,2,0
WILKIGE01,1992,Gerald,Wilkins,CLE,N,80,2079,890,74,140,214,183,78,18,94,154,797,361,181,152,58,16
WILLIBU01,1992,Buck,Williams,POR,N,82,2498,678,232,458,690,75,81,61,101,270,528,270,214,138,1,0
WILLICO01,1992,Corey,Williams,CHI,N,35,242,81,19,12,31,23,4,2,11,24,85,31,22,18,3,1
WILLIHE01,1992,Herb,Williams,NYK,N,55,571,158,44,102,146,19,21,28,22,78,175,72,21,14,0,0
WILLIHO01,1992,Hotrod,Williams,CLE,N,67,2055,738,127,288,415,152,48,105,116,171,560,263,296,212,0,0
WILLIJA01,1992,Jayson,Williams,NJN,N,12,139,49,22,19,41,0,4,4,8,24,46,21,18,7,0,0
WILLIJO01,1992,John,Williams,LAC,N,74,1638,492,88,228,316,142,83,23,79,188,477,205,129,70,53,12
WILLIKE01,1992,Kevin,Willis,ATL,N,80,2878,1435,335,693,1028,165,68,41,213,264,1218,616,300,196,29,7
WILLIKE03,1992,Kenny,Williams,IND,N,57,844,348,102,126,228,38,21,45,28,87,282,150,68,48,3,0
WILLILO01,1992,Lorenzo,Williams,CHA,N,2,18,2,3,6,9,0,0,2,2,4,3,1,0,0,0,0
WILLILO01,1992,Lorenzo,Williams,BOS,N,22,151,34,13,31,44,5,4,14,6,23,31,16,7,2,0,0
WILLILO01,1992,Lorenzo,Williams,TOT,N,27,179,36,17,38,55,5,5,17,8,29,36,17,7,2,0,0
WILLILO01,1992,Lorenzo,Williams,ORL,N,3,10,0,1,1,2,0,1,1,0,2,2,0,0,0,0,0
WILLIMI01,1992,Michael,Williams,MIN,N,76,2661,1151,84,189,273,661,165,23,227,268,791,353,462,419,107,26
WILLIRE01,1992,Reggie,Williams,DEN,N,79,2722,1341,132,296,428,295,126,76,194,284,1167,535,296,238,122,33
WILLISC01,1992,Scott,Williams,CHI,N,71,1369,422,168,283,451,68,55,66,73,230,356,166,126,90,7,0
WILLIWA01,1992,Walt,Williams,SAC,N,59,1673,1001,115,150,265,178,66,29,179,209,823,358,302,224,191,61
WINCHKE01,1992,Kennard,Winchester,HOU,N,39,340,143,17,32,49,13,10,10,15,40,139,61,22,17,19,4
WINGADA01,1992,David,Wingate,CHA,N,72,1471,440,49,125,174,183,66,9,89,135,336,180,107,79,6,1
WOLFJO01,1992,Joe,Wolf,BOS,N,2,9,1,1,2,3,0,0,1,2,2,1,0,2,1,0,0
WOLFJO01,1992,Joe,Wolf,TOT,N,23,165,53,14,34,48,5,7,1,7,24,44,20,16,13,1,0
WOLFJO01,1992,Joe,Wolf,POR,N,21,156,52,13,32,45,5,7,0,5,22,43,20,14,12,1,0
WOODDA01,1992,David,Wood,SAS,N,64,598,155,38,59,97,34,13,12,29,93,117,52,55,46,21,5
WOODSRA01,1992,Randy,Woods,LAC,N,41,174,68,6,8,14,40,14,1,16,26,66,23,26,19,14,3
WOOLROR01,1992,Orlando,Woolridge,MIL,N,8,78,43,3,6,9,3,1,2,6,8,33,18,9,7,0,0
WOOLROR01,1992,Orlando,Woolridge,DET,N,50,1477,655,84,92,176,112,26,25,73,114,566,271,168,113,9,0
WOOLROR01,1992,Orlando,Woolridge,TOT,N,58,1555,698,87,98,185,115,27,27,79,122,599,289,177,120,9,0
WORTHJA01,1992,James,Worthy,LAL,N,82,2359,1221,73,174,247,278,92,27,137,87,1142,510,211,171,111,30
WRIGHHO02,1992,Howard,Wright,ORL,N,4,10,8,1,1,2,0,0,0,0,0,5,4,2,0,0,0
YOUNGDA01,1992,Danny,Young,DET,N,65,836,188,13,34,47,119,31,5,30,36,167,69,32,28,68,22
ABDELAL01,1993,Alaa,Abdelnaby,BOS,N,13,159,64,12,34,46,3,2,3,17,20,55,24,25,16,0,0
ABDULMA01,1993,Mahmo,Abdul-rauf,DEN,N,80,2617,1437,27,141,168,362,82,10,151,150,1279,588,229,219,133,42
ADAMSMI01,1993,Michael,Adams,WA1,N,70,2337,849,37,146,183,480,96,6,167,140,698,285,270,224,191,55
AGUIRMA01,1993,Mark,Aguirre,LAC,N,39,859,413,28,88,116,104,21,8,70,98,348,163,72,50,93,37
AINGEDA01,1993,Danny,Ainge,PHO,N,68,1555,606,28,103,131,180,57,8,81,140,537,224,94,78,244,80
ALEXAGA01,1993,Gary,Alexander,MIA,N,4,12,2,1,2,3,1,0,0,1,3,2,1,2,0,0,0
ALEXAGA01,1993,Gary,Alexander,CLE,N,7,43,17,6,6,12,1,3,0,7,7,12,7,7,3,0,0
ALEXAGA01,1993,Gary,Alexander,TOT,N,11,55,19,7,8,15,2,3,0,8,10,14,8,9,3,0,0
ALEXAVI01,1993,Victor,Alexander,GSW,N,69,1318,602,114,194,308,66,28,32,86,168,502,266,129,68,13,2
ANDERCA01,1993,Cadillac,Anderson,DET,N,77,1624,491,183,388,571,51,55,68,94,234,370,201,154,88,3,1
ANDERER01,1993,Eric,Anderson,NYK,N,11,39,21,6,11,17,2,0,1,2,9,17,7,14,5,2,2
ANDERKE02,1993,Kenny,Anderson,NJN,N,82,3135,1538,89,233,322,784,158,15,266,201,1381,576,423,346,132,40
ANDERNI01,1993,Nick,Anderson,ORL,N,81,2811,1277,113,363,476,294,134,33,165,148,1054,504,250,168,314,101
ANDERRO01,1993,Ron,Anderson,TOT,N,21,356,96,16,37,53,17,8,3,10,16,86,35,23,19,26,7
ANDERRO01,1993,Ron,Anderson,NJN,N,11,176,44,8,18,26,6,5,2,9,9,43,15,12,10,12,4
ANDERRO01,1993,Ron,Anderson,WA1,N,10,180,52,8,19,27,11,3,1,1,7,43,20,11,9,14,3
ANDERWI01,1993,Willie,Anderson,SAS,N,80,2488,955,68,174,242,347,71,46,153,187,837,394,171,145,68,22
ANTHOGR01,1993,Greg,Anthony,NYK,N,80,1994,628,43,146,189,365,114,13,127,163,571,225,168,130,160,48
ARMSTBJ01,1993,B.j.,Armstrong,CHI,N,82,2770,1212,28,142,170,323,80,9,131,147,1007,479,227,194,135,60
ASKEWVI01,1993,Vincent,Askew,SEA,N,80,1690,727,60,124,184,194,73,19,70,145,567,273,211,175,31,6
ASKINKE01,1993,Keith,Askins,MIA,N,37,319,85,33,49,82,13,11,1,21,57,88,36,10,9,21,4
AUGMOST01,1993,Stacey,Augmon,ATL,N,82,2605,1212,178,216,394,187,149,45,147,179,861,439,436,333,7,1
AUSTIIS01,1993,Isaac,Austin,PHI,N,14,201,72,25,44,69,17,5,10,17,29,66,29,23,14,1,0
AVENTAN01,1993,Anthony,Avent,ORL,N,41,676,144,84,100,184,32,17,11,42,87,170,58,44,28,0,0
AVENTAN01,1993,Anthony,Avent,MIL,N,33,695,245,60,94,154,33,16,20,43,60,228,92,79,61,0,0
AVENTAN01,1993,Anthony,Avent,TOT,N,74,1371,389,144,194,338,65,33,31,85,147,398,150,123,89,0,0
BAGLEJO01,1993,John,Bagley,ATL,N,3,13,2,0,1,1,3,0,0,0,2,2,0,2,2,0,0
BAILETH01,1993,Thurl,Bailey,MIN,N,79,1297,583,66,149,215,54,20,58,58,93,455,232,149,119,2,0
BAKERVI01,1993,Vin,Baker,MIL,N,82,2560,1105,277,344,621,163,60,114,162,231,869,435,411,234,5,1
BARKLCH01,1993,Charles,Barkley,PHO,N,65,2298,1402,198,529,727,296,101,37,206,160,1046,518,452,318,178,48
BARRODA01,1993,Dana,Barros,PHI,N,81,2519,1075,28,168,196,424,107,5,167,96,878,412,145,116,354,135
BARRYJO01,1993,Jon,Barry,MIL,N,72,1242,445,36,110,146,168,102,17,83,110,382,158,122,97,115,32
BATTLJO01,1993,John,Battle,CLE,N,51,814,338,7,32,39,83,22,1,41,66,273,130,97,73,19,5
BENJABE01,1993,Benoit,Benjamin,NJN,N,77,1817,718,135,364,499,44,35,90,97,198,589,283,214,152,0,0
BENNETO01,1993,Tony,Bennett,CHA,N,74,983,248,16,74,90,163,39,1,40,84,263,105,15,11,75,27
BENOIDA01,1993,David,Benoit,UTA,N,55,1070,358,89,171,260,23,23,37,37,115,361,139,88,68,59,12
BLACKRO01,1993,Rolando,Blackman,NYK,N,55,969,400,23,70,93,76,25,6,44,100,369,161,53,48,84,30
BLAYLMO01,1993,Mookie,Blaylock,ATL,N,81,2915,1118,117,307,424,789,212,44,196,144,1079,444,159,116,341,114
BLOUNCO01,1993,Corie,Blount,CHI,N,67,690,198,76,118,194,56,19,33,52,93,174,76,75,46,0,0
BOGUEMU01,1993,Muggsy,Bogues,CHA,N,77,2746,835,78,235,313,780,133,2,171,147,751,354,155,125,12,2
BOLMA01,1993,Manute,Bol,WA1,N,2,6,0,0,1,1,1,0,1,0,1,0,0,0,0,0,0
BOLMA01,1993,Manute,Bol,TOT,N,14,116,8,3,15,18,1,2,16,5,13,19,4,0,0,3,0
BOLMA01,1993,Manute,Bol,MIA,N,8,61,2,1,10,11,0,0,6,5,4,12,1,0,0,3,0
BOLMA01,1993,Manute,Bol,PHI,N,4,49,6,2,4,6,0,2,9,0,8,7,3,0,0,0,0
BONDWA01,1993,Walter,Bond,UTA,N,56,559,176,20,41,61,31,16,12,17,90,156,63,40,31,54,19
BONNEAN01,1993,Anthony,Bonner,NYK,N,73,1402,374,150,194,344,88,76,13,89,175,288,162,105,50,0,0
BOWIEAN01,1993,Anthony,Bowie,ORL,N,70,948,320,29,91,120,102,32,12,58,81,289,139,49,41,18,1
BOWIESA01,1993,Sam,Bowie,LAL,N,25,556,223,27,104,131,47,4,28,43,65,172,75,83,72,4,1
BRADLSH01,1993,Shawn,Bradley,PHI,N,49,1385,504,98,208,306,98,45,147,148,170,491,201,168,102,3,0
BRANDTE01,1993,Terrell,Brandon,CLE,N,73,1548,606,38,121,159,277,84,16,111,108,548,230,162,139,32,7
BREUERA01,1993,Randy,Breuer,SAC,N,26,247,19,15,41,56,8,6,19,9,30,26,8,14,3,1,0
BRICKFR01,1993,Frank,Brickowski,CHA,N,28,653,282,32,93,125,57,28,11,56,77,233,117,63,47,2,1
BRICKFR01,1993,Frank,Brickowski,MIL,N,43,1441,653,53,226,279,165,52,16,125,165,521,251,191,148,18,3
BRICKFR01,1993,Frank,Brickowski,TOT,N,71,2094,935,85,319,404,222,80,27,181,242,754,368,254,195,20,4
BROOKKE01,1993,Kevin,Brooks,DEN,N,34,190,85,5,16,21,3,0,2,12,19,99,36,10,9,23,4
BROOKSC01,1993,Scott,Brooks,HOU,N,73,1225,381,10,92,102,149,51,2,55,98,289,142,85,74,61,23
BROWNCH01,1993,Chucky,Brown,DAL,N,1,10,3,0,1,1,0,0,0,0,2,1,1,1,1,0,0
BROWNDE01,1993,Dee,Brown,BOS,N,77,2867,1192,63,237,300,347,156,47,126,207,1021,490,219,182,96,30
BROWNMI01,1993,Mike,Brown,MIN,N,82,1921,299,119,328,447,72,51,29,75,218,260,111,118,77,2,0
BROWNPJ01,1993,P.j.,Brown,NJN,N,79,1950,450,188,305,493,93,71,93,72,177,402,167,152,115,6,1
BROWNRA01,1993,Randy,Brown,SAC,N,61,1041,273,40,72,112,133,63,14,75,132,251,110,87,53,4,0
BRYANMA01,1993,Mark,Bryant,POR,N,79,1441,442,117,198,315,37,32,29,66,187,384,185,104,72,1,0
BUECHJU01,1993,Jud,Buechler,GSW,N,36,218,106,13,19,32,16,8,1,12,24,84,42,20,10,29,12
BULLAMA01,1993,Matt,Bullard,HOU,N,65,725,226,23,61,84,64,14,6,28,67,226,78,26,20,154,50
BURNSEV01,1993,Evers,Burns,SAC,N,23,143,56,13,17,30,9,6,3,7,33,55,22,23,12,0,0
BURRESC01,1993,Scott,Burrell,CHA,N,51,767,244,46,86,132,62,37,16,45,88,234,98,70,46,6,2
BURTOWI01,1993,Willie,Burton,MIA,N,53,697,371,50,86,136,39,18,20,54,96,283,124,158,120,15,3
BUTLEMI01,1993,Mitchell,Butler,WA1,N,75,1321,518,106,119,225,77,54,20,87,131,418,207,180,104,5,0
CAGEMI01,1993,Michael,Cage,SEA,N,82,1708,378,164,280,444,45,77,38,51,179,314,171,74,36,1,0
CAMPBEL01,1993,Elden,Campbell,LAL,N,76,2253,934,167,352,519,86,64,146,98,241,808,373,273,188,2,0
CAMPBTO01,1993,Tony,Campbell,DAL,N,41,835,398,48,78,126,51,30,14,55,75,384,164,83,64,25,6
CAMPBTO01,1993,Tony,Campbell,TOT,N,63,1214,555,76,110,186,82,50,15,84,134,512,227,120,94,28,7
CAMPBTO01,1993,Tony,Campbell,NYK,N,22,379,157,28,32,60,31,20,1,29,59,128,63,37,30,3,1
CARRAN01,1993,Antoine,Carr,SAS,N,34,465,198,12,39,51,15,9,22,15,75,160,78,58,42,1,0
CARTWBI01,1993,Bill,Cartwright,CHI,N,42,780,235,43,109,152,57,8,8,50,83,191,98,57,39,0,0
CASSESA01,1993,Sam,Cassell,HOU,N,66,1122,440,25,109,134,192,59,7,94,136,388,162,107,90,88,26
CAUSWDU01,1993,Duane,Causwell,SAC,N,41,674,182,68,118,186,11,19,49,33,109,137,71,68,40,0,0
CEBALCE01,1993,Cedric,Ceballos,PHO,N,53,1602,1010,153,191,344,91,59,23,93,124,795,425,221,160,9,0
CHAMBTO01,1993,Tom,Chambers,UTA,N,80,1838,893,87,239,326,79,40,32,89,232,748,329,281,221,45,14
CHAPMRE01,1993,Rex,Chapman,WA1,N,60,2025,1094,57,89,146,185,59,8,117,83,865,431,206,168,165,64
CHEANCA01,1993,Calbert,Cheaney,WA1,N,65,1604,779,88,102,190,126,63,10,108,148,696,327,161,124,23,1
CHILCPE01,1993,Pete,Chilcutt,DET,N,30,391,115,29,71,100,15,10,11,18,48,120,51,13,10,14,3
CHILCPE01,1993,Pete,Chilcutt,SAC,N,46,974,335,100,171,271,71,43,28,56,116,328,152,52,31,1,0
CHILCPE01,1993,Pete,Chilcutt,TOT,N,76,1365,450,129,242,371,86,53,39,74,164,448,203,65,41,15,3
CHRISDO01,1993,Doug,Christie,LAL,N,65,1515,672,93,142,235,136,89,28,140,186,562,244,208,145,119,39
COLEMBE01,1993,Ben,Coleman,DET,N,9,77,28,10,16,26,0,2,2,7,9,25,12,8,4,0,0
COLEMDE01,1993,Derrick,Coleman,NJN,N,77,2778,1559,262,608,870,262,68,142,208,209,1209,541,567,439,121,38
COLESBI01,1993,Bimbo,Coles,MIA,N,76,1726,588,50,109,159,263,75,12,107,132,519,233,131,102,99,20
CONLOMA01,1993,Marty,Conlon,TOT,N,30,579,233,53,86,139,34,9,8,33,69,165,95,53,43,2,0
CONLOMA01,1993,Marty,Conlon,WA1,N,14,201,70,19,31,50,6,4,1,10,33,56,29,15,12,1,0
CONLOMA01,1993,Marty,Conlon,CHA,N,16,378,163,34,55,89,28,5,7,23,36,109,66,38,31,1,0
CONNELE01,1993,Lester,Conner,IND,N,11,169,31,10,14,24,31,14,1,9,12,38,14,6,3,3,0
COOKAN01,1993,Anthony,Cook,ORL,N,2,2,0,0,0,0,0,0,2,1,0,1,0,0,0,0,0
COOKAN01,1993,Anthony,Cook,MIL,N,23,201,62,20,36,56,4,3,12,11,22,53,26,25,10,1,0
COOKAN01,1993,Anthony,Cook,TOT,N,25,203,62,20,36,56,4,3,14,12,22,54,26,25,10,1,0
COOPEDU01,1993,Duane,Cooper,PHO,N,23,136,48,2,7,9,28,3,0,20,12,41,18,15,11,7,1
CORBITY01,1993,Tyrone,Corbin,UTA,N,82,2149,659,150,239,389,122,99,24,92,212,588,268,144,117,29,6
CORCHCH01,1993,Chris,Corchiani,BOS,N,51,467,117,8,36,44,86,22,2,38,47,94,40,38,26,38,11
COURTJO01,1993,Joe,Courtney,TOT,N,52,345,168,28,28,56,15,10,12,21,44,148,67,47,32,3,2
COURTJO01,1993,Joe,Courtney,MIL,N,19,177,65,14,15,29,6,7,6,11,21,70,27,15,9,3,2
COURTJO01,1993,Joe,Courtney,PHO,N,33,168,103,14,13,27,9,3,6,10,23,78,40,32,23,0,0
CROTTJO01,1993,John,Crotty,UTA,N,45,313,132,11,20,31,77,15,1,27,36,99,45,36,31,24,11
CUMMITE01,1993,Terry,Cummings,SAS,N,59,1133,429,132,165,297,50,31,13,59,137,428,183,107,63,2,0
CURETEA01,1993,Earl,Cureton,HOU,N,2,30,4,4,8,12,0,0,0,1,4,8,2,2,0,0,0
CURRYDE01,1993,Dell,Curry,CHA,N,82,2173,1335,71,191,262,221,98,27,120,161,1171,533,134,117,378,152
CURRYMI01,1993,Michael,Curry,PHI,N,10,43,9,0,1,1,1,1,0,3,6,14,3,4,3,2,0
DANIELL01,1993,Lloyd,Daniels,SAS,N,65,980,370,45,66,111,94,29,16,60,69,372,140,64,46,125,44
DAUGHBR01,1993,Brad,Daugherty,CLE,N,50,1838,848,128,380,508,149,41,36,110,145,606,296,326,256,0,0
DAVISAN01,1993,Antonio,Davis,IND,N,81,1732,626,190,315,505,55,45,84,107,189,425,216,302,194,1,0
DAVISBR02,1993,Brian,Davis,MIN,N,68,374,131,21,34,55,22,16,4,19,34,126,40,68,50,3,1
DAVISDA01,1993,Dale,Davis,IND,N,66,2292,771,280,438,718,100,48,106,102,214,582,308,294,155,1,0
DAVISHU01,1993,Hubert,Davis,NYK,N,56,1333,614,23,44,67,165,40,4,76,118,505,238,103,85,132,53
DAVISTE01,1993,Terry,Davis,DAL,N,15,286,56,30,44,74,6,9,1,5,27,59,24,12,8,0,0
DAWKIJO01,1993,Johnny,Dawkins,PHI,N,72,1343,475,28,95,123,263,63,5,111,74,423,177,100,84,105,37
DAYTO01,1993,Todd,Day,MIL,N,76,2127,966,115,195,310,138,103,52,129,221,845,351,331,231,148,33
DEHERTE01,1993,Terry,Dehere,LAC,N,64,759,342,25,43,68,78,28,3,61,69,342,129,81,61,57,23
DELEBI01,1993,Bison,Dele,DEN,N,80,1507,639,138,308,446,50,49,87,104,221,464,251,211,137,3,0
DELNEVI01,1993,Vinny,Delnegro,SAS,N,77,1949,773,27,134,161,320,64,1,102,168,634,309,170,140,43,15
DEMPSDE01,1993,Dell,Demps,GSW,N,2,11,4,0,0,0,1,2,0,1,1,6,2,2,0,0,0
DIVACVL01,1993,Vlade,Divac,LAL,N,79,2685,1123,282,569,851,307,92,112,191,288,895,453,303,208,47,9
DOUGLSH01,1993,Sherman,Douglas,BOS,N,78,2789,1040,70,123,193,683,89,11,233,171,919,425,276,177,56,13
DREILGR01,1993,Greg,Dreiling,DAL,N,54,685,132,47,123,170,31,16,24,43,159,104,52,38,27,1,1
DREXLCL01,1993,Clyde,Drexler,POR,N,68,2334,1303,154,291,445,333,98,34,167,202,1105,473,368,286,219,71
DUCKWKE01,1993,Kevin,Duckworth,WA1,N,69,1485,456,103,222,325,56,37,35,101,223,441,184,132,88,0,0
DUDLECH02,1993,Chris,Dudley,POR,N,6,86,14,16,8,24,5,4,3,2,18,25,6,4,2,0,0
DUMARJO01,1993,Joe,Dumars,DET,N,69,2591,1410,35,116,151,261,63,4,159,118,1118,505,330,276,320,124
EARLAC01,1993,Acie,Earl,BOS,N,74,1149,410,85,162,247,12,24,53,72,178,372,151,160,108,1,0
EDWARBI01,1993,Bill,Edwards,PHI,N,3,44,6,5,9,14,4,3,1,4,6,18,2,5,2,5,0
EDWARBL01,1993,Blue,Edwards,MIL,N,82,2322,953,104,225,329,171,83,27,146,235,800,382,189,151,106,38
EDWARDO01,1993,Doug,Edwards,ATL,N,16,107,43,7,11,18,8,2,5,6,9,49,17,16,9,1,0
EDWARJA01,1993,James,Edwards,LAL,N,45,469,210,11,54,65,22,4,3,30,90,168,78,79,54,0,0
EDWARKE01,1993,Kevin,Edwards,NJN,N,82,2727,1144,94,187,281,232,120,34,135,150,1028,471,217,167,99,35
EHLOCR01,1993,Craig,Ehlo,ATL,N,82,2147,821,71,208,279,273,136,26,130,161,708,316,154,112,221,77
ELIEMA01,1993,Mario,Elie,HOU,N,67,1606,626,28,153,181,208,50,8,109,124,466,208,179,154,167,56
ELLIOSE01,1993,Sean,Elliott,DET,N,73,2409,885,68,195,263,197,54,27,129,174,791,360,173,139,87,26
ELLISDA01,1993,Dale,Ellis,SAS,N,77,2590,1170,70,185,255,80,66,11,75,141,967,478,107,83,332,131
ELLISHA01,1993,Harold,Ellis,LAC,N,49,923,424,94,59,153,31,73,2,43,97,292,159,149,106,4,0
ELLISLA01,1993,Laphonso,Ellis,DEN,N,79,2699,1215,220,462,682,167,63,80,172,304,963,483,359,242,23,7
ELLISLE02,1993,Leron,Ellis,CHA,N,50,680,221,70,118,188,24,17,25,21,83,182,88,68,45,0,0
ELLISPE01,1993,Pervis,Ellison,WA1,N,47,1178,344,77,165,242,70,25,50,73,140,292,137,97,70,3,0
ENGLIJO01,1993,Jojo,English,CHI,N,36,419,130,9,36,45,38,8,10,36,61,129,56,21,10,17,8
EWINGPA01,1993,Patrick,Ewing,NYK,N,79,2972,1939,219,666,885,179,90,217,260,275,1503,745,582,445,14,4
FARMEJI01,1993,Jim,Farmer,DEN,N,4,29,4,0,2,2,4,0,0,5,3,6,2,0,0,2,0
FERREDU01,1993,Duane,Ferrell,ATL,N,72,1155,513,62,67,129,65,44,16,64,85,379,184,184,144,9,1
FERRYDA01,1993,Danny,Ferry,CLE,N,70,965,350,47,94,141,74,28,22,41,113,334,149,43,38,51,14
FLEMIVE01,1993,Vern,Fleming,IND,N,55,1053,358,27,96,123,173,40,6,87,98,318,147,87,64,4,0
FLOYDSL01,1993,Sleepy,Floyd,SAS,N,53,737,200,10,60,70,101,12,8,61,71,209,70,78,52,36,8
FORDAL01,1993,Alphonso,Ford,SEA,N,6,16,16,0,0,0,1,2,0,1,2,13,7,2,1,1,1
FOSTEGR01,1993,Greg,Foster,MIL,N,3,19,10,0,3,3,0,0,1,1,3,7,4,2,2,0,0
FOXRI01,1993,Rick,Fox,BOS,N,82,2096,887,105,250,355,217,81,52,158,244,728,340,230,174,100,33
FRANKTE01,1993,Tellis,Frank,MIN,N,67,959,188,83,137,220,57,35,35,49,163,160,67,76,54,2,0
GAINECO01,1993,Corey,Gaines,NYK,N,18,78,33,3,10,13,30,2,0,5,12,20,9,15,13,5,2
GALLACH01,1993,Chad,Gallagher,UTA,N,2,3,6,0,0,0,0,0,0,0,2,3,3,0,0,0,0
GAMBLKE01,1993,Kevin,Gamble,BOS,N,75,1880,864,41,118,159,149,57,22,77,134,804,368,126,103,103,25
GATLICH01,1993,Chris,Gatling,GSW,N,82,1296,671,143,254,397,41,40,63,84,223,461,271,208,129,1,0
GATTIKE01,1993,Kenny,Gattison,CHA,N,77,1644,592,105,253,358,95,59,46,79,229,445,233,195,126,0,0
GAZEAN01,1993,Andrew,Gaze,WA1,N,7,70,22,1,6,7,5,2,1,3,9,17,8,2,2,8,4
GEIGEMA01,1993,Matt,Geiger,MIA,N,72,1199,521,119,184,303,32,36,29,61,201,352,202,149,116,5,1
GILLIAR01,1993,Armen,Gilliam,NJN,N,82,1969,970,197,303,500,69,38,61,106,129,682,348,361,274,1,0
GILLKE01,1993,Kendall,Gill,SEA,N,79,2435,1111,91,177,268,275,151,32,143,194,969,429,275,215,120,38
GMINSMI01,1993,Mike,Gminski,MIL,N,8,54,13,3,12,15,0,0,3,2,3,24,5,4,3,0,0
GMINSMI01,1993,Mike,Gminski,CHA,N,21,255,73,19,40,59,11,13,13,11,20,79,31,14,11,0,0
GMINSMI01,1993,Mike,Gminski,TOT,N,29,309,86,22,52,74,11,13,16,13,23,103,36,18,14,0,0
GRACERI01,1993,Ricky,Grace,ATL,N,3,8,4,0,1,1,1,0,0,0,3,3,2,2,0,0,0
GRAHAGR01,1993,Greg,Graham,PHI,N,70,889,338,21,65,86,66,61,4,65,54,305,122,110,92,25,2
GRAHAPA01,1993,Paul,Graham,ATL,N,21,128,58,4,8,12,13,4,5,5,11,57,21,17,13,13,3
GRANTGA01,1993,Gary,Grant,LAC,N,78,1533,588,42,100,142,291,119,12,136,139,563,253,76,65,62,17
GRANTHA01,1993,Harvey,Grant,POR,N,77,2112,798,109,242,351,107,70,49,56,179,774,356,131,84,7,2
GRANTHO01,1993,Horace,Grant,CHI,N,70,2570,1057,306,463,769,236,74,84,109,164,878,460,230,137,6,0
GRANTJO01,1993,Josh,Grant,GSW,N,53,382,157,27,62,89,24,18,8,30,62,146,59,29,22,61,17
GRAYEJE01,1993,Jeff,Grayer,GSW,N,67,1096,455,76,115,191,62,33,13,63,103,363,191,118,71,12,2
GREENAC01,1993,A.c.,Green,PHO,N,82,2825,1204,275,478,753,137,70,38,100,142,926,465,362,266,35,8
GREENLI01,1993,Litterial,Green,ORL,N,29,126,73,6,6,12,9,6,1,13,16,57,22,37,28,4,1
GREENSE01,1993,Sean,Green,UTA,N,1,2,0,0,0,0,0,0,0,0,0,1,0,0,0,0,0
GREENSE01,1993,Sean,Green,TOT,N,36,334,149,10,24,34,16,18,6,27,21,183,63,18,13,41,10
GREENSE01,1993,Sean,Green,PHI,N,35,332,149,10,24,34,16,18,6,27,21,182,63,18,13,41,10
GUGLITO01,1993,Tom,Gugliotta,WA1,N,78,2795,1333,189,539,728,276,172,51,247,174,1159,540,311,213,148,40
GUIBEAN01,1993,Andres,Guibert,MIN,N,5,33,15,10,6,16,2,0,1,6,6,20,6,6,3,0,0
GUIDIJA01,1993,Jay,Guidinger,CLE,N,32,131,47,15,18,33,3,4,5,16,23,32,16,21,15,0,0
HALEYJA01,1993,Jack,Haley,SAS,N,28,94,59,6,18,24,1,0,0,10,18,48,21,21,17,0,0
HAMMIGE01,1993,Geert,Hammink,ORL,N,1,3,2,1,0,1,1,0,0,0,1,3,1,0,0,0,0
HAMMOTO01,1993,Tom,Hammonds,DEN,N,74,877,301,62,137,199,34,20,12,41,91,230,115,104,71,0,0
HARDAAN01,1993,Anfernee,Hardaway,ORL,N,82,3015,1313,192,247,439,544,190,51,292,205,1092,509,330,245,187,50
HARPEDE01,1993,Derek,Harper,DAL,N,28,893,325,10,45,55,98,45,4,54,46,342,130,50,28,105,37
HARPEDE01,1993,Derek,Harper,NYK,N,54,1311,466,10,76,86,236,80,4,81,117,402,173,113,84,98,36
HARPEDE01,1993,Derek,Harper,TOT,N,82,2204,791,20,121,141,334,125,8,135,163,744,303,163,112,203,73
HARPERO01,1993,Ron,Harper,LAC,N,75,2856,1508,129,331,460,344,144,54,242,167,1335,569,418,299,236,71
HARRILU01,1993,Lucious,Harris,DAL,N,77,1165,418,45,112,157,106,49,10,78,117,385,162,119,87,33,7
HARRITO01,1993,Tony,Harris,BOS,N,5,88,44,3,7,10,8,4,0,6,8,31,9,25,23,9,3
HARVEAN01,1993,Antonio,Harvey,LAL,N,27,247,70,26,33,59,5,8,19,17,39,79,29,26,12,0,0
HASKISC01,1993,Scott,Haskin,IND,N,27,186,55,17,38,55,6,2,15,13,33,45,21,19,13,0,0
HAWKIHE01,1993,Hersey,Hawkins,CHA,N,82,2648,1180,89,288,377,216,135,22,158,167,859,395,362,312,235,78
HENRYSK01,1993,Skeeter,Henry,PHO,N,4,15,4,0,2,2,4,0,0,1,1,5,1,4,2,2,0
HENSOST01,1993,Steve,Henson,CHA,N,3,17,3,0,1,1,5,0,0,1,3,2,1,0,0,1,1
HERRECA01,1993,Carl,Herrera,HOU,N,75,1292,353,101,184,285,37,32,26,69,159,310,142,97,69,0,0
HIGGIRO01,1993,Rod,Higgins,CLE,N,36,547,195,25,57,82,36,25,14,21,53,163,71,42,31,50,22
HILLTY01,1993,Tyrone,Hill,CLE,N,57,1447,603,184,315,499,46,53,35,78,193,398,216,256,171,2,0
HODGEDO01,1993,Donald,Hodge,DAL,N,50,428,136,46,49,95,32,15,13,30,66,101,46,52,44,0,0
HORFOTI01,1993,Tito,Horford,WA1,N,3,28,0,1,2,3,0,1,3,1,3,2,0,0,0,0,0
HORNAJE01,1993,Jeff,Hornacek,UTA,N,27,826,394,19,48,67,104,32,3,33,71,289,147,92,82,42,18
HORNAJE01,1993,Jeff,Hornacek,TOT,N,80,2820,1274,60,219,279,419,127,13,171,186,1004,472,296,260,208,70
HORNAJE01,1993,Jeff,Hornacek,PHI,N,53,1994,880,41,171,212,315,95,10,138,115,715,325,204,178,166,52
HORRYRO01,1993,Robert,Horry,HOU,N,81,2370,803,128,312,440,231,119,75,137,186,702,322,157,115,136,44
HOUSTAL01,1993,Allan,Houston,DET,N,79,1519,668,19,101,120,100,34,13,99,165,671,272,108,89,117,35
HOUSTBY01,1993,Byron,Houston,GSW,N,71,866,196,67,127,194,32,33,31,49,181,177,81,54,33,7,1
HOWARST01,1993,Stephen,Howard,UTA,N,9,53,31,10,6,16,1,1,3,6,13,17,10,16,11,0,0
HUMPHJA01,1993,Jay,Humphries,UTA,N,75,1619,561,35,92,127,219,65,11,95,168,535,233,76,57,96,38
HUNTELI01,1993,Lindsey,Hunter,DET,N,82,2172,843,47,142,189,390,121,10,184,174,893,335,142,104,207,69
HURLEBO01,1993,Bobby,Hurley,SAC,N,19,499,134,6,28,34,115,13,1,48,28,146,54,30,24,16,2
JACKSJA01,1993,Jaren,Jackson,POR,N,29,187,80,6,11,17,27,4,2,14,20,87,34,14,12,6,0
JACKSJI01,1993,Jim,Jackson,DAL,N,82,3066,1576,169,219,388,374,87,25,334,161,1432,637,347,285,60,17
JACKSMA01,1993,Mark,Jackson,LAC,N,79,2711,865,107,241,348,678,120,6,232,115,732,331,211,167,127,36
JACKSST01,1993,Stanley,Jackson,MIN,N,17,92,38,12,15,27,16,5,0,10,13,33,17,3,3,5,1
JAMERDA01,1993,Dave,Jamerson,UTA,N,1,4,1,0,1,1,0,0,0,0,0,2,0,1,1,0,0
JAMERDA01,1993,Dave,Jamerson,NJN,N,4,10,1,0,3,3,1,0,0,1,0,5,0,2,1,0,0
JAMERDA01,1993,Dave,Jamerson,TOT,N,5,14,2,0,4,4,1,0,0,1,0,7,0,3,2,0,0
JAMESHE01,1993,Henry,James,LAC,N,12,75,41,6,8,14,1,2,0,2,9,42,16,5,5,18,4
JENNIKE01,1993,Keith,Jennings,GSW,N,76,1097,432,16,73,89,218,65,0,74,62,342,138,120,100,151,56
JENTCH01,1993,Chris,Jent,HOU,N,3,78,31,4,11,15,7,0,0,5,13,26,13,2,1,11,4
JOHNSAV01,1993,Avery,Johnson,GSW,N,82,2332,890,41,135,176,433,113,8,172,160,724,356,253,178,12,0
JOHNSDA03,1993,Dave,Johnson,CHI,N,17,119,47,9,7,16,4,4,0,9,7,54,17,21,13,1,0
JOHNSED03,1993,Eddie,Johnson,CHA,N,73,1460,836,80,144,224,125,36,8,84,143,738,339,127,99,150,59
JOHNSER01,1993,Ervin,Johnson,SEA,N,45,280,117,48,70,118,7,10,22,24,45,106,44,46,29,0,0
JOHNSFR01,1993,Frank,Johnson,PHO,N,70,875,324,29,53,82,148,41,1,65,120,299,134,69,54,12,2
JOHNSKE01,1993,Kevin,Johnson,PHO,N,67,2449,1340,55,112,167,637,125,10,235,127,980,477,464,380,27,6
JOHNSLA01,1993,Larry,Johnson,CHA,N,51,1757,834,143,305,448,184,29,14,116,131,672,346,197,137,21,5
JONESCH01,1993,Charles,Jones,DET,N,42,877,91,89,146,235,29,14,43,12,136,78,36,34,19,1,0
JONESPO01,1993,Popeye,Jones,DAL,N,81,1773,468,299,306,605,99,61,31,94,246,407,195,107,78,1,0
JORDAAD01,1993,Adonis,Jordan,DEN,N,6,79,15,3,3,6,19,0,1,6,6,23,6,0,0,10,3
JORDARE01,1993,Reggie,Jordan,LAL,N,23,259,125,46,21,67,26,14,5,14,26,103,44,51,35,4,2
KEEFEAD01,1993,Adam,Keefe,ATL,N,63,763,273,77,124,201,34,20,9,60,80,213,96,111,81,0,0
KEMPSH01,1993,Shawn,Kemp,SEA,N,79,2597,1431,312,539,851,207,142,166,217,327,990,533,491,364,4,1
KEMPTTI01,1993,Tim,Kempton,CLE,N,4,33,14,4,6,10,3,2,1,7,8,12,6,6,2,0,0
KEMPTTI01,1993,Tim,Kempton,CHA,N,9,103,25,6,8,14,6,4,1,4,25,26,9,10,7,0,0
KEMPTTI01,1993,Tim,Kempton,TOT,N,13,136,39,10,14,24,9,6,2,11,33,38,15,16,9,0,0
KERRST01,1993,Steve,Kerr,CHI,N,82,2036,709,26,105,131,210,75,3,57,97,577,287,97,83,124,52
KERSEJE01,1993,Jerome,Kersey,POR,N,78,1276,508,130,201,331,75,71,49,63,213,469,203,135,101,8,1
KESSLAL01,1993,Alec,Kessler,MIA,N,15,66,33,4,6,10,2,1,1,5,14,25,11,8,6,9,5
KIDDWA01,1993,Warren,Kidd,PHI,N,68,884,247,76,157,233,19,19,23,44,129,169,100,86,47,0,0
KINGCH01,1993,Chris,King,SEA,N,15,86,55,5,10,15,11,4,0,12,12,48,19,26,15,7,2
KINGRI01,1993,Rich,King,SEA,N,27,78,41,9,11,20,8,1,2,7,18,34,15,22,11,1,0
KINGST01,1993,Stacey,King,TOT,N,49,1053,385,90,151,241,58,31,42,83,121,341,146,136,93,2,0
KINGST01,1993,Stacey,King,MIN,N,18,516,213,40,69,109,19,13,30,40,57,170,78,83,57,0,0
KINGST01,1993,Stacey,King,CHI,N,31,537,172,50,82,132,39,18,12,43,64,171,68,53,36,2,0
KITEGR01,1993,Greg,Kite,ORL,N,29,309,34,22,48,70,4,2,12,17,61,35,13,22,8,0,0
KLEINJO01,1993,Joe,Kleine,PHO,N,74,848,285,50,143,193,45,14,19,35,118,256,125,39,30,11,5
KNIGHNE01,1993,Negele,Knight,PHO,N,1,8,2,0,0,0,0,0,1,0,1,4,1,0,0,0,0
KNIGHNE01,1993,Negele,Knight,SAS,N,64,1430,593,28,75,103,197,34,10,94,120,471,224,174,141,21,4
KNIGHNE01,1993,Negele,Knight,TOT,N,65,1438,595,28,75,103,197,34,11,94,121,475,225,174,141,21,4
KONCAJO01,1993,Jon,Koncak,ATL,N,82,1823,342,83,282,365,102,63,125,44,236,369,159,36,24,3,0
KRYSTLA01,1993,Larry,Krystkowiak,ORL,N,34,682,173,38,85,123,35,14,4,29,74,148,71,39,31,1,0
KUKOCTO01,1993,Toni,Kukoc,CHI,N,75,1808,814,98,199,297,252,81,33,167,122,726,313,210,156,118,32
LAETTCH01,1993,Christian,Laettner,MIN,N,70,2428,1173,160,442,602,307,87,86,259,264,883,396,479,375,25,6
LAIMBBI01,1993,Bill,Laimbeer,DET,N,11,248,108,9,47,56,14,6,4,10,30,90,47,13,11,9,3
LANGAN01,1993,Andrew,Lang,ATL,N,82,1608,504,126,187,313,51,38,87,81,192,458,215,106,73,4,1
LECKNER01,1993,Eric,Leckner,PHI,N,71,1163,362,75,207,282,86,18,34,86,190,286,139,130,84,2,0
LEGLETI01,1993,Tim,Legler,DAL,N,79,1322,656,36,92,128,120,52,13,60,133,528,231,169,142,139,52
LESJI01,1993,Jim,Les,SAC,N,18,169,45,5,8,13,39,7,1,11,16,34,13,13,11,18,8
LEVERLA01,1993,Lafayette,Lever,DAL,N,81,1947,555,83,200,283,213,159,15,88,155,557,227,98,75,74,26
LIBERMA01,1993,Marcus,Liberty,DEN,N,3,11,9,0,5,5,2,0,0,2,5,7,4,2,1,1,0
LIBERMA01,1993,Marcus,Liberty,DET,N,35,274,100,26,30,56,15,11,4,22,29,116,36,37,18,27,10
LIBERMA01,1993,Marcus,Liberty,TOT,N,38,285,109,26,35,61,17,11,4,24,34,123,40,39,19,28,10
LICHTTO01,1993,Todd,Lichti,TOT,N,13,126,58,8,14,22,11,7,1,5,16,51,20,25,16,2,2
LICHTTO01,1993,Todd,Lichti,BOS,N,4,48,19,2,6,8,6,5,1,3,4,14,6,14,7,0,0
LICHTTO01,1993,Todd,Lichti,GSW,N,5,58,31,3,7,10,3,0,0,0,9,28,10,11,9,2,2
LICHTTO01,1993,Todd,Lichti,ORL,N,4,20,8,3,1,4,2,2,0,2,3,9,4,0,0,0,0
LOHAUBR01,1993,Brad,Lohaus,MIL,N,67,962,270,33,117,150,62,30,55,58,142,281,102,29,20,134,46
LONGGR01,1993,Grant,Long,MIA,N,69,2201,788,190,305,495,170,89,26,125,244,672,300,238,187,6,1
LONGLLU01,1993,Luc,Longley,MIN,N,49,989,324,87,208,295,46,35,58,79,131,289,134,80,56,1,0
LONGLLU01,1993,Luc,Longley,CHI,N,27,513,204,42,96,138,63,10,21,40,85,176,85,45,34,0,0
LONGLLU01,1993,Luc,Longley,TOT,N,76,1502,528,129,304,433,109,45,79,119,216,465,219,125,90,1,0
LYNCHGE01,1993,George,Lynch,LAL,N,71,1762,681,220,190,410,96,102,27,87,177,573,291,166,99,5,0
MACKEMA01,1993,Malcolm,Mackey,PHO,N,22,69,32,12,12,24,1,0,3,2,9,37,14,8,4,2,0
MACLEDO01,1993,Don,Maclean,WA1,N,75,2487,1365,140,327,467,160,47,22,152,169,1030,517,398,328,21,3
MACONMA01,1993,Mark,Macon,DEN,N,7,126,36,3,4,7,11,6,1,14,17,45,14,10,8,3,0
MACONMA01,1993,Mark,Macon,TOT,N,42,496,163,18,23,41,51,39,1,40,73,184,69,34,23,10,2
MACONMA01,1993,Mark,Macon,DET,N,35,370,127,15,19,34,40,33,0,26,56,139,55,24,15,7,2
MADKIGE01,1993,Gerald,Madkins,CLE,N,22,149,35,1,10,11,19,9,0,13,16,31,11,10,8,15,5
MAHORRI01,1993,Rick,Mahorn,NJN,N,28,226,59,16,38,54,5,3,5,7,38,47,23,20,13,1,0
MAJERDA01,1993,Dan,Majerle,PHO,N,80,3207,1320,120,229,349,275,129,43,137,153,1138,476,238,176,503,192
MALONJE01,1993,Jeff,Malone,UTA,N,50,1657,808,28,87,115,66,26,5,57,77,692,338,153,129,6,3
MALONJE01,1993,Jeff,Malone,PHI,N,27,903,454,23,61,84,59,14,0,28,46,389,187,94,76,6,4
MALONJE01,1993,Jeff,Malone,TOT,N,77,2560,1262,51,148,199,125,40,5,85,123,1081,525,247,205,12,7
MALONKA01,1993,Karl,Malone,UTA,N,82,3329,2063,235,705,940,328,125,126,234,268,1552,772,736,511,32,8
MALONMO01,1993,Moses,Malone,PHI,N,55,618,294,106,120,226,34,11,17,59,52,232,102,117,90,1,0
MANNIDA01,1993,Danny,Manning,ATL,N,26,925,409,49,120,169,85,46,25,86,93,372,177,83,54,3,1
MANNIDA01,1993,Danny,Manning,TOT,N,68,2520,1403,131,334,465,261,99,82,233,260,1201,586,341,228,17,3
MANNIDA01,1993,Danny,Manning,LAC,N,42,1595,994,82,214,296,176,53,57,147,167,829,409,258,174,14,2
MARBLRO01,1993,Roy,Marble,DEN,N,5,32,4,3,5,8,1,0,2,3,1,12,2,3,0,0,0
MARTIBO01,1993,Bob,Martin,LAC,N,53,535,111,36,81,117,17,8,33,29,106,88,40,51,31,0,0
MASHBJA01,1993,Jamal,Mashburn,DAL,N,79,2896,1513,107,246,353,266,89,14,245,205,1382,561,438,306,299,85
MASONAN01,1993,Anthony,Mason,NYK,N,73,1903,528,158,269,427,151,31,9,107,190,433,206,161,116,1,0
MAXEYMA01,1993,Marlon,Maxey,MIN,N,55,626,248,75,124,199,10,16,33,40,113,167,89,98,70,2,0
MAXWEVE01,1993,Vernon,Maxwell,HOU,N,75,2571,1023,42,187,229,380,125,20,185,143,976,380,191,143,403,120
MAYBELE01,1993,Lee,Mayberry,MIL,N,82,1472,433,26,75,101,215,46,4,97,114,402,167,84,58,119,41
MCDANXA01,1993,Xavier,Mcdaniel,BOS,N,82,1971,928,142,258,400,126,48,39,116,193,839,387,213,144,41,10
MCKEYDE01,1993,Derrick,Mckey,IND,N,76,2613,911,129,273,402,327,111,49,228,248,710,355,254,192,31,9
MCMILNA01,1993,Nate,Mcmillan,SEA,N,73,1887,437,50,233,283,387,216,22,126,201,396,177,55,31,133,52
MEEDA01,1993,Darnell,Mee,DEN,N,38,285,73,17,18,35,16,15,13,18,34,88,28,27,12,24,5
MILLEOL01,1993,Oliver,Miller,PHO,N,69,1786,636,140,336,476,244,83,156,164,230,455,277,137,80,9,2
MILLERE01,1993,Reggie,Miller,IND,N,79,2638,1574,30,182,212,248,119,24,175,193,1042,524,444,403,292,123
MILLSCH01,1993,Chris,Mills,CLE,N,79,2022,743,134,267,401,128,54,50,89,232,677,284,176,137,122,38
MILLSTE01,1993,Terry,Mills,DET,N,80,2773,1381,193,479,672,177,64,62,153,309,1151,588,227,181,73,24
MINERHA01,1993,Harold,Miner,MIA,N,63,1358,661,75,81,156,95,31,13,95,132,532,254,180,149,6,4
MITCHSA01,1993,Sam,Mitchell,IND,N,75,1084,362,71,119,190,65,33,9,50,152,306,140,110,82,5,0
MOORETR01,1993,Tracy,Moore,DET,N,3,10,6,0,1,1,0,2,0,0,0,3,2,2,2,0,0
MORNIDA01,1993,Darren,Morningstar,UTA,N,1,4,2,0,1,1,0,0,0,0,1,1,1,0,0,0,0
MORNIDA01,1993,Darren,Morningstar,DAL,N,22,363,94,31,49,80,15,14,2,19,69,81,38,30,18,0,0
MORNIDA01,1993,Darren,Morningstar,TOT,N,23,367,96,31,50,81,15,14,2,19,70,82,39,30,18,0,0
MORRICH01,1993,Chris,Morris,NJN,N,50,1349,544,91,137,228,83,55,49,52,120,454,203,118,85,147,53
MOURNAL01,1993,Alonzo,Mourning,CHA,N,60,2018,1287,177,433,610,86,27,188,199,207,845,427,568,433,2,0
MULLICH01,1993,Chris,Mullin,GSW,N,62,2324,1040,64,281,345,315,107,53,178,114,869,410,219,165,151,55
MURDOER01,1993,Eric,Murdock,MIL,N,82,2533,1257,91,170,261,546,197,12,206,189,1019,477,288,234,168,69
MURESGH01,1993,Gheorghe,Muresan,WA1,N,54,650,304,66,126,192,18,28,48,54,120,235,128,71,48,0,0
MURPHTO01,1993,Tod,Murphy,TOT,N,9,67,15,4,6,10,4,2,0,1,10,12,6,6,3,0,0
MURPHTO01,1993,Tod,Murphy,GSW,N,2,10,0,0,1,1,1,0,0,0,2,0,0,0,0,0,0
MURPHTO01,1993,Tod,Murphy,DET,N,7,57,15,4,5,9,3,2,0,1,8,12,6,6,3,0,0
MURRATR01,1993,Tracy,Murray,POR,N,66,820,434,43,68,111,31,21,20,37,76,355,167,72,50,109,50
MUSTAJE01,1993,Jerrod,Mustaf,PHO,N,33,196,73,20,35,55,8,4,5,10,29,84,30,22,13,0,0
MUTOMDI01,1993,Dikembe,Mutombo,DEN,N,82,2853,986,286,685,971,127,59,336,206,262,642,365,439,256,1,0
MYERSPE01,1993,Pete,Myers,CHI,N,82,2030,650,54,127,181,245,78,20,136,195,556,253,194,136,29,8
NANCELA01,1993,Larry,Nance,CLE,N,33,909,370,77,150,227,49,27,55,38,96,314,153,85,64,0,0
NEVITCH01,1993,Chuck,Nevitt,SAS,N,1,1,3,1,0,1,0,0,0,1,1,0,0,6,3,0,0
NEWMAJO01,1993,Johnny,Newman,CHA,N,18,429,234,21,37,58,29,18,5,28,44,174,91,59,48,16,4
NEWMAJO01,1993,Johnny,Newman,NJN,N,63,1268,598,65,57,122,43,51,22,62,152,490,222,166,134,74,20
NEWMAJO01,1993,Johnny,Newman,TOT,N,81,1697,832,86,94,180,72,69,27,90,196,664,313,225,182,90,24
NORMAKE01,1993,Ken,Norman,MIL,N,82,2539,979,169,331,500,222,58,46,150,209,919,412,183,92,189,63
OAKLECH01,1993,Charles,Oakley,NYK,N,82,2932,969,349,616,965,218,110,18,193,293,760,363,313,243,3,0
OLAJUHA01,1993,Hakeem,Olajuwon,HOU,N,80,3277,2184,229,726,955,287,128,297,271,289,1694,894,542,388,19,8
OLIVEJI01,1993,Jimmy,Oliver,BOS,N,44,540,216,8,38,46,33,16,1,21,39,214,89,33,25,32,13
ONEASH01,1993,Shaquille,O'neal,ORL,N,81,3224,2377,384,688,1072,195,76,231,222,281,1591,953,850,471,2,0
OSULDA01,1993,Dan,O'sullivan,DET,N,13,56,17,2,8,10,3,0,0,3,10,12,4,12,9,0,0
OUTLABO01,1993,Bo,Outlaw,LAC,N,37,871,257,81,131,212,36,36,37,31,94,167,98,103,61,2,0
OVERTDO01,1993,Doug,Overton,WA1,N,61,749,218,19,50,69,92,21,1,54,48,216,87,52,43,11,1
OWENSBI01,1993,Billy,Owens,GSW,N,79,2738,1186,230,410,640,326,83,60,214,269,971,492,326,199,15,3
PACKRO01,1993,Robert,Pack,DEN,N,66,1382,631,25,98,123,356,81,9,204,147,503,223,236,179,29,6
PADDIGE01,1993,Gerald,Paddio,NYK,N,3,8,4,0,0,0,0,0,0,0,3,5,2,0,0,0,0
PADDIGE01,1993,Gerald,Paddio,TOT,N,18,137,53,5,11,16,11,4,0,6,9,60,22,16,9,1,0
PADDIGE01,1993,Gerald,Paddio,IND,N,7,55,19,0,5,5,4,1,0,4,2,23,9,2,1,0,0
PADDIGE01,1993,Gerald,Paddio,WA1,N,8,74,30,5,6,11,7,3,0,2,4,32,11,14,8,1,0
PARISRO01,1993,Robert,Parish,BOS,N,74,1987,866,141,401,542,82,42,96,108,190,725,356,208,154,0,0
PAXSOJO01,1993,John,Paxson,CHI,N,27,343,70,3,17,20,33,7,2,6,18,68,30,2,1,22,9
PAYTOGA01,1993,Gary,Payton,SEA,N,82,2881,1349,105,164,269,494,188,19,173,227,1159,584,279,166,54,15
PEELEAN01,1993,Anthony,Peeler,LAL,N,30,923,423,48,61,109,94,43,8,59,93,409,176,71,57,63,14
PEPLOMI01,1993,Mike,Peplowski,SAC,N,55,667,176,49,120,169,24,17,25,34,131,141,76,44,24,1,0
PERDUWI01,1993,Will,Perdue,CHI,N,43,397,117,40,86,126,34,8,11,42,61,112,47,32,23,1,0
PERKISA01,1993,Sam,Perkins,SEA,N,81,2170,999,120,246,366,111,67,31,103,197,779,341,272,218,270,99
PERRYEL01,1993,Elliot,Perry,PHO,N,27,432,105,12,27,39,125,25,1,43,36,113,42,28,21,3,0
PERRYTI01,1993,Tim,Perry,PHI,N,80,2336,719,117,287,404,94,60,82,80,154,625,272,176,102,200,73
PERSOCH01,1993,Chuck,Person,MIN,N,77,2029,894,55,198,253,185,45,12,121,164,843,356,108,82,272,100
PETRURI01,1993,Richard,Petruska,HOU,N,22,92,53,9,22,31,1,2,3,15,15,46,20,8,6,15,7
PHILLBO01,1993,Bobby,Phills,CLE,N,72,1531,598,71,141,212,133,67,12,63,135,514,242,157,113,12,1
PIERCRI01,1993,Ricky,Pierce,SEA,N,51,1022,739,29,54,83,91,42,5,64,84,577,272,211,189,32,6
PINCKED01,1993,Ed,Pinckney,BOS,N,76,1524,394,160,318,478,62,58,44,62,131,289,151,125,92,0,0
PIPPESC01,1993,Scottie,Pippen,CHI,N,72,2759,1587,173,456,629,403,211,58,232,227,1278,627,409,270,197,63
POLYNOL01,1993,Olden,Polynice,SAC,N,31,1052,303,151,202,353,19,18,31,29,81,256,124,99,55,1,0
POLYNOL01,1993,Olden,Polynice,DET,N,37,1350,486,148,308,456,22,24,36,49,108,406,222,92,42,1,0
POLYNOL01,1993,Olden,Polynice,TOT,N,68,2402,789,299,510,809,41,42,67,78,189,662,346,191,97,2,0
PORTETE01,1993,Terry,Porter,POR,N,77,2074,1010,45,170,215,401,79,18,166,132,836,348,234,204,282,110
PRICEBR01,1993,Brent,Price,WA1,N,65,1035,400,31,59,90,213,55,2,119,114,326,141,87,68,150,50
PRICEMA01,1993,Mark,Price,CLE,N,76,2386,1316,39,189,228,589,103,11,189,93,1005,480,268,238,297,118
RADJADI01,1993,Dino,Radja,BOS,N,80,2303,1208,191,386,577,114,70,67,149,276,942,491,301,226,1,0
RAMBIKU01,1993,Kurt,Rambis,LAL,N,50,635,164,84,105,189,32,22,23,26,89,114,59,71,46,1,0
RANDAMA01,1993,Mark,Randall,DEN,N,28,155,58,9,13,22,11,8,3,10,18,50,17,28,22,14,2
REIDJR01,1993,J.r.,Reid,SAS,N,70,1344,627,91,129,220,73,43,25,84,165,530,260,153,107,3,0
RICEGL01,1993,Glen,Rice,MIA,N,81,2999,1708,76,358,434,184,110,32,130,186,1421,663,284,250,346,132
RICHAPO01,1993,Pooh,Richardson,IND,N,37,1022,370,28,82,110,237,32,3,88,78,354,160,77,47,12,3
RICHMMI01,1993,Mitch,Richmond,SAC,N,78,2897,1823,70,216,286,313,103,17,216,211,1428,635,511,426,312,127
RIDERIS01,1993,Isaiah,Rider,MIN,N,79,2415,1313,118,197,315,202,54,28,218,194,1115,522,265,215,150,54
RILEYER01,1993,Eric,Riley,HOU,N,47,219,88,24,35,59,9,5,9,15,30,70,34,37,20,1,0
RIVERDO01,1993,Doc,Rivers,NYK,N,19,499,143,4,35,39,100,25,5,29,44,127,55,22,14,52,19
ROBERST01,1993,Stanley,Roberts,LAC,N,14,350,104,27,66,93,11,6,25,24,54,100,43,44,18,0,0
ROBINCL02,1993,Clifford,Robinson,POR,N,82,2853,1647,164,386,550,159,118,111,169,263,1404,641,460,352,53,13
ROBINDA01,1993,David,Robinson,SAS,N,80,3241,2383,241,614,855,381,139,265,253,228,1658,840,925,693,29,10
ROBINJA03,1993,James,Robinson,POR,N,58,673,276,34,44,78,68,30,15,52,69,285,104,67,45,73,23
ROBINLA01,1993,Larry,Robinson,HOU,N,6,55,25,4,6,10,6,7,0,10,8,20,10,8,3,8,2
ROBINRU01,1993,Rumeal,Robinson,CHA,N,14,95,30,2,6,8,18,3,0,18,15,33,13,9,3,5,1
ROBINRU01,1993,Rumeal,Robinson,TOT,N,31,396,131,6,26,32,63,18,3,43,48,152,55,29,13,20,8
ROBINRU01,1993,Rumeal,Robinson,NJN,N,17,301,101,4,20,24,45,15,3,25,33,119,42,20,10,15,7
RODMADE01,1993,Dennis,Rodman,SAS,N,79,2989,370,453,914,1367,184,52,32,138,229,292,156,102,53,24,5
ROGERRO01,1993,Rodney,Rogers,DEN,N,79,1406,640,90,136,226,101,63,48,131,195,545,239,189,127,92,35
ROLLITR01,1993,Tree,Rollins,ORL,N,45,384,76,33,63,96,9,7,35,13,55,53,29,30,18,0,0
ROOKSSE01,1993,Sean,Rooks,DAL,N,47,1255,536,84,175,259,49,21,44,80,109,393,193,210,150,1,0
ROYALDO01,1993,Donald,Royal,ORL,N,74,1357,547,94,154,248,61,50,16,76,121,347,174,269,199,2,0
RUSSEBR01,1993,Bryon,Russell,UTA,N,67,1121,334,61,120,181,54,68,19,55,138,279,135,101,62,22,2
SALLEJO01,1993,John,Salley,MIA,N,76,1910,582,132,275,407,135,56,78,94,260,436,208,225,164,3,2
SCHAYDA01,1993,Danny,Schayes,LAL,N,13,133,36,15,19,34,8,5,2,9,18,38,14,10,8,0,0
SCHAYDA01,1993,Danny,Schayes,MIL,N,23,230,49,16,29,45,5,5,8,14,27,46,14,22,21,0,0
SCHAYDA01,1993,Danny,Schayes,TOT,N,36,363,85,31,48,79,13,10,10,23,45,84,28,32,29,0,0
SCHEFST01,1993,Steve,Scheffler,SEA,N,35,152,75,11,15,26,6,7,0,8,25,46,28,20,19,0,0
SCHINDU01,1993,Duane,Schintzius,NJN,N,30,319,68,26,63,89,13,7,17,13,49,84,29,17,10,0,0
SCHREDE01,1993,Detlef,Schrempf,SEA,N,81,2728,1212,144,310,454,275,73,9,173,273,903,445,390,300,68,22
SCOTTBY01,1993,Byron,Scott,IND,N,67,1197,696,19,91,110,133,62,9,103,80,548,256,195,157,74,27
SCOTTDE01,1993,Dennis,Scott,ORL,N,82,2283,1046,54,164,218,216,81,32,93,161,949,384,159,123,388,155
SEALYMA01,1993,Malik,Sealy,IND,N,43,623,285,43,75,118,48,31,8,51,84,274,111,87,59,16,4
SEIKARO01,1993,Rony,Seikaly,MIA,N,72,2410,1088,244,496,740,136,59,100,195,279,803,392,422,304,2,0
SHAWBR01,1993,Brian,Shaw,MIA,N,77,2037,693,104,246,350,385,71,21,173,195,667,278,89,64,216,73
SIMMOLI01,1993,Lionel,Simmons,SAC,N,75,2702,1129,168,394,562,305,104,50,183,189,996,436,323,251,17,6
SKILESC01,1993,Scott,Skiles,ORL,N,82,2303,815,42,147,189,503,47,2,193,171,644,276,222,195,165,68
SMITHCH01,1993,Charles,Smith,NYK,N,43,1105,447,66,99,165,50,26,45,64,144,397,176,121,87,16,8
SMITHCH05,1993,Chris,Smith,MIN,N,80,1617,473,15,107,122,285,38,18,101,131,423,184,141,95,39,10
SMITHDO04,1993,Doug,Smith,DAL,N,79,1684,698,114,235,349,119,82,38,93,287,678,295,127,106,9,2
SMITHKE01,1993,Kenny,Smith,HOU,N,78,2209,906,24,114,138,327,59,4,126,121,711,341,155,135,220,89
SMITHLA02,1993,Labradford,Smith,TOT,N,66,877,332,34,50,84,109,40,5,50,96,306,124,84,63,60,21
SMITHLA02,1993,Labradford,Smith,WA1,N,7,48,31,5,3,8,5,3,1,1,8,18,8,20,15,0,0
SMITHLA02,1993,Labradford,Smith,SAC,N,59,829,301,29,47,76,104,37,4,49,88,288,116,64,48,60,21
SMITHRE01,1993,Reggie,Smith,POR,N,43,316,76,40,59,99,4,12,6,12,47,72,29,38,18,0,0
SMITHST01,1993,Steve,Smith,MIA,N,78,2776,1346,156,196,352,394,84,35,202,217,1076,491,327,273,262,91
SMITHTO01,1993,Tony,Smith,LAL,N,73,1617,645,106,89,195,148,59,14,76,128,617,272,119,85,50,16
SMITSRI01,1993,Rik,Smits,IND,N,78,2113,1224,135,348,483,156,49,82,151,281,923,493,300,238,1,0
SPENCAN01,1993,Andre,Spencer,GSW,N,5,63,21,4,8,12,3,1,2,2,6,18,9,4,3,0,0
SPENCAN01,1993,Andre,Spencer,SAC,N,23,286,138,26,35,61,19,18,5,19,37,100,43,73,52,0,0
SPENCAN01,1993,Andre,Spencer,TOT,N,28,349,159,30,43,73,22,19,7,21,43,118,52,77,55,0,0
SPENCEL01,1993,Elmore,Spencer,LAC,N,76,1930,673,96,319,415,75,30,127,168,208,540,288,162,97,2,0
SPENCFE01,1993,Felton,Spencer,UTA,N,79,2210,677,235,423,658,43,41,67,127,304,507,256,272,165,0,0
SPREWLA01,1993,Latrell,Sprewell,GSW,N,82,3533,1720,80,321,401,385,180,76,226,158,1417,613,456,353,391,141
STARKJO01,1993,John,Starks,NYK,N,59,2057,1120,37,148,185,348,95,6,184,191,977,410,248,187,337,113
STEWALA01,1993,Larry,Stewart,WA1,N,3,35,13,1,6,7,2,2,1,2,4,8,3,10,7,0,0
STITHBR01,1993,Bryant,Stith,DEN,N,82,2853,1023,119,230,349,199,116,16,131,165,811,365,351,291,9,2
STOCKJO01,1993,John,Stockton,UTA,N,82,2969,1236,72,186,258,1031,199,22,266,236,868,458,338,272,149,48
STRICRO01,1993,Rod,Strickland,POR,N,82,2889,1411,122,248,370,740,147,24,257,171,1093,528,471,353,10,2
STRONDE01,1993,Derek,Strong,MIL,N,67,1131,444,109,172,281,48,38,14,61,69,341,141,206,159,13,3
THOMAIS01,1993,Isiah,Thomas,DET,N,58,1750,856,46,113,159,399,68,6,202,126,763,318,258,181,126,39
THOMPKE01,1993,Kevin,Thompson,POR,N,14,58,13,7,6,13,3,0,2,5,11,14,6,2,1,1,0
THOMPLA01,1993,Lasalle,Thompson,IND,N,30,282,70,26,49,75,16,10,8,23,59,77,27,30,16,0,0
THORPOT01,1993,Otis,Thorpe,HOU,N,82,2909,1149,271,599,870,189,66,28,185,253,801,449,382,251,2,0
THREASE01,1993,Sedale,Threatt,LAL,N,81,2278,965,28,125,153,344,110,19,106,186,852,411,155,138,33,5
TISDAWA01,1993,Wayman,Tisdale,SAC,N,79,2557,1319,159,401,560,139,37,52,124,290,1102,552,266,215,0,0
TOLBETO01,1993,Tom,Tolbert,LAC,N,49,640,187,36,72,108,30,13,15,39,61,177,74,45,33,16,6
TONEYSE01,1993,Sedric,Toney,CLE,N,12,64,6,1,2,3,11,0,0,5,8,12,2,2,2,1,0
TOWERKE01,1993,Keith,Tower,ORL,N,11,32,8,0,6,6,1,0,0,0,6,9,4,0,0,0,0
TURNEJE01,1993,Jeff,Turner,ORL,N,68,1536,451,79,192,271,60,23,11,75,239,426,199,45,35,55,18
VANEXNI01,1993,Nick,Vanexel,LAL,N,81,2700,1099,47,191,238,466,85,8,145,154,1049,413,192,150,364,123
VAUGHLO01,1993,Loy,Vaught,LAC,N,75,2118,877,218,438,656,74,76,22,96,221,695,373,182,131,5,0
WALKEKE01,1993,Kenny,Walker,WA1,N,73,1397,351,118,171,289,33,26,59,44,156,274,132,125,87,3,0
WALTERE01,1993,Rex,Walters,NJN,N,48,386,162,6,32,38,71,15,3,30,41,115,60,34,28,28,14
WEATHCL01,1993,Clarence,Weatherspoon,PHI,N,82,3147,1506,254,578,832,192,100,116,195,152,1246,602,430,298,17,4
WEBBECH01,1993,Chris,Webber,GSW,N,76,2438,1333,305,389,694,272,93,164,206,247,1037,572,355,189,14,0
WEBBSP01,1993,Spud,Webb,SAC,N,79,2567,1005,44,178,222,528,93,23,168,182,810,373,251,204,164,55
WENNIBI01,1993,Bill,Wennington,CHI,N,76,1371,542,117,236,353,70,43,29,75,214,482,235,88,72,2,0
WENSTMA01,1993,Matt,Wenstrom,BOS,N,11,37,18,6,6,12,0,0,2,4,7,10,6,10,6,0,0
WESLEDA01,1993,David,Wesley,NJN,N,60,542,183,10,34,44,123,38,4,52,47,174,64,53,44,47,11
WESTDO01,1993,Doug,West,MIN,N,72,2182,1056,61,170,231,172,65,24,137,236,891,434,231,187,8,1
WESTMA01,1993,Mark,West,PHO,N,82,1236,382,112,183,295,33,31,109,74,214,286,162,116,58,0,0
WHATLEN01,1993,Ennis,Whatley,ATL,N,82,1004,292,22,77,99,181,59,2,78,93,236,120,66,52,6,0
WHITERA01,1993,Randy,White,DAL,N,18,320,115,30,53,83,11,10,10,18,46,112,45,33,19,20,6
WHITNCH01,1993,Chris,Whitney,SAS,N,40,339,72,5,24,29,53,11,1,37,53,82,25,15,12,30,10
WILEYMO01,1993,Morlon,Wiley,MIA,N,4,34,7,0,4,4,7,2,0,6,4,8,3,0,0,4,1
WILEYMO01,1993,Morlon,Wiley,TOT,N,16,158,21,0,10,10,23,15,0,17,21,29,9,0,0,10,3
WILEYMO01,1993,Morlon,Wiley,DAL,N,12,124,14,0,6,6,16,13,0,11,17,21,6,0,0,6,2
WILKIDO01,1993,Dominique,Wilkins,LAC,N,25,948,727,63,113,176,55,29,8,52,39,592,268,200,167,97,24
WILKIDO01,1993,Dominique,Wilkins,ATL,N,49,1687,1196,119,186,305,114,63,22,120,87,996,430,322,275,198,61
WILKIDO01,1993,Dominique,Wilkins,TOT,N,74,2635,1923,182,299,481,169,92,30,172,126,1588,698,522,442,295,85
WILKIGE01,1993,Gerald,Wilkins,CLE,N,82,2768,1170,106,197,303,255,105,38,131,186,975,446,250,194,212,84
WILLIAA01,1993,Aaron,Williams,UTA,N,6,12,4,1,2,3,1,0,0,1,4,8,2,1,0,0,0
WILLIBU01,1993,Buck,Williams,POR,N,81,2636,783,315,528,843,80,58,47,111,239,524,291,296,201,1,0
WILLICO01,1993,Corey,Williams,MIN,N,4,46,11,1,5,6,6,2,0,2,6,13,5,1,1,1,0
WILLIHE01,1993,Herb,Williams,NYK,N,70,774,233,56,126,182,28,18,43,39,108,233,103,42,27,1,0
WILLIHO01,1993,Hotrod,Williams,CLE,N,76,2660,1040,207,368,575,193,78,130,139,219,825,394,346,252,0,0
WILLIJA01,1993,Jayson,Williams,NJN,N,70,877,322,109,154,263,26,17,36,35,140,293,125,119,72,0,0
WILLIJO01,1993,John,Williams,LAC,N,34,725,191,37,90,127,97,25,10,35,85,188,81,36,24,20,5
WILLIKE01,1993,Kevin,Willis,ATL,N,80,2867,1531,335,628,963,150,79,38,188,250,1257,627,376,268,24,9
WILLIKE03,1993,Kenny,Williams,IND,N,68,982,427,93,112,205,52,24,49,45,99,391,191,64,45,4,0
WILLILO01,1993,Lorenzo,Williams,CHA,N,1,19,0,0,4,4,0,1,2,1,2,1,0,0,0,0,0
WILLILO01,1993,Lorenzo,Williams,TOT,N,38,716,110,95,122,217,25,18,46,22,92,110,49,28,12,1,0
WILLILO01,1993,Lorenzo,Williams,ORL,N,3,19,2,3,1,4,2,2,3,0,3,6,1,0,0,1,0
WILLILO01,1993,Lorenzo,Williams,DAL,N,34,678,108,92,117,209,23,15,41,21,87,103,48,28,12,0,0
WILLIMI01,1993,Michael,Williams,MIN,N,71,2206,971,67,154,221,512,118,24,203,193,687,314,397,333,45,10
WILLIRE01,1993,Reggie,Williams,DEN,N,82,2654,1065,98,294,392,300,117,66,163,288,1014,418,225,165,230,64
WILLISC01,1993,Scott,Williams,CHI,N,38,638,289,69,112,181,39,16,21,44,112,236,114,98,60,5,1
WILLIWA01,1993,Walt,Williams,SAC,N,57,1356,638,71,164,235,132,52,23,145,200,580,226,233,148,132,38
WILSOTR01,1993,Trevor,Wilson,LAL,N,5,126,51,12,16,28,12,5,1,6,17,39,19,25,13,0,0
WILSOTR01,1993,Trevor,Wilson,SAC,N,52,1095,415,108,137,245,60,33,10,87,106,349,168,141,79,2,0
WILSOTR01,1993,Trevor,Wilson,TOT,N,57,1221,466,120,153,273,72,38,11,93,123,388,187,166,92,2,0
WINGADA01,1993,David,Wingate,CHA,N,50,1005,310,30,104,134,104,42,6,53,85,283,136,51,34,12,4
WOODDA01,1993,David,Wood,DET,N,78,1182,322,104,135,239,51,39,19,35,201,259,119,82,62,49,22
WOODSRA01,1993,Randy,Woods,LAC,N,40,352,145,13,16,29,71,24,2,34,40,133,49,35,20,78,27
WOOLROR01,1993,Orlando,Woolridge,PHI,N,74,1955,937,103,195,298,139,41,56,142,186,773,364,302,208,14,1
WORKMHA01,1993,Haywoode,Workman,IND,N,65,1714,501,32,172,204,404,85,4,151,152,460,195,116,93,56,18
WORTHJA01,1993,James,Worthy,LAL,N,80,1597,812,48,133,181,154,45,18,97,80,838,340,135,100,111,32
WRIGHLU01,1993,Luther,Wright,UTA,N,15,92,19,6,4,10,0,1,2,6,21,23,8,4,3,1,0
ABDELAL01,1994,Alaa,Abdelnaby,SAC,N,51,476,254,34,72,106,13,15,12,45,102,220,117,35,20,2,0
ABDELAL01,1994,Alaa,Abdelnaby,TOT,N,54,506,256,37,77,114,13,15,12,45,104,231,118,35,20,2,0
ABDELAL01,1994,Alaa,Abdelnaby,PHI,N,3,30,2,3,5,8,0,0,0,0,2,11,1,0,0,0,0
ABDULMA01,1994,Mahmo,Abdul-rauf,DEN,N,73,2082,1165,32,105,137,263,77,9,119,127,1005,472,156,138,215,83
ADAMSMI01,1994,Michael,Adams,CHA,N,29,443,188,6,23,29,95,23,1,26,41,148,67,30,25,81,29
ADDISRA01,1994,Rafael,Addison,DET,N,79,1776,656,67,172,239,109,53,25,76,236,586,279,99,74,83,24
AINGEDA01,1994,Danny,Ainge,PHO,N,74,1374,571,25,84,109,210,46,7,79,155,422,194,130,105,214,78
ALEXAVI01,1994,Victor,Alexander,GSW,N,50,1237,502,87,204,291,60,28,29,76,145,447,230,61,36,25,6
ALSTODE01,1994,Derrick,Alston,PHI,N,64,1033,299,98,121,219,33,39,35,53,107,258,120,120,59,4,0
ANDERCA01,1994,Cadillac,Anderson,ATL,N,51,622,148,62,126,188,17,23,32,32,103,104,57,71,34,0,0
ANDERKE02,1994,Kenny,Anderson,NJN,N,72,2689,1267,73,177,250,680,103,14,225,184,1031,411,414,348,294,97
ANDERNI01,1994,Nick,Anderson,ORL,N,76,2588,1200,85,250,335,314,125,22,141,124,923,439,203,143,431,179
ANDERWI01,1994,Willie,Anderson,SAS,N,38,556,185,15,40,55,52,26,10,38,71,162,76,41,30,19,3
ANTHOGR01,1994,Greg,Anthony,NYK,N,61,943,372,7,57,64,160,50,7,57,99,293,128,76,60,155,56
ARMSTBJ01,1994,B.j.,Armstrong,CHI,N,82,2577,1150,25,161,186,244,84,8,103,159,894,418,233,206,252,108
ARMSTDA01,1994,Darrell,Armstrong,ORL,N,3,8,10,1,0,1,3,1,0,1,3,8,3,2,2,6,2
ASKEWVI01,1994,Vincent,Askew,SEA,N,71,1721,703,65,116,181,176,49,13,85,191,504,248,238,176,94,31
ASKINKE01,1994,Keith,Askins,MIA,N,50,854,229,86,112,198,39,35,17,25,109,207,81,57,46,78,21
AUGMOST01,1994,Stacey,Augmon,ATL,N,76,2362,1053,157,211,368,197,100,47,152,163,876,397,346,252,26,7
AVENTAN01,1994,Anthony,Avent,ORL,N,71,1066,258,97,196,293,41,28,50,53,170,244,105,75,48,0,0
BAKERVI01,1994,Vin,Baker,MIL,N,82,3361,1451,289,557,846,296,86,116,221,277,1229,594,432,256,24,7
BARKLCH01,1994,Charles,Barkley,PHO,N,68,2382,1561,203,553,756,276,110,45,150,201,1141,554,507,379,219,74
BARRODA01,1994,Dana,Barros,PHI,N,82,3318,1686,27,247,274,619,149,4,242,159,1174,571,386,347,425,197
BARRYJO01,1994,Jon,Barry,MIL,N,52,602,191,15,34,49,85,30,4,41,54,134,57,80,61,48,16
BATTLJO01,1994,John,Battle,CLE,N,28,280,116,3,8,11,37,8,1,17,28,114,43,26,19,31,11
BAZARSE01,1994,Sergei,Bazarevich,ATL,N,10,74,30,1,6,7,14,1,1,7,10,22,11,9,7,6,1
BENJABE01,1994,Benoit,Benjamin,NJN,N,61,1598,675,94,346,440,38,23,64,125,151,531,271,175,133,0,0
BENNEEL01,1994,Elmer,Bennett,CLE,N,4,18,15,0,1,1,3,4,0,3,3,11,6,4,3,2,0
BENNETO01,1994,Tony,Bennett,CHA,N,3,46,14,0,2,2,4,0,0,3,6,13,6,0,0,9,2
BENOIDA01,1994,David,Benoit,UTA,N,71,1841,740,96,273,369,58,45,47,75,183,587,285,157,132,115,38
BLACKJA01,1994,James,Blackwell,CHA,N,4,19,4,0,3,3,5,1,0,2,1,3,2,0,0,0,0
BLACKJA01,1994,James,Blackwell,TOT,N,13,80,18,2,9,11,11,4,0,5,8,13,8,3,2,0,0
BLACKJA01,1994,James,Blackwell,BOS,N,9,61,14,2,6,8,6,3,0,3,7,10,6,3,2,0,0
BLAYLMO01,1994,Mookie,Blaylock,ATL,N,80,3069,1373,117,276,393,616,200,26,242,164,1198,509,214,156,555,199
BLOUNCO01,1994,Corie,Blount,CHI,N,68,889,238,107,133,240,60,26,32,59,146,210,100,67,38,2,0
BOGUEMU01,1994,Muggsy,Bogues,CHA,N,78,2624,862,51,206,257,675,103,0,132,151,730,348,180,160,30,6
BOLMA01,1994,Manute,Bol,GSW,N,5,81,15,1,11,12,0,0,9,1,10,10,6,0,0,5,3
BONDWA01,1994,Walter,Bond,UTA,N,18,239,97,7,20,27,17,5,4,14,37,72,36,16,11,37,14
BONDWA01,1994,Walter,Bond,TOT,N,23,290,107,8,24,32,24,6,4,17,47,84,39,20,14,41,15
BONDWA01,1994,Walter,Bond,DET,N,5,51,10,1,4,5,7,1,0,3,10,12,3,4,3,4,1
BONNEAN01,1994,Anthony,Bonner,NYK,N,58,1126,221,113,149,262,80,48,23,79,159,193,88,67,44,5,1
BOWIEAN01,1994,Anthony,Bowie,ORL,N,77,1261,427,54,85,139,159,47,21,86,138,369,177,74,61,40,12
BOWIESA01,1994,Sam,Bowie,LAL,N,67,1225,306,72,216,288,118,21,80,91,182,267,118,89,68,11,2
BRADLSH01,1994,Shawn,Bradley,PHI,N,82,2365,778,243,416,659,53,54,274,142,338,693,315,232,148,3,0
BRANDTE01,1994,Terrell,Brandon,CLE,N,67,1961,889,35,151,186,363,107,14,144,118,752,341,186,159,121,48
BREAUTI01,1994,Tim,Breaux,HOU,N,42,340,128,16,18,34,15,11,4,16,25,121,45,49,32,25,6
BROOKSC01,1994,Scott,Brooks,TOT,N,59,808,341,14,52,66,116,34,4,47,56,275,126,79,64,69,25
BROOKSC01,1994,Scott,Brooks,HOU,N,28,186,96,1,12,13,22,8,1,14,14,65,35,21,18,17,8
BROOKSC01,1994,Scott,Brooks,DAL,N,31,622,245,13,40,53,94,26,3,33,42,210,91,58,46,52,17
BROWNCH01,1994,Chucky,Brown,HOU,N,40,800,246,64,124,188,30,11,12,29,102,173,104,61,37,3,1
BROWNDE01,1994,Dee,Brown,BOS,N,79,2792,1236,63,186,249,301,110,49,146,181,977,437,277,236,327,126
BROWNMI01,1994,Mike,Brown,MIN,N,27,213,35,9,36,45,10,7,0,16,35,40,10,27,15,1,0
BROWNPJ01,1994,P.j.,Brown,NJN,N,80,2466,651,178,309,487,135,69,135,80,262,570,254,207,139,24,4
BROWNRA01,1994,Randy,Brown,SAC,N,67,1086,317,24,84,108,133,99,19,78,153,287,124,82,55,47,14
BRYANMA01,1994,Mark,Bryant,POR,N,49,658,244,55,106,161,28,19,16,39,109,192,101,63,41,2,1
BUECHJU01,1994,Jud,Buechler,CHI,N,57,605,217,36,62,98,50,24,12,30,64,183,90,39,22,48,15
BURRESC01,1994,Scott,Burrell,CHA,N,65,2014,750,96,272,368,161,75,40,85,187,593,277,144,100,235,96
BURTOWI01,1994,Willie,Burton,PHI,N,53,1564,812,49,115,164,96,32,19,122,167,606,243,267,220,275,106
BUTLEMI01,1994,Mitchell,Butler,WA1,N,76,1554,597,43,127,170,91,61,10,106,155,508,214,185,123,141,46
CAGEMI01,1994,Michael,Cage,CLE,N,82,2040,407,203,361,564,56,61,67,56,149,340,177,88,53,2,0
CALDWAD01,1994,Adrian,Caldwell,HOU,N,7,30,5,1,9,10,0,1,0,1,6,4,1,6,3,0,0
CAMPBEL01,1994,Elden,Campbell,LAL,N,73,2076,913,168,277,445,92,69,132,98,246,785,360,290,193,1,0
CAMPBTO01,1994,Tony,Campbell,CLE,N,78,1128,469,60,93,153,69,32,8,65,122,392,161,159,132,44,15
CARRAN01,1994,Antoine,Carr,UTA,N,78,1677,746,81,184,265,67,24,68,87,253,546,290,201,165,4,1
CARTWBI01,1994,Bill,Cartwright,SEA,N,29,430,69,25,62,87,10,6,3,18,70,69,27,24,15,0,0
CASSESA01,1994,Sam,Cassell,HOU,N,82,1882,783,38,173,211,405,94,14,167,209,594,253,254,214,191,63
CAUSWDU01,1994,Duane,Causwell,SAC,N,58,820,209,57,117,174,15,14,80,33,146,147,76,98,57,1,0
CEBALCE01,1994,Cedric,Ceballos,LAL,N,58,2029,1261,169,295,464,105,60,18,143,131,977,497,292,209,146,58
CHAMBTO01,1994,Tom,Chambers,UTA,N,81,1240,503,66,147,213,73,25,30,52,173,427,195,135,109,24,4
CHAPMRE01,1994,Rex,Chapman,WA1,N,45,1458,731,23,90,113,128,67,15,62,85,639,254,159,137,274,86
CHEANCA01,1994,Calbert,Cheaney,WA1,N,78,2659,1293,105,216,321,177,80,20,151,214,1129,512,213,173,283,96
CHILCPE01,1994,Pete,Chilcutt,HOU,N,68,1347,358,106,209,315,66,25,43,61,117,328,146,42,31,86,35
CHILDCH01,1994,Chris,Childs,NJN,N,53,1021,308,14,55,69,219,42,3,76,116,279,106,73,55,125,41
CHRISDO01,1994,Doug,Christie,NYK,N,12,79,15,3,10,13,8,2,1,13,18,22,5,5,4,7,1
COLEMDE01,1994,Derrick,Coleman,NJN,N,56,2103,1146,167,424,591,187,35,94,172,162,873,371,490,376,120,28
COLESBI01,1994,Bimbo,Coles,MIA,N,68,2207,679,46,145,191,416,98,13,156,185,607,261,174,141,76,16
COLTEST01,1994,Steve,Colter,CLE,N,57,752,196,13,46,59,101,30,6,36,53,169,67,71,54,35,8
CONLOMA01,1994,Marty,Conlon,MIL,N,82,2064,815,160,266,426,110,42,18,123,218,647,344,194,119,29,8
CONNELE01,1994,Lester,Conner,LAL,N,2,5,2,0,0,0,0,1,0,0,3,0,0,2,2,0,0
CORBITY01,1994,Tyrone,Corbin,ATL,N,81,1389,502,98,164,262,67,55,16,74,161,464,205,114,78,56,14
CROTTJO01,1994,John,Crotty,UTA,N,80,1019,295,27,70,97,205,39,6,70,105,231,93,121,98,36,11
CROWDCO01,1994,Corey,Crowder,SAS,N,7,29,6,1,2,3,1,1,0,2,1,10,2,6,2,4,0
CUMMITE01,1994,Terry,Cummings,SAS,N,76,1273,520,138,240,378,59,36,19,95,188,464,224,123,72,0,0
CURLEBI01,1994,Bill,Curley,DET,N,53,595,143,54,70,124,25,21,21,25,128,134,58,36,27,0,0
CURRYDE01,1994,Dell,Curry,CHA,N,69,1718,935,41,127,168,113,55,18,98,144,778,343,111,95,361,154
DANIELL01,1994,Lloyd,Daniels,PHI,N,5,63,23,2,5,7,4,2,0,8,8,27,9,2,2,14,3
DANIELL01,1994,Lloyd,Daniels,LAL,N,25,541,185,27,29,56,36,20,10,23,40,182,71,25,20,86,23
DANIELL01,1994,Lloyd,Daniels,TOT,N,30,604,208,29,34,63,40,22,10,31,48,209,80,27,22,100,26
DAREYI01,1994,Yinka,Dare,NJN,N,1,3,0,0,1,1,0,0,0,1,2,1,0,0,0,0,0
DAVISAN01,1994,Antonio,Davis,IND,N,44,1030,335,105,175,280,25,19,29,64,134,245,109,174,117,0,0
DAVISDA01,1994,Dale,Davis,IND,N,74,2346,786,259,437,696,58,72,116,124,222,576,324,259,138,1,0
DAVISHU01,1994,Hubert,Davis,NYK,N,82,1697,820,30,80,110,150,35,11,87,146,617,296,120,97,288,131
DAVISTE01,1994,Terry,Davis,DAL,N,46,580,140,63,93,156,10,6,3,30,76,113,49,66,42,2,0
DAWKIJO01,1994,Johnny,Dawkins,DET,N,50,1170,325,28,85,113,205,52,1,86,74,270,125,55,50,73,25
DAWSOTO01,1994,Tony,Dawson,BOS,N,2,13,8,0,3,3,1,0,0,2,4,8,3,1,1,3,1
DAYTO01,1994,Todd,Day,MIL,N,82,2717,1310,95,227,322,134,104,63,157,283,1049,445,341,257,418,163
DEHERTE01,1994,Terry,Dehere,LAC,N,80,1773,835,35,117,152,225,45,7,157,199,685,279,292,229,163,48
DELEBI01,1994,Bison,Dele,DEN,N,63,1261,498,98,200,298,53,38,43,114,210,333,196,162,106,0,0
DELNEVI01,1994,Vinny,Delnegro,SAS,N,75,2360,938,28,164,192,226,61,14,56,179,766,372,162,128,162,66
DIVACVL01,1994,Vlade,Divac,LAL,N,80,2797,1277,261,568,829,329,109,174,205,305,957,485,382,297,53,10
DONALJA01,1994,James,Donaldson,UTA,N,43,613,110,19,88,107,14,6,28,22,66,74,44,31,22,0,0
DOUGLSH01,1994,Sherman,Douglas,BOS,N,65,2048,954,48,122,170,446,80,2,161,152,769,365,296,204,82,20
DREILGR01,1994,Greg,Dreiling,CLE,N,58,483,110,32,84,116,22,6,22,25,108,102,42,41,26,0,0
DREXLCL01,1994,Clyde,Drexler,HOU,N,35,1300,749,68,178,246,154,62,23,89,89,526,266,194,157,168,60
DREXLCL01,1994,Clyde,Drexler,POR,N,41,1428,904,84,150,234,208,74,22,97,117,712,305,248,207,240,87
DREXLCL01,1994,Clyde,Drexler,TOT,N,76,2728,1653,152,328,480,362,136,45,186,206,1238,571,442,364,408,147
DUCKWKE01,1994,Kevin,Duckworth,WA1,N,40,818,283,65,130,195,20,21,24,59,110,267,118,70,45,10,2
DUDLECH02,1994,Chris,Dudley,POR,N,82,2245,447,325,439,764,34,43,126,81,286,446,181,184,85,1,0
DUMARJO01,1994,Joe,Dumars,DET,N,67,2544,1214,47,111,158,368,72,7,219,153,970,417,344,277,338,103
DUMASRI01,1994,Richard,Dumas,PHO,N,15,167,82,18,11,29,7,10,2,9,20,73,37,16,8,1,0
DUMASTO01,1994,Tony,Dumas,DAL,N,58,613,264,32,30,62,57,13,4,50,78,250,96,77,50,73,22
DURHAPA01,1994,Pat,Durham,MIN,N,59,855,302,37,57,94,53,36,32,45,114,237,117,96,63,26,5
EACKLLE01,1994,Ledell,Eackles,MIA,N,54,895,395,33,62,95,72,19,2,53,89,325,143,126,91,42,18
EARLAC01,1994,Acie,Earl,BOS,N,30,208,66,19,26,45,2,6,8,14,39,68,26,29,14,0,0
EDWARBL01,1994,Blue,Edwards,BOS,N,31,507,220,25,40,65,47,19,10,39,64,195,83,48,43,43,11
EDWARBL01,1994,Blue,Edwards,TOT,N,67,1112,459,50,80,130,77,43,16,81,143,393,181,90,75,75,22
EDWARBL01,1994,Blue,Edwards,UTA,N,36,605,239,25,40,65,30,24,6,42,79,198,98,42,32,32,11
EDWARDO01,1994,Doug,Edwards,ATL,N,38,212,67,19,29,48,13,5,4,22,30,48,22,32,23,1,0
EDWARJA01,1994,James,Edwards,POR,N,28,266,75,10,33,43,8,5,8,14,44,83,32,17,11,0,0
EDWARKE01,1994,Kevin,Edwards,NJN,N,14,466,196,10,27,37,27,19,5,35,42,154,69,42,40,45,18
EHLOCR01,1994,Craig,Ehlo,ATL,N,49,1166,477,55,92,147,113,46,6,73,86,422,191,71,44,134,51
EISLEHO01,1994,Howard,Eisley,SAS,N,15,56,7,2,4,6,18,0,1,8,3,17,3,0,0,5,1
EISLEHO01,1994,Howard,Eisley,MIN,N,34,496,113,10,32,42,77,18,5,42,78,105,37,40,31,32,8
EISLEHO01,1994,Howard,Eisley,TOT,N,49,552,120,12,36,48,95,18,6,50,81,122,40,40,31,37,9
ELIEMA01,1994,Mario,Elie,HOU,N,81,1896,712,50,146,196,189,65,12,104,158,488,244,171,144,201,80
ELLIOSE01,1994,Sean,Elliott,SAS,N,81,2858,1466,63,224,287,206,78,38,151,216,1072,502,404,326,333,136
ELLISDA01,1994,Dale,Ellis,DEN,N,81,1996,918,56,166,222,57,37,9,81,142,774,351,127,110,264,106
ELLISHA01,1994,Harold,Ellis,LAC,N,69,656,252,56,32,88,40,67,12,49,102,189,91,117,69,13,1
ELLISLA01,1994,Laphonso,Ellis,DEN,N,6,58,24,7,10,17,4,1,5,5,12,25,9,6,6,0,0
ELLISPE01,1994,Pervis,Ellison,BOS,N,55,1083,375,124,185,309,34,22,54,76,179,300,152,99,71,2,0
ENGLIJO01,1994,Jojo,English,CHI,N,8,127,43,1,2,3,7,7,1,6,19,39,15,13,10,12,3
EWINGPA01,1994,Patrick,Ewing,NYK,N,79,2920,1886,157,710,867,212,68,159,256,272,1452,730,560,420,21,6
FERREDU01,1994,Duane,Ferrell,IND,N,56,602,231,50,38,88,31,26,6,43,79,173,83,85,64,6,1
FERRYDA01,1994,Danny,Ferry,CLE,N,82,1290,614,30,113,143,96,27,22,59,131,500,223,84,74,231,94
FISHMA01,1994,Matt,Fish,LAC,N,26,374,123,32,52,84,17,16,7,28,70,103,49,37,25,1,0
FLEMIVE01,1994,Vern,Fleming,IND,N,55,686,251,20,71,91,109,27,1,43,80,188,93,90,65,7,0
FLOYDSL01,1994,Sleepy,Floyd,NJN,N,48,831,197,8,46,54,126,13,6,51,73,212,71,43,30,88,25
FORDAL01,1994,Alphonso,Ford,PHI,N,5,98,19,8,12,20,9,1,0,8,5,39,9,2,1,9,0
FOSTEGR01,1994,Greg,Foster,CHI,N,17,299,104,18,36,54,16,2,8,17,54,86,41,31,22,0,0
FOSTEGR01,1994,Greg,Foster,TOT,N,78,1144,385,85,174,259,39,15,28,71,183,318,150,111,78,23,7
FOSTEGR01,1994,Greg,Foster,MIN,N,61,845,281,67,138,205,23,13,20,54,129,232,109,80,56,23,7
FOXRI01,1994,Rick,Fox,BOS,N,53,1039,464,61,94,155,139,52,19,78,154,351,169,123,95,75,31
GAINECO01,1994,Corey,Gaines,PHI,N,11,279,55,1,17,18,33,8,0,14,23,51,24,11,5,15,2
GAMBLKE01,1994,Kevin,Gamble,MIA,N,77,1223,566,29,93,122,119,52,10,49,130,450,220,111,87,98,39
GARLAWI01,1994,Winston,Garland,MIN,N,73,1928,448,48,120,168,318,71,13,105,184,410,170,112,89,75,19
GATLICH01,1994,Chris,Gatling,GSW,N,58,1470,796,144,299,443,51,39,52,117,184,512,324,250,148,1,0
GATTIKE01,1994,Kenny,Gattison,CHA,N,21,412,125,21,54,75,17,7,15,22,64,100,47,51,31,1,0
GEIGEMA01,1994,Matt,Geiger,MIA,N,74,1712,617,146,267,413,55,41,51,113,243,484,260,143,93,10,4
GEORGTA01,1994,Tate,George,MIL,N,3,8,4,1,0,1,0,0,0,2,1,3,1,2,2,1,0
GILLIAR01,1994,Armen,Gilliam,NJN,N,82,2472,1212,192,421,613,99,67,89,152,171,907,455,392,302,2,0
GILLKE01,1994,Kendall,Gill,SEA,N,73,2125,1002,99,191,290,192,117,28,138,185,858,392,209,155,171,63
GRAHAGR01,1994,Greg,Graham,PHI,N,50,775,251,19,43,62,66,29,6,48,76,223,95,73,55,28,6
GRANDRO01,1994,Ron,Grandison,NYK,N,2,8,2,3,2,5,2,0,0,0,2,4,1,0,0,0,0
GRANTBR01,1994,Brian,Grant,SAC,N,80,2289,1058,207,391,598,99,49,116,163,276,809,413,363,231,4,1
GRANTGA01,1994,Gary,Grant,LAC,N,33,470,205,8,27,35,93,29,3,44,66,166,78,55,45,16,4
GRANTGR01,1994,Greg,Grant,DEN,N,14,151,31,2,7,9,43,6,2,14,20,33,10,12,9,7,2
GRANTHA01,1994,Harvey,Grant,POR,N,75,1771,683,103,180,283,82,56,52,62,163,621,286,146,103,26,8
GRANTHO01,1994,Horace,Grant,ORL,N,74,2693,948,223,492,715,173,76,88,85,203,707,401,211,146,8,0
GRAYEJE01,1994,Jeff,Grayer,PHI,N,47,1098,389,58,91,149,74,27,4,56,80,381,163,83,58,15,5
GREENAC01,1994,A.c.,Green,PHO,N,82,2687,916,194,475,669,127,55,31,114,146,617,311,343,251,127,43
GUGLITO01,1994,Tom,Gugliotta,WA1,N,6,226,96,16,37,53,18,21,11,15,19,83,33,33,26,8,4
GUGLITO01,1994,Tom,Gugliotta,MIN,N,31,1018,445,49,173,222,139,61,28,81,86,357,162,122,93,88,28
GUGLITO01,1994,Tom,Gugliotta,GSW,N,40,1324,435,100,197,297,122,50,23,93,98,397,176,97,55,90,28
GUGLITO01,1994,Tom,Gugliotta,TOT,N,77,2568,976,165,407,572,279,132,62,189,203,837,371,252,174,186,60
GUIBEAN01,1994,Andres,Guibert,MIN,N,17,167,45,16,29,45,10,8,1,12,29,47,16,19,13,4,0
HALEYJA01,1994,Jack,Haley,SAS,N,31,117,73,8,19,27,2,3,5,13,31,61,26,32,21,1,0
HAMMIGE01,1994,Geert,Hammink,ORL,N,1,7,4,0,2,2,1,0,0,0,1,3,1,2,2,0,0
HAMMOTO01,1994,Tom,Hammonds,DEN,N,70,956,410,55,167,222,36,11,14,56,133,260,139,177,132,1,0
HANCODA01,1994,Darrin,Hancock,CHA,N,46,427,153,14,39,53,30,19,4,30,48,121,68,39,16,3,1
HARDAAN01,1994,Anfernee,Hardaway,ORL,N,77,2901,1613,139,197,336,551,130,26,258,158,1142,585,463,356,249,87
HARDATI01,1994,Tim,Hardaway,GSW,N,62,2321,1247,46,144,190,578,88,12,214,155,1007,430,288,219,444,168
HARMOJE01,1994,Jerome,Harmon,PHI,N,10,158,46,9,14,23,12,9,0,7,12,53,21,6,3,1,1
HARPEDE01,1994,Derek,Harper,NYK,N,80,2716,919,31,163,194,458,79,10,151,219,756,337,192,139,292,106
HARPERO01,1994,Ron,Harper,CHI,N,77,1536,530,51,129,180,157,97,27,100,132,491,209,131,81,110,31
HARRILU01,1994,Lucious,Harris,DAL,N,79,1695,751,85,135,220,132,58,14,77,105,610,280,170,136,142,55
HARRITO01,1994,Tony,Harris,BOS,N,3,18,14,0,0,0,0,0,0,1,2,8,3,9,8,1,0
HARVEAN01,1994,Antonio,Harvey,LAL,N,59,572,179,39,63,102,23,16,41,24,87,176,77,45,24,1,1
HAWKIHE01,1994,Hersey,Hawkins,CHA,N,82,2735,1172,60,254,314,262,122,18,150,178,809,390,301,261,298,131
HENSOST01,1994,Steve,Henson,POR,N,37,380,119,3,23,26,85,9,0,30,52,86,37,25,22,52,23
HERRECA01,1994,Carl,Herrera,HOU,N,61,1331,415,98,180,278,44,40,37,71,136,327,171,117,73,2,0
HIGGIRO01,1994,Rod,Higgins,GSW,N,5,46,10,4,3,7,3,1,1,1,7,12,3,4,3,6,1
HIGGISE01,1994,Sean,Higgins,NJN,N,57,735,268,25,52,77,29,10,9,35,93,273,105,40,35,78,23
HILLGR01,1994,Grant,Hill,DET,N,70,2678,1394,125,320,445,353,124,62,202,203,1064,508,511,374,27,4
HILLTY01,1994,Tyrone,Hill,CLE,N,70,2397,963,269,496,765,55,55,41,151,246,694,350,397,263,1,0
HODGEDO01,1994,Donald,Hodge,DAL,N,54,633,209,40,82,122,41,10,14,39,107,204,83,51,39,14,4
HORNAJE01,1994,Jeff,Hornacek,UTA,N,81,2696,1337,53,157,210,347,129,17,145,181,937,482,322,284,219,89
HORRYRO01,1994,Robert,Horry,HOU,N,64,2074,652,81,243,324,216,94,75,122,161,537,240,113,86,227,86
HOUSTAL01,1994,Allan,Houston,DET,N,76,1996,1101,29,138,167,164,61,14,113,182,859,398,171,147,373,158
HOUSTBY01,1994,Byron,Houston,SEA,N,39,258,132,20,35,55,6,13,5,20,50,107,49,38,28,22,6
HOVASTO01,1994,Tom,Hovasse,ATL,N,2,4,0,0,0,0,1,0,0,0,0,1,0,0,0,1,0
HOWARJU01,1994,Juwan,Howard,WA1,N,65,2356,1104,184,361,545,165,52,15,166,236,931,455,292,194,7,0
HUMPHJA01,1994,Jay,Humphries,BOS,N,6,52,10,2,1,3,10,2,0,5,10,9,4,4,2,1,0
HUMPHJA01,1994,Jay,Humphries,TOT,N,18,201,20,4,9,13,19,9,0,17,35,34,8,4,2,4,2
HUMPHJA01,1994,Jay,Humphries,UTA,N,12,149,10,2,8,10,9,7,0,12,25,25,4,0,0,3,2
HUNTELI01,1994,Lindsey,Hunter,DET,N,42,944,314,24,51,75,159,51,7,79,94,318,119,55,40,108,36
HURLEBO01,1994,Bobby,Hurley,SAC,N,68,1105,285,14,56,70,226,29,0,110,79,284,103,76,58,76,21
JACKSJA01,1994,Jaren,Jackson,PHI,N,21,257,70,18,24,42,19,9,5,17,33,68,25,24,16,15,4
JACKSJI01,1994,Jim,Jackson,DAL,N,51,1982,1309,120,140,260,191,28,12,160,92,1026,484,380,306,110,35
JACKSMA01,1994,Mark,Jackson,IND,N,82,2402,624,73,233,306,616,105,16,210,148,566,239,153,119,87,27
JENNIKE01,1994,Keith,Jennings,GSW,N,80,1722,589,26,122,148,373,95,3,120,133,425,190,153,134,204,75
JOHNSAV01,1994,Avery,Johnson,SAS,N,82,3011,1101,49,159,208,670,114,13,207,154,863,448,295,202,22,3
JOHNSER01,1994,Ervin,Johnson,SEA,N,64,907,199,101,188,289,16,17,67,54,161,192,85,46,29,1,0
JOHNSKE01,1994,Kevin,Johnson,PHO,N,47,1352,730,32,83,115,360,47,18,105,88,523,246,289,234,26,4
JOHNSLA01,1994,Larry,Johnson,CHA,N,81,3226,1525,190,395,585,369,78,28,207,174,1219,585,354,274,210,81
JONESAS01,1994,Askia,Jones,MIN,N,11,139,45,6,5,11,16,6,0,9,19,44,15,16,13,12,2
JONESCH01,1994,Charles,Jones,HOU,N,3,36,3,2,5,7,0,0,1,0,8,3,1,2,1,0,0
JONESED01,1994,Eddie,Jones,LAL,N,64,1981,897,79,170,249,128,131,41,75,175,744,342,169,122,246,91
JONESPO01,1994,Popeye,Jones,DAL,N,80,2385,825,329,515,844,163,35,27,124,267,839,372,124,80,12,1
JORDAMI01,1994,Michael,Jordan,CHI,N,17,668,457,25,92,117,90,30,13,35,47,404,166,136,109,32,16
KEEFEAD01,1994,Adam,Keefe,UTA,N,75,1270,461,135,192,327,30,36,25,62,141,298,172,173,117,0,0
KEMPSH01,1994,Shawn,Kemp,SEA,N,82,2679,1530,318,575,893,149,102,122,259,337,997,545,585,438,7,2
KERRST01,1994,Steve,Kerr,CHI,N,82,1839,674,20,99,119,151,44,3,48,114,495,261,81,63,170,89
KERSEJE01,1994,Jerome,Kersey,POR,N,63,1143,508,93,163,256,82,52,35,64,173,489,203,124,95,27,7
KEYSRA01,1994,Randolph,Keys,LAL,N,6,83,20,6,11,17,2,1,2,2,16,26,9,2,2,9,0
KIDDJA01,1994,Jason,Kidd,DAL,N,79,2668,922,152,278,430,607,151,24,250,146,858,330,275,192,257,70
KINGRI01,1994,Rich,King,SEA,N,2,6,0,0,0,0,0,0,0,0,0,2,0,2,0,0,0
KINGST01,1994,Stacey,King,MIN,N,50,792,266,54,111,165,26,24,20,64,126,212,99,102,68,1,0
KITEGR01,1994,Greg,Kite,NYK,N,2,16,0,2,2,4,0,0,0,1,2,3,0,0,0,0,0
KITEGR01,1994,Greg,Kite,IND,N,9,61,8,10,8,18,1,0,0,5,13,14,3,10,2,0,0
KITEGR01,1994,Greg,Kite,TOT,N,11,77,8,12,10,22,1,0,0,6,15,17,3,10,2,0,0
KLEINJO01,1994,Joe,Kleine,PHO,N,75,968,280,82,177,259,39,14,18,35,174,265,119,49,42,2,0
KNIGHNE01,1994,Negele,Knight,POR,N,3,43,18,1,2,3,11,1,0,4,5,15,7,4,4,0,0
KNIGHNE01,1994,Negele,Knight,TOT,N,47,708,199,21,40,61,127,21,5,49,70,214,85,25,18,28,11
KNIGHNE01,1994,Negele,Knight,DET,N,44,665,181,20,38,58,116,20,5,45,65,199,78,21,14,28,11
KONCAJO01,1994,Jon,Koncak,ATL,N,62,943,179,23,161,184,52,36,45,20,137,187,77,24,13,36,12
KRYSTLA01,1994,Larry,Krystkowiak,CHI,N,20,288,83,19,40,59,26,9,2,25,34,72,28,30,27,0,0
KUKOCTO01,1994,Toni,Kukoc,CHI,N,81,2584,1271,155,285,440,372,102,16,165,163,967,487,314,235,198,62
LAETTCH01,1994,Christian,Laettner,MIN,N,81,2770,1322,164,449,613,234,101,87,225,302,920,450,500,409,40,13
LANGAN01,1994,Andrew,Lang,ATL,N,82,2340,794,154,309,463,72,45,144,108,271,677,320,188,152,3,2
LANGAN02,1994,Antonio,Lang,PHO,N,12,53,11,3,1,4,1,0,2,5,11,10,4,4,3,0,0
LECKNER01,1994,Eric,Leckner,DET,N,57,623,225,47,127,174,14,15,15,39,122,165,87,72,51,2,0
LEEDO01,1994,Doug,Lee,SAC,N,22,75,43,0,5,5,5,6,3,5,18,25,9,21,18,18,7
LEGLETI01,1994,Tim,Legler,GSW,N,24,371,176,12,28,40,27,12,1,20,33,115,60,34,30,50,26
LESJI01,1994,Jim,Les,ATL,N,24,188,50,6,20,26,44,4,0,21,28,38,11,27,23,23,5
LEVINCL01,1994,Cliff,Levingston,DEN,N,57,469,129,49,75,124,27,13,19,21,91,130,55,45,19,1,0
LISTEAL01,1994,Alton,Lister,MIL,N,60,776,167,67,169,236,12,16,57,38,146,134,66,70,35,1,0
LOHAUBR01,1994,Brad,Lohaus,MIA,N,61,730,267,28,74,102,43,20,25,29,85,230,97,15,10,154,63
LONGGR01,1994,Grant,Long,MIA,N,2,62,16,1,10,11,4,2,0,4,11,12,5,10,6,0,0
LONGGR01,1994,Grant,Long,ATL,N,79,2579,923,190,405,595,127,107,34,151,232,704,337,315,238,31,11
LONGGR01,1994,Grant,Long,TOT,N,81,2641,939,191,415,606,131,109,34,155,243,716,342,325,244,31,11
LONGLLU01,1994,Luc,Longley,CHI,N,55,1001,358,82,181,263,73,24,45,86,177,302,135,107,88,2,0
LORTHRY01,1994,Ryan,Lorthridge,GSW,N,37,672,272,24,47,71,101,28,1,57,42,223,106,88,57,14,3
LYNCHGE01,1994,George,Lynch,LAL,N,56,952,341,75,109,184,62,51,10,73,86,295,138,86,62,21,3
MACLEDO01,1994,Don,Maclean,WA1,N,39,1053,430,46,119,165,51,15,3,44,97,361,158,136,104,40,10
MACONMA01,1994,Mark,Macon,DET,N,55,721,276,29,47,76,63,67,1,41,97,265,101,68,54,62,20
MADKIGE01,1994,Gerald,Madkins,CLE,N,7,28,8,0,0,0,1,2,0,3,2,6,2,4,3,2,1
MAHORRI01,1994,Rick,Mahorn,NJN,N,58,630,198,45,117,162,26,11,11,34,93,151,79,49,39,3,1
MAJERDA01,1994,Dan,Majerle,PHO,N,82,3091,1281,104,271,375,340,96,38,105,155,1031,438,282,206,548,199
MALONJE01,1994,Jeff,Malone,PHI,N,19,660,350,11,44,55,29,15,0,29,35,284,144,59,51,28,11
MALONKA01,1994,Karl,Malone,UTA,N,82,3126,2187,156,714,870,285,129,85,236,269,1548,830,695,516,41,11
MALONMO01,1994,Moses,Malone,SAS,N,17,149,49,20,26,46,6,2,2,11,15,35,13,32,22,2,1
MANNIDA01,1994,Danny,Manning,PHO,N,46,1510,822,97,179,276,154,41,57,121,176,622,340,202,136,21,6
MARCISA01,1994,Sarunas,Marciulionis,SEA,N,66,1194,612,17,51,68,110,72,3,98,126,457,216,198,145,87,35
MARSHDO01,1994,Donyell,Marshall,MIN,N,40,1036,431,64,132,196,57,25,50,58,63,423,158,122,83,106,32
MARSHDO01,1994,Donyell,Marshall,GSW,N,32,1050,475,73,136,209,48,20,38,57,94,453,187,100,64,137,37
MARSHDO01,1994,Donyell,Marshall,TOT,N,72,2086,906,137,268,405,105,45,88,115,157,876,345,222,147,243,69
MARTIBO01,1994,Bob,Martin,LAC,N,1,14,2,2,0,2,1,0,1,0,2,5,1,0,0,0,0
MARTIDA01,1994,Darrick,Martin,MIN,N,34,803,254,14,50,64,133,34,0,62,88,233,95,65,57,38,7
MASHBJA01,1994,Jamal,Mashburn,DAL,N,80,2980,1926,116,215,331,298,82,8,235,190,1566,683,605,447,344,113
MASONAN01,1994,Anthony,Mason,NYK,N,77,2496,765,182,468,650,240,69,21,123,253,507,287,298,191,1,0
MASSETO01,1994,Tony,Massenburg,LAC,N,80,2126,742,160,295,455,67,48,58,118,253,601,282,236,178,3,0
MAXWEVE01,1994,Vernon,Maxwell,HOU,N,64,2038,854,18,146,164,274,75,13,137,157,777,306,144,99,441,143
MAYBELE01,1994,Lee,Mayberry,MIL,N,82,1744,474,21,61,82,276,51,4,106,123,408,172,83,58,177,72
MCCLOGE01,1994,George,Mccloud,DAL,N,42,802,402,82,65,147,53,23,9,40,71,328,144,96,80,89,34
MCDANXA01,1994,Xavier,Mcdaniel,BOS,N,68,1430,587,94,206,300,108,30,19,89,146,546,246,125,89,21,6
MCILVJI01,1994,Jim,Mcilvaine,WA1,N,55,534,96,40,65,105,10,10,57,19,96,71,34,41,28,0,0
MCKEYDE01,1994,Derrick,Mckey,IND,N,81,2810,1075,125,269,394,276,125,49,168,260,833,411,297,221,89,32
MCKIEAA01,1994,Aaron,Mckie,POR,N,45,827,293,35,94,129,89,36,16,39,97,261,116,73,50,28,11
MCMILNA01,1994,Nate,Mcmillan,SEA,N,80,2070,419,65,237,302,421,165,53,126,274,397,166,58,34,155,53
MEEDA01,1994,Darnell,Mee,DEN,N,2,8,3,0,1,1,2,1,0,0,0,5,1,0,0,3,1
MILLEAN01,1994,Anthony,Miller,LAL,N,46,527,189,67,85,152,35,20,7,38,77,132,70,76,47,5,2
MILLEOL01,1994,Oliver,Miller,DET,N,64,1558,545,162,313,475,93,60,116,115,217,418,232,123,78,12,3
MILLERE01,1994,Reggie,Miller,IND,N,81,2663,1588,30,180,210,242,98,16,151,157,1092,505,427,383,470,195
MILLSCH01,1994,Chris,Mills,CLE,N,80,2814,986,99,267,366,154,59,35,120,242,855,359,213,174,240,94
MILLSTE01,1994,Terry,Mills,DET,N,72,2514,1118,124,434,558,160,68,32,144,253,933,417,219,175,286,109
MINERHA01,1994,Harold,Miner,MIA,N,45,871,329,38,79,117,69,15,6,77,85,305,123,95,69,49,14
MINORGR01,1994,Greg,Minor,BOS,N,63,945,377,49,88,137,66,32,16,44,89,301,155,78,65,12,2
MITCHSA01,1994,Sam,Mitchell,IND,N,81,1377,529,95,148,243,61,46,20,54,203,413,201,174,126,10,1
MOBLEER01,1994,Eric,Mobley,MIL,N,46,587,180,55,98,153,21,8,27,24,63,132,78,45,22,2,2
MONTRER01,1994,Eric,Montross,BOS,N,78,2315,781,196,370,566,36,29,61,112,299,575,307,263,167,1,0
MORRICH01,1994,Chris,Morris,NJN,N,71,2131,950,181,221,402,147,86,51,117,155,856,351,195,142,317,106
MORTODW01,1994,Dwayne,Morton,GSW,N,41,395,167,21,37,58,18,11,15,27,45,129,50,85,58,25,9
MOURNAL01,1994,Alonzo,Mourning,CHA,N,77,2937,1643,200,561,761,111,49,225,241,275,1101,571,644,490,34,11
MULLICH01,1994,Chris,Mullin,GSW,N,25,890,476,25,90,115,125,38,19,93,53,348,170,107,94,93,42
MURDOER01,1994,Eric,Murdock,MIL,N,75,2158,977,48,166,214,482,113,12,194,139,814,338,267,211,240,90
MURESGH01,1994,Gheorghe,Muresan,WA1,N,73,1721,730,179,309,488,38,48,127,115,259,541,303,175,124,0,0
MURRALA01,1994,Lamond,Murray,LAC,N,81,2556,1142,132,223,355,133,72,55,163,180,1093,439,264,199,217,65
MURRATR01,1994,Tracy,Murray,POR,N,29,313,170,18,19,37,14,7,1,20,42,153,63,34,28,41,16
MURRATR01,1994,Tracy,Murray,TOT,N,54,516,258,20,39,59,19,14,4,35,73,233,95,42,33,86,35
MURRATR01,1994,Tracy,Murray,HOU,N,25,203,88,2,20,22,5,7,3,15,31,80,32,8,5,45,19
MUTOMDI01,1994,Dikembe,Mutombo,DEN,N,82,3100,946,319,710,1029,113,40,323,192,284,628,349,379,248,0,0
MYERSPE01,1994,Pete,Myers,CHI,N,71,1270,318,57,82,139,148,58,14,88,125,287,119,114,70,39,10
NEWBIIV01,1994,Ivano,Newbill,DET,N,34,331,40,40,41,81,17,12,11,12,60,45,16,22,8,0,0
NEWMAJO01,1994,Johnny,Newman,MIL,N,82,1896,634,72,101,173,91,69,13,86,234,488,226,171,137,128,45
NORMAKE01,1994,Ken,Norman,ATL,N,74,1879,938,103,255,358,94,34,20,96,154,856,388,140,64,285,98
NWOSUJU01,1994,Julius,Nwosu,SAS,N,23,84,31,11,13,24,3,0,2,9,20,28,9,17,13,0,0
OAKLECH01,1994,Charles,Oakley,NYK,N,50,1567,506,155,290,445,126,60,7,103,179,393,192,150,119,12,3
OLAJUHA01,1994,Hakeem,Olajuwon,HOU,N,72,2853,2005,172,603,775,255,133,242,237,250,1545,798,537,406,16,3
OLIVEBR01,1994,Brian,Oliver,WA1,N,6,42,14,0,4,4,4,0,0,3,8,9,4,8,6,0,0
ONEASH01,1994,Shaquille,O'neal,ORL,N,79,2923,2315,328,573,901,214,73,192,204,258,1594,930,855,455,5,0
OUTLABO01,1994,Bo,Outlaw,LAC,N,81,1654,422,121,192,313,84,90,151,78,227,325,170,186,82,5,0
OVERTDO01,1994,Doug,Overton,WA1,N,82,1704,576,26,117,143,246,53,2,104,126,498,207,125,109,125,53
OWENSBI01,1994,Billy,Owens,MIA,N,70,2299,1002,203,299,502,246,77,30,204,204,819,403,313,194,22,2
PACKRO01,1994,Robert,Pack,DEN,N,42,1144,507,19,94,113,290,61,6,134,101,395,170,175,137,72,30
PARISRO01,1994,Robert,Parish,CHA,N,81,1360,389,93,257,350,44,27,36,66,132,372,159,101,71,0,0
PAYTOGA01,1994,Gary,Payton,SEA,N,82,3015,1689,108,173,281,583,204,13,201,206,1345,685,348,249,232,70
PEELEAN01,1994,Anthony,Peeler,LAL,N,73,1560,756,62,106,168,122,52,13,82,143,659,285,128,102,216,84
PEPLOMI01,1994,Mike,Peplowski,DET,N,6,21,11,1,2,3,1,1,0,2,10,5,5,2,1,0,0
PERDUWI01,1994,Will,Perdue,CHI,N,78,1592,621,211,305,516,90,26,56,116,220,459,254,194,113,1,0
PERKISA01,1994,Sam,Perkins,SEA,N,82,2356,1043,96,297,393,135,72,45,77,186,742,346,269,215,343,136
PERRYEL01,1994,Elliot,Perry,PHO,N,82,1977,795,51,100,151,394,156,4,163,142,588,306,195,158,60,25
PERRYTI01,1994,Tim,Perry,PHI,N,42,446,76,38,51,89,12,10,15,21,51,78,27,40,22,14,0
PERSOCH01,1994,Chuck,Person,SAS,N,81,2033,872,49,209,258,106,45,12,102,198,750,317,102,66,445,172
PERSOWE01,1994,Wesley,Person,PHO,N,78,1800,814,67,134,201,105,48,24,79,149,638,309,101,80,266,116
PHELPDE01,1994,Derrick,Phelps,SAC,N,3,5,0,0,0,0,1,0,0,0,0,1,0,2,0,0,0
PHILLBO01,1994,Bobby,Phills,CLE,N,80,2500,878,90,175,265,180,115,25,113,206,816,338,235,183,55,19
PIATKER01,1994,Eric,Piatkowski,LAC,N,81,1208,566,63,70,133,77,37,15,63,150,456,201,115,90,198,74
PIERCRI01,1994,Ricky,Pierce,GSW,N,27,673,338,12,52,64,40,22,2,24,38,254,111,106,93,70,23
PINCKED01,1994,Ed,Pinckney,MIL,N,62,835,140,65,146,211,21,34,17,26,64,97,48,62,44,0,0
PIPPESC01,1994,Scottie,Pippen,CHI,N,79,3014,1692,175,464,639,409,232,89,271,238,1320,634,440,315,316,109
POLYNOL01,1994,Olden,Polynice,SAC,N,81,2534,877,277,448,725,62,48,52,113,238,691,376,194,124,1,1
PORTETE01,1994,Terry,Porter,POR,N,35,770,312,18,63,81,133,30,2,58,60,267,105,82,58,114,44
PRICEMA01,1994,Mark,Price,CLE,N,48,1375,757,25,87,112,335,35,4,142,50,612,253,162,148,253,103
PRITCKE01,1994,Kevin,Pritchard,TOT,N,19,194,44,0,12,12,34,2,1,12,22,32,13,21,16,8,2
PRITCKE01,1994,Kevin,Pritchard,PHI,N,5,36,1,0,1,1,11,0,0,5,3,3,0,4,1,3,0
PRITCKE01,1994,Kevin,Pritchard,MIA,N,14,158,43,0,11,11,23,2,1,7,19,29,13,17,15,5,2
RADJADI01,1994,Dino,Radja,BOS,N,66,2147,1133,149,424,573,111,60,86,159,232,919,450,307,233,1,0
RAMBIKU01,1994,Kurt,Rambis,LAL,N,26,195,44,10,24,34,16,3,9,8,35,35,18,12,8,0,0
RANDAMA01,1994,Mark,Randall,DEN,N,8,39,6,4,8,12,1,0,0,1,5,10,3,1,0,1,0
RECASEL01,1994,Eldridge,Recasner,DEN,N,3,13,6,0,2,2,1,3,0,2,0,6,1,4,4,1,0
REEVEKH01,1994,Khalid,Reeves,MIA,N,67,1462,619,52,134,186,288,77,10,132,139,465,206,196,140,171,67
REIDJR01,1994,J.r.,Reid,SAS,N,81,1566,563,120,273,393,55,60,32,113,230,396,201,233,160,2,1
RICEGL01,1994,Glen,Rice,MIA,N,82,3014,1831,99,279,378,192,112,14,153,203,1403,667,365,312,451,185
RICHAPO01,1994,Pooh,Richardson,LAC,N,80,2863,874,38,223,261,632,129,12,171,218,897,353,125,81,244,87
RICHMMI01,1994,Mitch,Richmond,SAC,N,82,3172,1867,69,288,357,311,91,29,234,227,1497,668,445,375,425,156
RIDERIS01,1994,Isaiah,Rider,MIN,N,75,2645,1532,90,159,249,245,69,23,232,194,1249,558,339,277,396,139
RILEYER01,1994,Eric,Riley,LAC,N,40,435,177,45,67,112,11,17,35,31,78,145,65,64,47,1,0
RIVERDO01,1994,Doc,Rivers,NYK,N,3,47,19,2,7,9,8,4,0,4,8,13,4,11,8,5,3
RIVERDO01,1994,Doc,Rivers,SAS,N,60,942,302,13,87,100,154,61,21,56,142,289,104,71,52,122,42
RIVERDO01,1994,Doc,Rivers,TOT,N,63,989,321,15,94,109,162,65,21,60,150,302,108,82,60,127,45
ROBERFR01,1994,Fred,Roberts,CLE,N,21,223,80,13,21,34,8,6,3,7,26,72,28,26,20,11,4
ROBINCL02,1994,Clifford,Robinson,POR,N,75,2725,1601,152,271,423,198,79,82,158,240,1320,597,382,265,383,142
ROBINDA01,1994,David,Robinson,SAS,N,81,3074,2238,234,643,877,236,133,262,233,231,1487,788,847,656,20,6
ROBINGL01,1994,Glenn,Robinson,MIL,N,80,2958,1755,169,344,513,197,115,22,313,234,1410,636,499,397,268,86
ROBINJA03,1994,James,Robinson,POR,N,71,1539,651,42,90,132,180,48,13,127,142,624,255,110,65,223,76
RODMADE01,1994,Dennis,Rodman,SAS,N,49,1568,349,274,549,823,97,31,23,98,159,240,137,111,75,2,0
ROGERCA01,1994,Carlos,Rogers,GSW,N,49,1017,438,108,170,278,37,22,52,84,124,340,180,146,76,14,2
ROGERRO01,1994,Rodney,Rogers,DEN,N,80,2142,979,132,253,385,161,95,46,173,281,769,375,275,179,148,50
ROLLITR01,1994,Tree,Rollins,ORL,N,51,478,61,31,64,95,9,7,36,23,63,42,20,31,21,0,0
ROOKSSE01,1994,Sean,Rooks,MIN,N,80,2405,868,165,321,486,97,29,71,142,208,615,289,381,290,5,0
ROSEJA01,1994,Jalen,Rose,DEN,N,81,1798,663,57,160,217,389,65,22,160,206,500,227,234,173,114,36
ROYALDO01,1994,Donald,Royal,ORL,N,70,1841,635,83,196,279,198,45,16,125,156,434,206,299,223,4,0
ROZIECL01,1994,Clifford,Rozier,GSW,N,66,1494,448,200,286,486,45,35,38,89,196,390,189,153,68,7,2
RUFFITR01,1994,Trevor,Ruffin,PHO,N,49,319,233,8,15,23,48,14,2,47,52,197,84,38,27,99,38
RUSSEBR01,1994,Bryon,Russell,UTA,N,63,860,283,44,104,148,34,48,11,42,100,238,104,93,62,44,13
SALLEJO01,1994,John,Salley,MIA,N,75,1955,547,110,226,336,123,47,85,97,279,395,197,207,153,0,0
SCHAYDA01,1994,Danny,Schayes,PHO,N,69,823,303,57,151,208,89,20,37,64,166,248,126,69,50,1,1
SCHEFST01,1994,Steve,Scheffler,SEA,N,18,102,39,8,15,23,4,2,2,3,8,23,12,18,15,0,0
SCHINDU01,1994,Duane,Schintzius,NJN,N,43,318,88,29,52,81,15,3,17,17,45,108,41,11,6,0,0
SCHREDE01,1994,Detlef,Schrempf,SEA,N,82,2886,1572,135,372,507,310,93,35,176,253,997,521,521,437,181,93
SCOTTBY01,1994,Byron,Scott,IND,N,80,1530,802,18,133,151,108,61,13,119,123,583,265,227,193,203,79
SCOTTDE01,1994,Dennis,Scott,ORL,N,62,1499,802,25,121,146,131,45,14,57,119,645,283,114,86,352,150
SEALYMA01,1994,Malik,Sealy,LAC,N,60,1604,778,77,137,214,107,72,25,83,173,669,291,223,174,73,22
SEIKARO01,1994,Rony,Seikaly,GSW,N,36,1035,435,77,189,266,45,20,37,104,122,314,162,160,111,0,0
SHACKCH01,1994,Char,Shackleford,MIN,N,21,239,94,16,51,67,8,8,6,8,47,65,39,20,16,0,0
SHAWBR01,1994,Brian,Shaw,ORL,N,78,1836,502,52,189,241,406,73,17,184,184,494,192,95,70,184,48
SIMMOLI01,1994,Lionel,Simmons,SAC,N,58,1064,327,61,135,196,89,28,23,70,118,312,131,84,59,16,6
SIMPKDI01,1994,Dickey,Simpkins,CHI,N,59,586,206,60,91,151,37,10,7,45,72,184,78,72,50,0,0
SKILESC01,1994,Scott,Skiles,WA1,N,62,2077,805,26,133,159,452,70,6,172,135,583,265,202,179,228,96
SLATERE01,1994,Reggie,Slater,DEN,N,25,236,120,21,36,57,12,7,3,25,47,81,40,55,40,0,0
SMITHCH01,1994,Charles,Smith,NYK,N,76,2150,966,144,180,324,120,49,95,147,286,747,352,322,255,31,7
SMITHCH05,1994,Chris,Smith,MIN,N,64,1073,320,14,59,73,146,32,22,50,119,264,116,63,41,108,47
SMITHDO04,1994,Doug,Smith,DAL,N,63,826,320,43,101,144,44,29,25,37,132,314,131,75,57,12,1
SMITHKE01,1994,Kenny,Smith,HOU,N,81,2030,840,27,128,155,323,71,10,123,109,592,286,148,126,331,142
SMITHMI01,1994,Michael,Smith,SAC,N,82,1736,567,174,312,486,67,61,48,106,235,406,220,262,127,2,0
SMITHMI02,1994,Michael,Smith,LAC,N,29,318,153,13,43,56,20,6,2,18,41,134,63,30,26,8,1
SMITHST01,1994,Steve,Smith,MIA,N,2,62,41,4,2,6,7,2,1,4,9,29,11,22,17,12,2
SMITHST01,1994,Steve,Smith,TOT,N,80,2665,1305,104,172,276,274,62,33,155,225,1005,428,371,312,416,137
SMITHST01,1994,Steve,Smith,ATL,N,78,2603,1264,100,170,270,267,60,32,151,216,976,417,349,295,404,135
SMITHTO01,1994,Tony,Smith,LAL,N,61,1034,340,43,64,107,102,46,7,50,111,309,132,63,44,91,32
SMITSRI01,1994,Rik,Smits,IND,N,78,2381,1400,192,409,601,111,40,78,189,277,1060,558,377,284,2,0
SPENCEL01,1994,Elmore,Spencer,LAC,N,19,368,132,11,54,65,25,14,23,48,62,118,52,50,28,2,0
SPENCFE01,1994,Felton,Spencer,UTA,N,34,905,317,90,170,260,17,12,32,68,131,215,105,135,107,0,0
SPREWLA01,1994,Latrell,Sprewell,GSW,N,69,2771,1420,58,198,256,279,112,45,230,108,1171,490,448,350,326,90
STARKJO01,1994,John,Starks,NYK,N,80,2725,1223,34,185,219,411,92,4,160,257,1062,419,228,168,611,217
STEWALA01,1994,Larry,Stewart,WA1,N,40,346,102,28,39,67,18,16,9,16,52,89,41,30,20,2,0
STITHBR01,1994,Bryant,Stith,DEN,N,81,2329,911,95,173,268,153,91,18,110,142,661,312,324,267,68,20
STOCKJO01,1994,John,Stockton,UTA,N,82,2867,1206,57,194,251,1011,194,22,267,215,791,429,306,246,227,102
STRICMA01,1994,Mark,Strickland,IND,N,4,9,3,2,2,4,0,0,1,1,0,3,1,2,1,0,0
STRICRO01,1994,Rod,Strickland,POR,N,64,2267,1211,73,244,317,562,123,9,209,118,946,441,380,283,123,46
STRONDE01,1994,Derek,Strong,BOS,N,70,1344,441,136,239,375,44,24,12,79,143,329,149,172,141,7,2
SUTTOGR01,1994,Greg,Sutton,CHA,N,53,694,263,8,48,56,91,33,2,51,114,230,94,45,32,115,43
SWINSAA01,1994,Aaron,Swinson,PHO,N,9,51,24,3,5,8,3,1,0,5,8,18,10,5,4,0,0
TABAKZA01,1994,Zan,Tabak,HOU,N,37,182,75,23,34,57,4,2,7,18,37,53,24,44,27,1,0
TARPLRO01,1994,Roy,Tarpley,DAL,N,55,1354,691,142,307,449,58,45,55,109,155,610,292,122,102,18,5
THOMPBR01,1994,Brooks,Thompson,ORL,N,38,246,116,7,16,23,43,10,2,27,46,114,45,12,8,58,18
THOMPLA01,1994,Lasalle,Thompson,IND,N,38,453,112,28,61,89,18,18,10,31,76,118,49,16,14,0,0
THORPOT01,1994,Otis,Thorpe,HOU,N,36,1188,479,113,209,322,58,22,13,76,102,366,206,127,67,3,0
THORPOT01,1994,Otis,Thorpe,POR,N,34,908,458,89,147,236,54,19,15,56,122,315,179,154,100,4,0
THORPOT01,1994,Otis,Thorpe,TOT,N,70,2096,937,202,356,558,112,41,28,132,224,681,385,281,167,7,0
THREASE01,1994,Sedale,Threatt,LAL,N,59,1384,558,21,103,124,248,54,12,70,139,437,217,111,88,95,36
TISDAWA01,1994,Wayman,Tisdale,PHO,N,65,1276,650,83,164,247,45,29,27,64,190,574,278,122,94,0,0
TOLBETO01,1994,Tom,Tolbert,CHA,N,10,57,14,7,10,17,2,0,0,3,9,18,6,2,2,4,0
TOWERKE01,1994,Keith,Tower,ORL,N,3,7,1,1,2,3,0,0,0,1,1,2,0,2,1,0,0
TUCKEAN01,1994,Anthony,Tucker,WA1,N,61,981,243,44,126,170,68,46,11,56,129,210,96,83,51,1,0
TURNEHE01,1994,Henry,Turner,SAC,N,30,149,68,17,11,28,7,8,1,12,19,57,23,35,20,5,2
TURNEJE01,1994,Jeff,Turner,ORL,N,49,576,199,23,74,97,38,12,3,22,102,178,73,29,26,75,27
TYLERBJ01,1994,B.j.,Tyler,PHI,N,55,808,195,13,49,62,174,36,2,97,58,189,72,50,35,51,16
VANEXNI01,1994,Nick,Vanexel,LAL,N,80,2944,1348,27,196,223,660,97,7,220,157,1106,465,300,235,510,183
VAUGHLO01,1994,Loy,Vaught,LAC,N,80,2966,1401,261,511,772,139,104,29,166,243,1185,609,248,176,33,7
VINSOFR01,1994,Fred,Vinson,ATL,N,5,27,4,0,0,0,1,0,0,2,4,7,1,1,1,6,1
WALKEKE01,1994,Kenny,Walker,WA1,N,24,266,57,19,28,47,7,5,3,15,42,42,18,28,21,0,0
WALTERE01,1994,Rex,Walters,NJN,N,80,1435,523,18,75,93,121,37,16,71,135,469,206,52,40,196,71
WARDCH01,1994,Charlie,Ward,NYK,N,10,44,16,1,5,6,4,2,0,8,7,19,4,10,7,10,1
WATSOJA01,1994,Jamie,Watson,UTA,N,60,673,195,16,58,74,59,35,11,51,86,152,76,56,38,19,5
WEATHCL01,1994,Clarence,Weatherspoon,PHI,N,76,2991,1373,144,382,526,215,115,67,191,195,1238,543,377,283,21,4
WEBBECH01,1994,Chris,Webber,WA1,N,54,2060,1085,200,318,518,256,83,85,167,185,938,464,233,117,145,40
WEBBSP01,1994,Spud,Webb,SAC,N,76,2458,878,29,145,174,468,75,8,185,148,689,302,242,226,145,48
WENNIBI01,1994,Bill,Wennington,CHI,N,73,956,363,64,126,190,40,22,17,39,198,317,156,63,51,4,0
WESLEDA01,1994,David,Wesley,BOS,N,51,1380,378,31,86,117,266,82,9,87,144,313,128,94,71,119,51
WESTDO01,1994,Doug,West,MIN,N,71,2328,919,60,167,227,185,65,23,126,250,762,351,246,206,61,11
WESTMA01,1994,Mark,West,DET,N,67,1543,500,160,248,408,18,27,102,85,247,390,217,138,66,0,0
WHATLEN01,1994,Ennis,Whatley,ATL,N,27,292,70,9,21,30,54,19,0,19,37,53,24,32,20,8,2
WHITNCH01,1994,Chris,Whitney,SAS,N,25,179,42,4,9,13,28,4,0,18,34,47,14,11,11,19,3
WILEYMO01,1994,Morlon,Wiley,ATL,N,5,17,7,0,4,4,6,1,1,4,0,6,3,0,0,4,1
WILEYMO01,1994,Morlon,Wiley,TOT,N,43,424,137,6,37,43,75,22,2,23,44,117,50,10,7,79,30
WILEYMO01,1994,Morlon,Wiley,DAL,N,38,407,130,6,33,39,69,21,1,19,44,111,47,10,7,75,29
WILKIDO01,1994,Dominique,Wilkins,BOS,N,77,2423,1370,157,244,401,166,61,14,173,130,1169,496,340,266,289,112
WILLIAA01,1994,Aaron,Williams,MIL,N,15,72,24,5,14,19,0,2,6,7,14,24,8,12,8,1,0
WILLIBU01,1994,Buck,Williams,POR,N,82,2422,757,251,418,669,78,67,69,119,254,604,309,205,138,2,1
WILLIHE01,1994,Herb,Williams,NYK,N,56,743,187,23,109,132,27,13,45,40,108,180,82,37,23,0,0
WILLIHO01,1994,Hotrod,Williams,CLE,N,74,2641,929,173,334,507,192,83,101,149,211,810,366,286,196,5,1
WILLIJA01,1994,Jayson,Williams,NJN,N,75,982,363,179,246,425,35,26,33,59,160,323,149,123,65,5,0
WILLIJO01,1994,John,Williams,IND,N,34,402,100,0,62,62,27,10,2,35,48,115,41,25,14,12,4
WILLIKE01,1994,Kevin,Willis,ATL,N,2,89,42,10,26,36,3,1,3,7,7,41,16,15,10,1,0
WILLIKE01,1994,Kevin,Willis,MIA,N,65,2301,1112,217,479,696,83,59,33,155,208,974,457,282,195,14,3
WILLIKE01,1994,Kevin,Willis,TOT,N,67,2390,1154,227,505,732,86,60,36,162,215,1015,473,297,205,15,3
WILLILO01,1994,Lorenzo,Williams,DAL,N,82,2383,328,291,394,685,124,52,148,105,306,304,145,101,38,0,0
WILLIMI01,1994,Michael,Williams,MIN,N,1,28,6,0,1,1,3,2,0,3,3,4,1,5,4,0,0
WILLIMO01,1994,Monty,Williams,NYK,N,41,503,137,42,56,98,49,20,4,41,87,133,60,38,17,8,0
WILLIRE01,1994,Reggie,Williams,DEN,N,74,2198,993,94,235,329,231,114,67,124,264,846,388,174,132,266,85
WILLISC01,1994,Scott,Williams,PHI,N,77,1781,491,173,312,485,59,71,40,84,237,434,206,107,79,7,0
WILLIWA01,1994,Walt,Williams,SAC,N,77,2739,1259,100,245,345,316,123,63,243,265,998,445,364,266,296,103
WILSOTR01,1994,Trevor,Wilson,SAC,N,15,147,47,10,16,26,12,4,2,6,12,40,18,14,11,0,0
WINGADA01,1994,David,Wingate,CHA,N,52,510,122,11,49,60,56,19,7,27,60,122,50,24,18,22,4
WINGFDO01,1994,Donton,Wingfield,SEA,N,20,81,46,11,19,30,3,5,3,8,15,51,18,10,8,12,2
WOLFJO01,1994,Joe,Wolf,CHA,N,63,583,90,34,95,129,37,9,6,22,101,81,38,16,12,6,2
WOODDA01,1994,David,Wood,GSW,N,78,1336,428,83,158,241,65,28,13,53,217,326,153,117,91,91,31
WOODSRA01,1994,Randy,Woods,LAC,N,62,495,124,10,34,44,134,41,0,55,87,117,37,38,28,74,22
WORKMHA01,1994,Haywoode,Workman,IND,N,69,1028,292,21,90,111,194,59,5,73,115,269,101,74,55,98,35
WRIGHSH01,1994,Sharone,Wright,PHI,N,79,2044,904,191,281,472,48,37,103,151,246,776,361,282,182,8,0
YOUNGDA01,1994,Danny,Young,MIL,N,7,77,24,1,4,5,12,4,0,4,8,17,9,1,1,12,5
ABDULMA01,1995,Mahmo,Abdul-rauf,DEN,N,57,2029,1095,26,112,138,389,64,3,115,117,955,414,157,146,309,121
ADAMSMI01,1995,Michael,Adams,CHA,N,21,329,114,5,17,22,67,21,4,25,25,83,37,35,26,41,14
ADDISRA01,1995,Rafael,Addison,CHA,N,53,516,171,25,65,90,30,9,9,27,74,165,77,22,17,9,0
ALEXACO01,1995,Cory,Alexander,SAS,N,60,560,168,9,33,42,121,27,2,68,94,155,63,25,16,66,26
ALLENJE01,1995,Jerome,Allen,MIN,N,41,362,108,5,20,25,49,21,5,34,42,105,36,36,26,33,10
ALSTODE01,1995,Derrick,Alston,PHI,N,73,1614,452,127,175,302,61,56,52,59,191,387,198,112,55,3,1
AMAECJO01,1995,John,Amaechi,CLE,N,28,357,77,13,39,52,9,6,11,34,49,70,29,33,19,0,0
AMAYAAS01,1995,Ashraf,Amaya,VAN,N,54,1104,339,114,189,303,33,22,10,57,151,252,121,149,97,1,0
ANDERCA01,1995,Cadillac,Anderson,SAS,N,46,344,54,29,71,100,10,9,24,22,66,47,24,25,6,1,0
ANDERKE02,1995,Kenny,Anderson,CHA,N,38,1302,577,26,76,102,328,59,6,88,105,454,206,150,109,157,56
ANDERKE02,1995,Kenny,Anderson,NJN,N,31,1042,473,37,64,101,247,52,8,58,73,380,143,188,151,99,36
ANDERKE02,1995,Kenny,Anderson,TOT,N,69,2344,1050,63,140,203,575,111,14,146,178,834,349,338,260,256,92
ANDERNI01,1995,Nick,Anderson,ORL,N,77,2717,1134,92,323,415,279,121,46,141,135,904,400,240,166,430,168
ANDERWI01,1995,Willie,Anderson,NYK,N,27,496,136,13,47,60,48,17,8,24,59,133,56,31,19,25,5
ANDERWI01,1995,Willie,Anderson,TOT,N,76,2060,742,48,198,246,197,75,59,143,230,660,288,163,132,120,34
ANDERWI01,1995,Willie,Anderson,TOR,N,49,1564,606,35,151,186,149,58,51,119,171,527,232,132,113,95,29
ANTHOGR01,1995,Greg,Anthony,VAN,N,69,2096,967,29,145,174,476,116,11,160,137,781,324,297,229,271,90
ARMSTBJ01,1995,B.j.,Armstrong,GSW,N,82,2262,1012,22,162,184,401,68,6,128,147,727,340,279,234,207,98
ARMSTDA01,1995,Darrell,Armstrong,ORL,N,13,41,42,0,2,2,5,6,0,6,4,32,16,4,4,12,6
ASKEWVI01,1995,Vincent,Askew,SEA,N,69,1725,584,65,153,218,163,47,15,96,178,436,215,163,125,86,29
ASKINKE01,1995,Keith,Askins,MIA,N,75,1897,458,113,211,324,121,48,61,82,271,391,157,57,45,237,99
AUGMOST01,1995,Stacey,Augmon,ATL,N,77,2294,976,137,167,304,137,106,31,138,188,738,362,317,251,4,1
AVENTAN01,1995,Anthony,Avent,VAN,N,71,1586,415,108,247,355,69,30,42,107,202,466,179,77,57,0,0
BAKERVI01,1995,Vin,Baker,MIL,N,82,3319,1729,263,545,808,212,68,89,216,272,1429,699,479,321,48,10
BARDOST01,1995,Stephen,Bardo,DET,N,9,123,22,2,20,22,15,4,1,5,17,23,9,6,4,4,0
BARKLCH01,1995,Charles,Barkley,PHO,N,71,2632,1649,243,578,821,262,114,56,218,208,1160,580,566,440,175,49
BARRODA01,1995,Dana,Barros,BOS,N,80,2328,1038,21,171,192,306,58,3,120,116,805,379,147,130,368,150
BARRYBR01,1995,Brent,Barry,LAC,N,79,1898,800,38,130,168,230,95,22,120,196,597,283,137,111,296,123
BARRYJO01,1995,Jon,Barry,GSW,N,68,712,257,17,46,63,85,33,11,42,51,185,91,37,31,93,44
BECKCO01,1995,Corey,Beck,CHA,N,5,33,5,3,4,7,5,1,0,4,8,8,2,2,1,0,0
BENJABE01,1995,Benoit,Benjamin,MIL,N,70,1492,547,110,326,436,48,35,70,110,184,429,223,138,101,3,0
BENJABE01,1995,Benoit,Benjamin,VAN,N,13,404,181,31,72,103,16,10,15,34,40,161,71,56,39,0,0
BENJABE01,1995,Benoit,Benjamin,TOT,N,83,1896,728,141,398,539,64,45,85,144,224,590,294,194,140,3,0
BENNEEL01,1995,Elmer,Bennett,PHI,N,8,66,11,1,4,5,8,1,1,7,6,17,4,4,3,0,0
BENNEMA01,1995,Mario,Bennett,PHO,N,19,230,85,21,28,49,6,11,11,11,46,64,29,42,27,1,0
BENOIDA01,1995,David,Benoit,UTA,N,81,1961,661,90,293,383,82,43,49,71,166,581,255,112,87,192,64
BESTTR01,1995,Travis,Best,IND,N,59,571,221,11,33,44,97,20,3,63,80,163,69,90,75,25,8
BLAYLMO01,1995,Mookie,Blaylock,ATL,N,81,2893,1268,110,222,332,478,212,17,188,151,1123,455,170,127,623,231
BLOUNCO01,1995,Corie,Blount,LAL,N,57,715,183,69,101,170,42,25,35,47,109,167,79,44,25,2,0
BOGUEMU01,1995,Muggsy,Bogues,CHA,N,6,77,14,6,1,7,19,2,0,6,4,16,6,2,2,1,0
BONNEAN01,1995,Anthony,Bonner,ORL,N,4,43,13,6,13,19,4,3,0,3,11,15,5,7,3,0,0
BOOKEME01,1995,Melvin,Booker,HOU,N,11,131,44,1,8,9,21,5,1,12,18,50,16,11,9,19,3
BOWIEAN01,1995,Anthony,Bowie,ORL,N,74,1078,308,40,83,123,105,34,10,55,112,272,128,46,40,31,12
BOYCEDO01,1995,Donnie,Boyce,ATL,N,8,41,24,5,5,10,3,3,1,6,2,23,9,4,2,8,4
BRADLSH01,1995,Shawn,Bradley,PHI,N,12,334,105,34,72,106,8,8,38,31,42,97,43,25,19,0,0
BRADLSH01,1995,Shawn,Bradley,TOT,N,79,2329,944,221,417,638,63,49,288,179,286,873,387,246,169,4,1
BRADLSH01,1995,Shawn,Bradley,NJN,N,67,1995,839,187,345,532,55,41,250,148,244,776,344,221,150,4,1
BRAGGMA01,1995,Marques,Bragg,MIN,N,53,369,131,38,41,79,8,17,8,26,71,120,54,41,23,0,0
BRANDTE01,1995,Terrell,Brandon,CLE,N,75,2570,1449,47,201,248,487,132,33,142,146,1096,510,381,338,235,91
BREAUTI01,1995,Tim,Breaux,HOU,N,54,570,161,22,38,60,24,11,8,30,42,161,59,45,28,46,15
BRICKFR01,1995,Frank,Brickowski,SEA,N,63,986,339,26,125,151,58,26,8,78,185,252,123,86,61,79,32
BROOKSC01,1995,Scott,Brooks,DAL,N,69,716,352,11,30,41,100,42,3,43,53,293,134,69,59,62,25
BROWNCH01,1995,Chucky,Brown,HOU,N,82,2019,705,134,307,441,89,47,38,94,163,555,300,150,104,8,1
BROWNDE01,1995,Dee,Brown,BOS,N,65,1591,695,36,100,136,146,80,12,74,119,617,246,158,135,220,68
BROWNMI01,1995,Mike,Brown,PHI,N,9,162,26,14,23,37,3,3,2,6,24,16,9,17,8,0,0
BROWNPJ01,1995,P.j.,Brown,NJN,N,81,2942,915,215,345,560,165,79,100,133,249,798,354,265,204,15,3
BROWNRA01,1995,Randy,Brown,CHI,N,68,671,185,17,49,66,73,57,12,31,88,192,78,46,28,11,1
BRYANMA01,1995,Mark,Bryant,HOU,N,71,1587,611,131,220,351,52,31,19,85,234,446,242,177,127,2,0
BUECHJU01,1995,Jud,Buechler,CHI,N,74,740,278,45,66,111,56,34,7,39,70,242,112,22,14,90,40
BULLAMA01,1995,Matt,Bullard,ATL,N,46,460,174,18,42,60,18,17,11,24,50,162,66,20,16,72,26
BURRESC01,1995,Scott,Burrell,CHA,N,20,693,263,26,72,98,47,27,13,43,76,206,92,56,42,98,37
BURROJU01,1995,Junior,Burrough,BOS,N,61,495,189,45,64,109,15,15,10,40,74,170,64,93,61,0,0
BUTLEMI01,1995,Mitchell,Butler,WA1,N,61,858,237,29,89,118,67,41,12,67,104,229,88,83,48,60,13
CAFFEJA01,1995,Jason,Caffey,CHI,N,57,545,182,51,60,111,24,12,7,48,91,162,71,68,40,1,0
CAGEMI01,1995,Michael,Cage,CLE,N,82,2631,490,288,441,729,53,87,79,54,215,396,220,92,50,1,0
CALDWAD01,1995,Adrian,Caldwell,IND,N,51,327,110,42,68,110,6,9,5,35,73,83,46,36,18,0,0
CAMPBEL01,1995,Elden,Campbell,LAL,N,82,2699,1143,162,461,623,181,88,212,137,300,888,447,349,249,5,0
CARRAN01,1995,Antoine,Carr,UTA,N,80,1532,580,71,129,200,74,28,65,78,254,510,233,144,114,3,0
CARRCH01,1995,Chris,Carr,PHO,N,60,590,240,27,75,102,43,10,5,40,77,217,90,60,49,42,11
CASSESA01,1995,Sam,Cassell,HOU,N,61,1682,886,51,137,188,278,53,4,157,166,658,289,285,235,210,73
CAUSWDU01,1995,Duane,Causwell,SAC,N,73,1044,250,86,162,248,20,27,78,53,173,216,90,96,70,1,0
CEBALCE01,1995,Cedric,Ceballos,LAL,N,78,2628,1656,215,321,536,119,94,22,167,144,1203,638,409,329,184,51
CHAPMRE01,1995,Rex,Chapman,MIA,N,56,1865,786,22,123,145,166,45,10,79,117,679,289,113,83,337,125
CHEANCA01,1995,Calbert,Cheaney,WA1,N,70,2324,1055,67,172,239,154,67,18,129,205,905,426,214,151,154,52
CHILCPE01,1995,Pete,Chilcutt,HOU,N,74,651,200,51,105,156,26,19,14,22,65,179,73,26,17,98,37
CHILDCH01,1995,Chris,Childs,NJN,N,78,2408,1002,51,194,245,548,111,8,230,246,778,324,304,259,259,95
CHILDRA01,1995,Randolph,Childress,POR,N,28,250,85,1,18,19,32,8,1,28,22,79,25,27,22,47,13
CHRISDO01,1995,Doug,Christie,TOR,N,32,818,322,26,94,120,92,58,16,76,100,264,115,71,56,87,36
CHRISDO01,1995,Doug,Christie,NYK,N,23,218,93,8,26,34,25,12,3,19,41,73,35,22,13,19,10
CHRISDO01,1995,Doug,Christie,TOT,N,55,1036,415,34,120,154,117,70,19,95,141,337,150,93,69,106,46
CHURCRO01,1995,Robert,Churchwell,GSW,N,4,20,6,0,3,3,1,0,0,2,1,8,3,0,0,0,0
CLAXTCH01,1995,Charles,Claxton,BOS,N,3,7,2,2,0,2,0,0,1,1,4,2,1,2,0,0,0
COKERJO01,1995,John,Coker,PHO,N,5,11,8,2,0,2,1,0,1,0,1,5,4,0,0,0,0
COLEMDE01,1995,Derrick,Coleman,PHI,N,11,294,123,13,59,72,31,4,10,28,30,118,48,32,20,21,7
COLESBI01,1995,Bimbo,Coles,GSW,N,29,733,228,11,48,59,126,31,5,48,78,218,87,38,29,82,25
COLESBI01,1995,Bimbo,Coles,TOT,N,81,2615,892,49,211,260,422,94,17,171,253,777,318,211,168,254,88
COLESBI01,1995,Bimbo,Coles,MIA,N,52,1882,664,38,163,201,296,63,12,123,175,559,231,173,139,172,63
CONLOMA01,1995,Marty,Conlon,MIL,N,74,958,395,58,119,177,68,20,11,79,126,327,153,110,84,30,5
COOKAN01,1995,Anthony,Cook,POR,N,11,60,15,5,7,12,2,0,1,1,8,16,7,4,1,2,0
CORBITY01,1995,Tyrone,Corbin,MIA,N,22,354,101,26,39,65,23,16,3,17,51,92,38,28,23,6,2
CORBITY01,1995,Tyrone,Corbin,SAC,N,49,930,312,55,124,179,61,47,17,50,96,259,117,92,77,12,1
CORBITY01,1995,Tyrone,Corbin,TOT,N,71,1284,413,81,163,244,84,63,20,67,147,351,155,120,100,18,3
COURTJO01,1995,Joe,Courtney,CLE,N,23,200,38,24,25,49,9,5,6,17,34,35,15,18,8,0,0
CROTTJO01,1995,John,Crotty,CLE,N,58,617,172,20,34,54,102,22,6,51,60,114,51,72,62,27,8
CUMMITE01,1995,Terry,Cummings,MIL,N,81,1777,645,162,283,445,89,56,30,69,263,584,270,160,104,7,1
CURRYDE01,1995,Dell,Curry,CHA,N,82,2371,1192,68,196,264,176,108,25,130,173,974,441,171,146,406,164
CURRYMI01,1995,Michael,Curry,TOT,N,46,783,211,27,58,85,27,24,2,24,92,161,73,62,45,53,20
CURRYMI01,1995,Michael,Curry,WA1,N,5,34,10,2,3,5,1,1,0,1,3,10,3,4,4,3,0
CURRYMI01,1995,Michael,Curry,DET,N,41,749,201,25,55,80,26,23,2,23,89,151,70,58,41,50,20
CVETKRA01,1995,Rastko,Cvetkovic,DEN,N,14,48,10,4,7,11,3,2,1,3,11,16,5,4,0,1,0
DANILPR01,1995,Predrag,Danilovic,MIA,N,19,542,255,12,34,46,47,15,3,37,49,184,83,72,55,78,34
DAREYI01,1995,Yinka,Dare,NJN,N,58,626,164,56,125,181,0,8,40,72,117,144,63,62,38,0,0
DAVISAN01,1995,Antonio,Davis,IND,N,82,2092,719,188,313,501,43,33,66,87,248,482,236,345,246,2,1
DAVISDA01,1995,Dale,Davis,IND,N,78,2617,803,252,457,709,76,56,112,119,238,599,334,289,135,0,0
DAVISHU01,1995,Hubert,Davis,NYK,N,74,1773,789,35,88,123,103,31,8,63,120,566,275,129,112,267,127
DAVISMA01,1995,Mark,Davis,MIN,N,57,571,188,56,69,125,47,40,22,68,92,149,55,116,74,13,4
DAVISTE01,1995,Terry,Davis,DAL,N,28,501,137,43,74,117,21,10,4,25,66,108,55,47,27,0,0
DAYTO01,1995,Todd,Day,MIL,N,8,171,73,8,14,22,5,4,3,11,27,71,22,26,24,25,5
DAYTO01,1995,Todd,Day,BOS,N,71,1636,849,62,140,202,102,77,48,98,198,746,277,261,200,277,95
DAYTO01,1995,Todd,Day,TOT,N,79,1807,922,70,154,224,107,81,51,109,225,817,299,287,224,302,100
DECLEAN01,1995,Andrew,Declercq,GSW,N,22,203,59,18,21,39,9,7,5,4,30,50,24,19,11,1,0
DEHERTE01,1995,Terry,Dehere,LAC,N,82,2018,1016,41,102,143,350,54,16,191,239,686,315,327,247,316,139
DELEBI01,1995,Bison,Dele,LAC,N,65,2157,1029,149,343,492,122,70,55,190,226,766,416,267,196,6,1
DELNEVI01,1995,Vinny,Delnegro,SAS,N,82,2766,1191,36,236,272,315,85,6,100,166,962,478,214,178,150,57
DEMPSDE01,1995,Dell,Demps,SAS,N,16,87,53,2,7,9,8,3,1,12,10,33,19,17,14,2,1
DIVACVL01,1995,Vlade,Divac,LAL,N,79,2470,1020,198,481,679,261,76,131,199,274,807,414,295,189,18,3
DOUGLSH01,1995,Sherman,Douglas,BOS,N,10,234,98,6,17,23,39,2,0,29,16,84,36,40,25,7,1
DOUGLSH01,1995,Sherman,Douglas,MIL,N,69,2101,792,49,108,157,397,61,5,165,147,601,309,179,135,103,39
DOUGLSH01,1995,Sherman,Douglas,TOT,N,79,2335,890,55,125,180,436,63,5,194,163,685,345,219,160,110,40
DREXLCL01,1995,Clyde,Drexler,HOU,N,52,1997,1005,97,276,373,302,105,24,134,153,764,331,338,265,235,78
DUCKWKE01,1995,Kevin,Duckworth,MIL,N,8,58,9,2,5,7,2,2,0,2,19,14,3,6,3,0,0
DUDLECH02,1995,Chris,Dudley,POR,N,80,1924,404,239,481,720,37,41,100,79,251,358,162,157,80,1,0
DUMARJO01,1995,Joe,Dumars,DET,N,67,2193,793,28,110,138,265,43,3,97,106,598,255,197,162,298,121
DUMASRI01,1995,Richard,Dumas,PHI,N,39,739,241,42,57,99,44,42,6,49,79,203,95,70,49,9,2
DUMASTO01,1995,Tony,Dumas,DAL,N,67,1284,776,58,57,115,99,42,13,77,128,655,274,257,154,207,74
EACKLLE01,1995,Ledell,Eackles,WA1,N,55,1238,474,44,104,148,86,28,3,57,84,377,161,118,98,128,54
EARLAC01,1995,Acie,Earl,TOR,N,42,655,316,51,78,129,27,18,37,49,73,276,117,114,82,3,0
EDNEYTY01,1995,Tyus,Edney,SAC,N,80,2481,860,63,138,201,491,89,3,192,203,740,305,252,197,144,53
EDWARBL01,1995,Blue,Edwards,VAN,N,82,2773,1043,98,248,346,212,118,46,170,243,956,401,208,157,245,84
EDWARDO01,1995,Doug,Edwards,VAN,N,31,519,93,35,52,87,39,10,18,29,51,91,32,38,29,4,0
EDWARJA01,1995,James,Edwards,CHI,N,28,274,98,15,25,40,11,1,8,21,61,110,41,26,16,0,0
EDWARKE01,1995,Kevin,Edwards,NJN,N,34,1007,394,14,61,75,71,54,7,68,67,390,142,84,68,104,42
EHLOCR01,1995,Craig,Ehlo,ATL,N,79,1758,669,65,191,256,138,85,9,104,138,591,253,103,81,221,82
EISLEHO01,1995,Howard,Eisley,UTA,N,65,961,287,22,56,78,146,29,3,77,130,242,104,77,65,62,14
ELIEMA01,1995,Mario,Elie,HOU,N,45,1385,499,47,108,155,138,45,11,59,93,357,180,115,98,127,41
ELLIOSE01,1995,Sean,Elliott,SAS,N,77,2901,1537,69,327,396,211,69,33,198,178,1127,525,423,326,392,161
ELLISDA01,1995,Dale,Ellis,DEN,N,81,2626,1204,88,227,315,139,57,7,98,191,959,459,179,136,364,150
ELLISLA01,1995,Laphonso,Ellis,DEN,N,45,1269,471,93,229,322,74,36,33,83,163,432,189,148,89,22,4
ELLISLE02,1995,Leron,Ellis,MIA,N,12,74,13,5,3,8,4,2,3,3,11,22,5,6,3,0,0
ELLISPE01,1995,Pervis,Ellison,BOS,N,69,1431,365,151,300,451,62,39,99,84,207,295,145,117,75,0,0
ESPOSVI01,1995,Vincent,Esposito,TOR,N,30,282,116,4,12,16,23,7,0,39,27,100,36,39,31,56,13
EWINGPA01,1995,Patrick,Ewing,NYK,N,76,2783,1711,157,649,806,160,68,184,221,247,1456,678,461,351,28,4
FERREDU01,1995,Duane,Ferrell,IND,N,54,591,202,32,61,93,30,23,3,34,83,166,80,57,42,8,0
FERRYDA01,1995,Danny,Ferry,CLE,N,82,2680,1090,71,238,309,191,57,37,122,234,919,422,134,103,363,143
FINLEMI01,1995,Michael,Finley,PHO,N,82,3212,1233,139,235,374,289,85,31,133,199,976,465,323,242,186,61
FISHMA01,1995,Matt,Fish,NYK,N,2,17,12,3,0,3,1,0,1,0,3,10,6,1,0,0,0
FISHMA01,1995,Matt,Fish,TOT,N,18,134,52,10,11,21,8,3,7,3,19,36,21,19,10,0,0
FISHMA01,1995,Matt,Fish,DEN,N,16,117,40,7,11,18,7,3,6,3,16,26,15,18,10,0,0
FLEMIVE01,1995,Vern,Fleming,NJN,N,77,1747,590,49,121,170,255,41,5,122,115,524,227,177,133,28,3
FORDSH01,1995,Sherell,Ford,SEA,N,28,139,90,12,12,24,5,8,1,6,27,80,30,34,26,25,4
FOSTEGR01,1995,Greg,Foster,UTA,N,73,803,276,53,125,178,25,7,22,58,120,244,107,72,61,8,1
FOXRI01,1995,Rick,Fox,BOS,N,81,2588,1137,158,292,450,369,113,41,216,290,928,421,254,196,272,99
GAMBLKE01,1995,Kevin,Gamble,MIA,N,44,1033,305,14,72,86,82,31,5,32,119,297,117,38,33,91,38
GAMBLKE01,1995,Kevin,Gamble,SAC,N,21,292,81,7,20,27,18,4,3,11,28,82,35,10,5,23,6
GAMBLKE01,1995,Kevin,Gamble,TOT,N,65,1325,386,21,92,113,100,35,8,43,147,379,152,48,38,114,44
GARNEKE01,1995,Kevin,Garnett,MIN,N,80,2293,835,175,326,501,145,86,131,110,189,735,361,149,105,28,8
GATLICH01,1995,Chris,Gatling,MIA,N,24,565,365,51,124,175,17,17,11,35,82,259,155,75,55,0,0
GATLICH01,1995,Chris,Gatling,TOT,N,71,1427,791,129,288,417,43,36,40,95,217,567,326,207,139,1,0
GATLICH01,1995,Chris,Gatling,GSW,N,47,862,426,78,164,242,26,19,29,60,135,308,171,132,84,1,0
GATTIKE01,1995,Kenny,Gattison,VAN,N,25,570,229,35,79,114,14,10,11,40,75,190,91,78,47,0,0
GEIGEMA01,1995,Matt,Geiger,CHA,N,77,2349,866,201,448,649,60,46,63,137,290,666,357,205,149,8,3
GILLIAR01,1995,Armen,Gilliam,NJN,N,78,2856,1429,241,472,713,140,73,53,177,180,1216,576,350,277,1,0
GILLKE01,1995,Kendall,Gill,NJN,N,11,418,192,16,27,43,35,22,2,21,30,152,67,59,49,25,9
GILLKE01,1995,Kendall,Gill,CHA,N,36,1265,464,56,133,189,225,42,22,110,101,372,179,117,89,54,17
GILLKE01,1995,Kendall,Gill,TOT,N,47,1683,656,72,160,232,260,64,24,131,131,524,246,176,138,79,26
GLASSGE01,1995,Gerald,Glass,TOT,N,15,71,26,6,2,8,4,3,1,0,10,33,12,1,1,6,1
GLASSGE01,1995,Gerald,Glass,NJN,N,10,56,21,5,1,6,4,2,1,0,5,28,10,0,0,5,1
GLASSGE01,1995,Gerald,Glass,CHA,N,5,15,5,1,1,2,0,1,0,0,5,5,2,1,1,1,0
GOLDWAN01,1995,Anthony,Goldwire,CHA,N,42,621,231,8,35,43,112,16,0,63,79,189,76,60,46,83,33
GRAHAGR01,1995,Greg,Graham,PHI,N,8,128,56,5,10,15,11,5,0,17,16,32,17,17,15,14,7
GRAHAGR01,1995,Greg,Graham,NJN,N,45,485,184,12,30,42,41,20,1,29,48,161,61,51,37,68,25
GRAHAGR01,1995,Greg,Graham,TOT,N,53,613,240,17,40,57,52,25,1,46,64,193,78,68,52,82,32
GRANDRO01,1995,Ron,Grandison,TOT,N,28,311,65,20,35,55,13,12,2,12,31,58,22,25,17,14,4
GRANDRO01,1995,Ron,Grandison,ATL,N,4,19,4,1,5,6,1,0,0,0,0,4,2,0,0,1,0
GRANDRO01,1995,Ron,Grandison,NYK,N,6,57,18,5,8,13,2,4,1,1,4,15,7,6,4,0,0
GRANDRO01,1995,Ron,Grandison,MIA,N,18,235,43,14,22,36,10,8,1,11,27,39,13,19,13,13,4
GRANTBR01,1995,Brian,Grant,SAC,N,78,2398,1120,175,370,545,127,40,103,185,269,842,427,358,262,17,4
GRANTGA01,1995,Gary,Grant,NYK,N,47,596,232,12,40,52,69,39,3,45,91,181,88,58,48,24,8
GRANTGR01,1995,Greg,Grant,WA1,N,10,138,24,1,5,6,23,8,0,10,8,28,11,0,0,10,2
GRANTGR01,1995,Greg,Grant,PHI,N,11,280,45,3,18,21,60,12,2,15,28,48,18,6,5,18,4
GRANTGR01,1995,Greg,Grant,DEN,N,10,109,14,3,4,7,14,2,0,5,7,23,6,0,0,6,2
GRANTGR01,1995,Greg,Grant,TOT,N,31,527,83,7,27,34,97,22,2,30,43,99,35,6,5,34,8
GRANTHA01,1995,Harvey,Grant,POR,N,76,2394,709,117,244,361,111,60,43,82,173,679,314,110,60,67,21
GRANTHO01,1995,Horace,Grant,ORL,N,63,2286,847,178,402,580,170,62,74,64,144,677,347,207,152,6,1
GREENAC01,1995,A.c.,Green,PHO,N,82,2113,612,166,388,554,72,45,22,79,141,444,215,237,168,52,14
GUGLITO01,1995,Tom,Gugliotta,MIN,N,78,2835,1261,176,514,690,238,139,96,234,265,1004,473,374,289,86,26
HALEYJA01,1995,Jack,Haley,CHI,N,1,7,5,1,1,2,0,0,0,1,2,6,2,2,1,0,0
HAMILTH01,1995,Thomas,Hamilton,BOS,N,11,70,25,10,12,22,1,0,9,9,12,31,9,18,7,0,0
HAMMIGE01,1995,Geert,Hammink,TOT,N,6,17,8,2,2,4,0,0,0,2,2,4,2,7,4,0,0
HAMMIGE01,1995,Geert,Hammink,GSW,N,3,10,4,0,1,1,0,0,0,0,1,2,1,3,2,0,0
HAMMIGE01,1995,Geert,Hammink,ORL,N,3,7,4,2,1,3,0,0,0,2,1,2,1,4,2,0,0
HAMMOTO01,1995,Tom,Hammonds,DEN,N,71,1045,342,85,138,223,23,23,13,48,137,268,127,115,88,0,0
HANCODA01,1995,Darrin,Hancock,CHA,N,63,838,272,40,58,98,47,28,5,56,94,214,112,73,47,3,1
HARDAAN01,1995,Anfernee,Hardaway,ORL,N,82,3015,1780,129,225,354,582,166,41,229,160,1215,623,580,445,283,89
HARDATI01,1995,Tim,Hardaway,MIA,N,28,1047,482,13,85,98,280,58,6,110,70,386,164,123,101,147,53
HARDATI01,1995,Tim,Hardaway,GSW,N,52,1487,735,22,109,131,360,74,11,125,131,606,255,182,140,232,85
HARDATI01,1995,Tim,Hardaway,TOT,N,80,2534,1217,35,194,229,640,132,17,235,201,992,419,305,241,379,138
HARPEDE01,1995,Derek,Harper,NYK,N,82,2893,1149,32,170,202,352,131,5,178,201,939,436,206,156,325,121
HARPERO01,1995,Ron,Harper,CHI,N,80,1886,594,74,139,213,208,105,32,73,137,501,234,139,98,104,28
HARRILU01,1995,Lucious,Harris,DAL,N,61,1016,481,41,81,122,79,35,3,46,56,397,183,87,68,125,47
HARVEAN01,1995,Antonio,Harvey,TOT,N,55,821,204,69,131,200,15,27,47,44,76,224,83,83,38,2,0
HARVEAN01,1995,Antonio,Harvey,VAN,N,18,410,98,27,67,94,9,14,21,18,38,95,39,43,20,2,0
HARVEAN01,1995,Antonio,Harvey,LAC,N,37,411,106,42,64,106,6,13,26,26,38,129,44,40,18,0,0
HAWKIHE01,1995,Hersey,Hawkins,SEA,N,82,2823,1279,86,211,297,218,149,14,164,173,936,443,283,247,380,146
HEGGSAL01,1995,Alvin,Heggs,HOU,N,4,14,8,1,1,2,0,0,0,0,0,5,3,3,2,0,0
HENDEAL01,1995,Alan,Henderson,ATL,N,79,1416,503,164,192,356,51,44,43,87,217,434,192,200,119,3,0
HERRECA01,1995,Carl,Herrera,SAS,N,44,393,85,30,51,81,16,9,8,29,61,97,40,17,5,1,0
HIGGISE01,1995,Sean,Higgins,PHI,N,44,916,351,20,72,92,55,24,11,49,90,323,134,37,35,129,48
HILLGR01,1995,Grant,Hill,DET,N,80,3260,1618,127,656,783,548,100,48,263,242,1221,564,646,485,26,5
HILLTY01,1995,Tyrone,Hill,CLE,N,44,929,341,94,150,244,33,31,20,64,144,254,130,135,81,0,0
HODGEDO01,1995,Donald,Hodge,CHA,N,2,2,0,0,1,1,0,0,0,0,0,0,0,0,0,0,0
HODGEDO01,1995,Donald,Hodge,DAL,N,13,113,18,9,13,22,4,1,8,2,26,24,9,0,0,0,0
HODGEDO01,1995,Donald,Hodge,TOT,N,15,115,18,9,14,23,4,1,8,2,26,24,9,0,0,0,0
HOIBEFR01,1995,Fred,Hoiberg,IND,N,15,85,32,4,5,9,8,6,1,7,12,19,8,18,15,3,1
HORNAJE01,1995,Jeff,Hornacek,UTA,N,82,2588,1247,62,147,209,340,106,20,127,171,880,442,290,259,223,104
HORRYRO01,1995,Robert,Horry,HOU,N,71,2634,853,97,315,412,281,116,109,160,197,732,300,143,111,388,142
HOUSTAL01,1995,Allan,Houston,DET,N,82,3072,1617,54,246,300,250,61,16,233,233,1244,564,362,298,447,191
HOUSTBY01,1995,Byron,Houston,SAC,N,25,276,86,31,53,84,7,13,7,17,59,64,32,26,21,3,1
HOWARJU01,1995,Juwan,Howard,WA1,N,81,3294,1789,188,472,660,360,67,39,303,269,1500,733,426,319,13,4
HUNTELI01,1995,Lindsey,Hunter,DET,N,80,2138,679,44,150,194,188,84,18,80,185,628,239,120,84,289,117
HURLEBO01,1995,Bobby,Hurley,SAC,N,72,1059,220,12,63,75,216,28,3,86,121,230,65,85,68,76,22
JACKSJA01,1995,Jaren,Jackson,HOU,N,4,33,8,0,3,3,0,1,0,0,5,8,0,10,8,5,0
JACKSJI01,1995,Jim,Jackson,DAL,N,82,2820,1604,173,237,410,235,47,22,191,165,1308,569,418,345,333,121
JACKSMA01,1995,Mark,Jackson,IND,N,81,2643,806,66,241,307,635,100,5,201,153,626,296,191,150,149,64
JAMESHE01,1995,Henry,James,HOU,N,7,58,30,3,3,6,2,0,0,4,13,24,10,5,5,15,5
JOHNSAV01,1995,Avery,Johnson,SAS,N,82,3084,1071,37,169,206,789,119,21,195,179,887,438,262,189,31,6
JOHNSDA02,1995,Darryl,Johnson,CLE,N,11,28,12,2,0,2,1,0,0,1,3,12,5,2,2,1,0
JOHNSED03,1995,Eddie,Johnson,IND,N,62,1002,475,45,108,153,69,20,4,56,104,436,180,79,70,128,45
JOHNSER01,1995,Ervin,Johnson,SEA,N,81,1519,446,129,304,433,48,40,129,98,245,352,180,127,85,3,1
JOHNSKE01,1995,Kevin,Johnson,PHO,N,56,2007,1047,42,179,221,517,82,13,170,144,674,342,398,342,57,21
JOHNSLA01,1995,Larry,Johnson,CHA,N,81,3274,1660,249,434,683,355,55,43,182,173,1225,583,564,427,183,67
JOHNSMA01,1995,Magic,Johnson,LAL,N,32,958,468,40,143,183,220,26,13,103,48,294,137,201,172,58,22
JONESCH01,1995,Charles,Jones,HOU,N,46,297,16,28,46,74,12,5,24,3,44,19,6,13,4,0,0
JONESED01,1995,Eddie,Jones,LAL,N,70,2184,893,45,188,233,246,129,45,99,162,685,337,184,136,226,83
JONESPO01,1995,Popeye,Jones,DAL,N,68,2322,770,260,477,737,132,54,27,109,262,733,327,133,102,39,14
JORDAMI01,1995,Michael,Jordan,CHI,N,82,3090,2491,148,395,543,352,180,42,197,195,1850,916,657,548,260,111
JORDARE01,1995,Reggie,Jordan,ATL,N,24,247,94,23,29,52,29,12,7,19,30,71,36,38,22,0,0
KEEFEAD01,1995,Adam,Keefe,UTA,N,82,1708,499,176,279,455,64,51,41,88,174,346,180,201,139,4,0
KEMPSH01,1995,Shawn,Kemp,SEA,N,79,2631,1550,276,628,904,173,93,127,315,298,937,526,664,493,12,5
KEMPTTI01,1995,Tim,Kempton,ATL,N,3,11,0,0,2,2,1,0,0,1,5,0,0,0,0,0,0
KERRST01,1995,Steve,Kerr,CHI,N,82,1919,688,25,85,110,192,63,2,42,109,482,244,84,78,237,122
KERSEJE01,1995,Jerome,Kersey,GSW,N,76,1620,510,154,209,363,114,91,45,75,205,500,205,147,97,17,3
KEYSRA01,1995,Randolph,Keys,MIL,N,69,816,232,41,84,125,65,32,14,33,139,208,87,43,36,71,22
KIDDJA01,1995,Jason,Kidd,DAL,N,81,3034,1348,203,350,553,783,175,26,328,155,1293,493,331,229,396,133
KINGCH01,1995,Chris,King,VAN,N,80,1930,634,102,183,285,104,68,33,103,163,585,250,136,90,113,44
KINGFR01,1995,Frankie,King,LAL,N,6,20,7,1,1,2,2,2,0,2,4,11,3,3,1,1,0
KINGJI02,1995,Jimmy,King,TOR,N,62,868,279,43,67,110,88,21,13,60,76,255,110,77,54,34,5
KINGST01,1995,Stacey,King,MIA,N,15,156,38,9,14,23,2,7,2,18,39,36,17,8,4,0,0
KLEINJO01,1995,Joe,Kleine,PHO,N,56,663,164,36,96,132,44,13,6,37,113,169,71,25,20,7,2
KONCAJO01,1995,Jon,Koncak,ORL,N,67,1288,203,63,209,272,51,27,44,41,226,175,84,57,32,9,3
KUKOCTO01,1995,Toni,Kukoc,CHI,N,81,2103,1065,115,208,323,287,64,28,114,150,787,386,267,206,216,87
LAETTCH01,1995,Christian,Laettner,ATL,N,30,977,425,86,150,236,68,31,28,75,119,325,159,130,107,8,0
LAETTCH01,1995,Christian,Laettner,TOT,N,74,2495,1217,184,354,538,197,71,71,187,276,907,442,396,324,39,9
LAETTCH01,1995,Christian,Laettner,MIN,N,44,1518,792,98,204,302,129,40,43,112,157,582,283,266,217,31,9
LANGAN01,1995,Andrew,Lang,ATL,N,51,1815,657,111,223,334,62,35,85,94,178,619,281,118,95,3,0
LANGAN01,1995,Andrew,Lang,TOT,N,71,2365,832,153,302,455,65,42,126,124,241,790,353,156,125,5,1
LANGAN01,1995,Andrew,Lang,MIN,N,20,550,175,42,79,121,3,7,41,30,63,171,72,38,30,2,1
LANGAN02,1995,Antonio,Lang,CLE,N,41,367,116,17,36,53,12,14,12,24,61,77,41,47,34,2,0
LECKNER01,1995,Eric,Leckner,DET,N,18,155,44,8,26,34,1,2,4,11,30,29,18,13,8,0,0
LEGLETI01,1995,Tim,Legler,WA1,N,77,1775,726,29,111,140,136,45,12,45,141,461,233,153,132,246,128
LENARVO01,1995,Voshon,Lenard,MIA,N,30,323,176,12,40,52,31,6,1,23,31,141,53,43,34,101,36
LEWISCE01,1995,Cedric,Lewis,WA1,N,3,4,4,2,0,2,0,1,0,0,0,3,2,0,0,0,0
LEWISMA01,1995,Martin,Lewis,TOR,N,16,189,75,15,14,29,3,8,3,14,21,60,29,25,15,7,2
LISTEAL01,1995,Alton,Lister,MIL,N,7,88,10,7,22,29,4,0,3,4,15,9,4,2,2,0,0
LISTEAL01,1995,Alton,Lister,TOT,N,64,735,143,67,213,280,19,6,42,48,136,105,51,64,41,0,0
LISTEAL01,1995,Alton,Lister,BOS,N,57,647,133,60,191,251,15,6,39,44,121,96,47,62,39,0,0
LOHAUBR01,1995,Brad,Lohaus,SAS,N,32,273,107,5,28,33,17,2,7,9,34,96,39,3,2,65,27
LOHAUBR01,1995,Brad,Lohaus,TOT,N,55,598,197,7,57,64,44,10,17,20,70,175,71,5,4,122,51
LOHAUBR01,1995,Brad,Lohaus,NYK,N,23,325,90,2,29,31,27,8,10,11,36,79,32,2,2,57,24
LONGGR01,1995,Grant,Long,ATL,N,82,3008,1078,248,540,788,183,108,34,157,233,838,395,337,257,86,31
LONGLLU01,1995,Luc,Longley,CHI,N,62,1641,564,104,214,318,119,22,84,114,223,502,242,103,80,0,0
LYNCHGE01,1995,George,Lynch,LAL,N,76,1012,291,82,127,209,51,47,10,40,106,272,117,80,53,13,4
MACKSA01,1995,Sam,Mack,HOU,N,31,868,335,18,80,98,79,22,9,28,75,287,121,46,39,135,54
MACLEDO01,1995,Don,Maclean,DEN,N,56,1107,625,62,143,205,89,21,5,68,105,547,233,198,145,49,14
MACONMA01,1995,Mark,Macon,DET,N,23,287,74,10,12,22,16,15,0,9,34,67,29,11,9,15,7
MAHORRI01,1995,Rick,Mahorn,NJN,N,50,450,120,31,79,110,16,14,13,30,72,122,43,47,34,1,0
MAJERDA01,1995,Dan,Majerle,CLE,N,82,2367,872,70,235,305,214,81,34,93,131,748,303,169,120,414,146
MALONJE01,1995,Jeff,Malone,MIA,N,7,103,31,0,8,8,7,3,0,3,6,33,13,6,5,0,0
MALONJE01,1995,Jeff,Malone,TOT,N,32,510,186,8,32,40,26,16,0,22,25,193,76,32,29,16,5
MALONJE01,1995,Jeff,Malone,PHI,N,25,407,155,8,24,32,19,13,0,19,19,160,63,26,24,16,5
MALONKA01,1995,Karl,Malone,UTA,N,82,3113,2106,175,629,804,345,138,56,199,245,1520,789,708,512,40,16
MANNIDA01,1995,Danny,Manning,PHO,N,33,816,441,30,113,143,65,38,24,77,121,388,178,109,82,14,3
MANNIRI01,1995,Rich,Manning,VAN,N,29,311,107,16,39,55,7,3,6,17,37,113,49,14,9,1,0
MARCISA01,1995,Sarunas,Marciulionis,SAC,N,53,1039,571,20,57,77,118,52,4,96,112,389,176,200,155,157,64
MARSHDO01,1995,Donyell,Marshall,GSW,N,62,934,342,65,148,213,49,22,31,48,83,314,125,83,64,94,28
MARSHDO02,1995,Donny,Marshall,CLE,N,34,208,77,9,17,26,7,8,2,7,26,68,24,35,22,30,7
MARTICU01,1995,Cuonzo,Martin,VAN,N,4,19,9,1,1,2,2,1,0,1,1,5,3,2,0,3,3
MARTIDA01,1995,Darrick,Martin,TOT,N,59,1149,415,16,66,82,217,53,3,107,123,362,147,120,101,69,20
MARTIDA01,1995,Darrick,Martin,VAN,N,24,402,161,13,25,38,61,27,1,37,47,131,59,46,38,22,5
MARTIDA01,1995,Darrick,Martin,MIN,N,35,747,254,3,41,44,156,26,2,70,76,231,88,74,63,47,15
MASHBJA01,1995,Jamal,Mashburn,DAL,N,18,669,422,37,60,97,50,14,3,55,39,383,145,133,97,102,35
MASONAN01,1995,Anthony,Mason,NYK,N,82,3457,1196,220,544,764,363,69,34,211,246,798,449,414,298,0,0
MASSETO01,1995,Tony,Massenburg,TOR,N,24,659,243,52,114,166,18,13,9,35,67,196,100,65,43,0,0
MASSETO01,1995,Tony,Massenburg,PHI,N,30,804,296,75,111,186,12,15,11,38,73,236,114,92,68,3,0
MASSETO01,1995,Tony,Massenburg,TOT,N,54,1463,539,127,225,352,30,28,20,73,140,432,214,157,111,3,0
MAXWEVE01,1995,Vernon,Maxwell,PHI,N,75,2467,1217,39,190,229,330,96,12,215,182,1052,410,332,251,460,146
MAYBELE01,1995,Lee,Mayberry,MIL,N,82,1705,422,21,69,90,302,64,10,89,143,364,153,68,41,189,75
MCCANBO01,1995,Bob,Mccann,WA1,N,62,653,188,46,97,143,24,21,14,42,116,153,76,74,35,2,1
MCCLOGE01,1995,George,Mccloud,DAL,N,79,2846,1497,116,263,379,212,113,38,166,212,1281,530,224,180,678,257
MCDANCL01,1995,Clint,Mcdaniel,SAC,N,12,71,30,3,7,10,7,5,0,2,10,23,8,16,12,6,2
MCDYEAN01,1995,Antonio,Mcdyess,DEN,N,76,2280,1020,229,343,572,75,54,114,154,250,881,427,243,166,4,0
MCILVJI01,1995,Jim,Mcilvaine,WA1,N,80,1195,182,66,164,230,11,21,167,36,171,145,62,105,58,0,0
MCKEYDE01,1995,Derrick,Mckey,IND,N,75,2440,879,123,238,361,262,83,44,143,246,712,346,221,170,68,17
MCKIEAA01,1995,Aaron,Mckie,POR,N,81,2259,864,86,218,304,205,92,21,135,205,722,337,199,152,117,38
MCMILNA01,1995,Nate,Mcmillan,SEA,N,55,1261,275,41,169,210,197,95,18,75,143,238,100,41,29,121,46
MEYERLO01,1995,Loren,Meyer,DAL,N,72,1266,363,114,205,319,57,20,32,67,224,330,145,102,70,11,3
MILLEAN01,1995,Anthony,Miller,LAL,N,27,123,36,11,14,25,4,4,1,8,19,35,15,10,6,2,0
MILLEOL01,1995,Oliver,Miller,TOR,N,76,2516,982,177,385,562,219,108,143,202,277,795,418,221,146,11,0
MILLERE01,1995,Reggie,Miller,IND,N,76,2621,1606,38,176,214,253,77,13,189,175,1066,504,498,430,410,168
MILLSCH01,1995,Chris,Mills,CLE,N,80,3060,1205,112,331,443,188,73,52,121,241,971,454,263,218,210,79
MILLSTE01,1995,Terry,Mills,DET,N,82,1656,769,108,244,352,98,42,20,98,197,675,283,157,121,207,82
MINERHA01,1995,Harold,Miner,CLE,N,19,136,61,4,8,12,8,0,0,14,23,52,23,13,13,10,2
MINORGR01,1995,Greg,Minor,BOS,N,78,1761,746,93,164,257,146,36,11,78,161,640,320,130,99,27,7
MITCHSA01,1995,Sam,Mitchell,MIN,N,78,2145,844,107,232,339,74,49,26,87,220,618,303,291,237,18,1
MOBLEER01,1995,Eric,Mobley,TOT,N,39,676,188,54,86,140,22,14,24,50,87,138,74,87,39,2,1
MOBLEER01,1995,Eric,Mobley,MIL,N,5,65,6,3,9,12,0,1,1,1,5,7,2,4,2,0,0
MOBLEER01,1995,Eric,Mobley,VAN,N,34,611,182,51,77,128,22,13,23,49,82,131,72,83,37,2,1
MONTRER01,1995,Eric,Montross,BOS,N,61,1432,442,119,233,352,43,19,29,83,181,346,196,133,50,0,0
MOORETR01,1995,Tracy,Moore,HOU,N,8,190,91,10,12,22,6,2,0,8,16,76,30,19,18,30,13
MORRICH01,1995,Chris,Morris,UTA,N,66,1424,691,100,129,229,77,63,20,71,140,606,265,127,98,197,63
MOTENLA01,1995,Lawrence,Moten,VAN,N,44,573,291,36,25,61,50,29,8,44,54,247,112,75,49,55,18
MOURNAL01,1995,Alonzo,Mourning,MIA,N,70,2671,1623,218,509,727,159,70,189,262,245,1076,563,712,488,30,9
MULLICH01,1995,Chris,Mullin,GSW,N,55,1617,734,44,115,159,194,75,32,122,127,539,269,160,137,150,59
MUNDTTO01,1995,Todd,Mundt,TOT,N,33,151,37,11,17,28,3,2,5,3,29,41,16,8,5,0,0
MUNDTTO01,1995,Todd,Mundt,BOS,N,9,33,6,1,2,3,1,1,1,0,6,9,3,0,0,0,0
MUNDTTO01,1995,Todd,Mundt,ATL,N,24,118,31,10,15,25,2,1,4,3,23,32,13,8,5,0,0
MURDOER01,1995,Eric,Murdock,VAN,N,64,1480,585,21,134,155,292,129,9,120,124,521,220,131,106,122,39
MURDOER01,1995,Eric,Murdock,TOT,N,73,1673,647,26,143,169,327,135,9,132,140,587,244,143,114,145,45
MURDOER01,1995,Eric,Murdock,MIL,N,9,193,62,5,9,14,35,6,0,12,16,66,24,12,8,23,6
MURESGH01,1995,Gheorghe,Muresan,WA1,N,76,2242,1104,248,480,728,56,52,172,143,297,798,466,278,172,1,0
MURRALA01,1995,Lamond,Murray,LAC,N,77,1816,650,89,157,246,84,61,25,108,151,575,257,132,99,116,37
MURRATR01,1995,Tracy,Murray,TOR,N,82,2458,1325,114,238,352,131,87,40,132,208,1092,496,219,182,358,151
MUTOMDI01,1995,Dikembe,Mutombo,DEN,N,74,2713,814,249,622,871,108,38,332,150,258,569,284,354,246,1,0
MYERSPE01,1995,Pete,Myers,CHA,N,32,453,92,14,53,67,48,20,6,25,57,87,29,46,31,16,3
MYERSPE01,1995,Pete,Myers,TOT,N,71,1092,276,35,105,140,145,34,17,81,132,247,91,122,80,58,14
MYERSPE01,1995,Pete,Myers,MIA,N,39,639,184,21,52,73,97,14,11,56,75,160,62,76,49,42,11
NATHAHO01,1995,Howard,Nathan,ATL,N,5,15,13,0,0,0,2,3,0,8,2,9,5,4,3,1,0
NEWMAJO01,1995,Johnny,Newman,MIL,N,82,2690,889,66,134,200,154,90,15,108,257,649,321,232,186,162,61
NORMAKE01,1995,Ken,Norman,ATL,N,34,770,304,40,92,132,63,15,16,46,68,273,127,48,17,84,33
OAKLECH01,1995,Charles,Oakley,NYK,N,53,1775,604,162,298,460,137,58,14,104,195,448,211,210,175,26,7
OBANED01,1995,Ed,O'bannon,NJN,N,64,1253,399,65,103,168,63,44,11,62,95,400,156,108,77,56,10
OLAJUHA01,1995,Hakeem,Olajuwon,HOU,N,72,2797,1936,176,608,784,257,113,207,247,242,1494,768,548,397,14,3
ONEASH01,1995,Shaquille,O'neal,ORL,N,54,1946,1434,182,414,596,155,34,115,155,193,1033,592,511,249,2,1
OSTERGR01,1995,Greg,Ostertag,UTA,N,57,661,208,57,118,175,5,5,62,25,91,182,86,54,36,0,0
OSULDA01,1995,Dan,O'sullivan,TOR,N,5,139,33,13,19,32,2,2,4,5,13,35,13,8,7,1,0
OUTLABO01,1995,Bo,Outlaw,LAC,N,80,985,286,87,113,200,50,44,91,45,127,186,107,162,72,3,0
OVERTDO01,1995,Doug,Overton,DEN,N,55,607,182,8,55,63,106,13,5,40,48,178,67,55,40,26,8
OWENSBI01,1995,Billy,Owens,MIA,N,40,1388,590,94,192,286,134,30,22,113,132,473,239,177,112,6,0
OWENSBI01,1995,Billy,Owens,SAC,N,22,594,218,49,76,125,70,19,16,51,60,200,84,70,45,12,5
OWENSBI01,1995,Billy,Owens,TOT,N,62,1982,808,143,268,411,204,49,38,164,192,673,323,247,157,18,5
PACKRO01,1995,Robert,Pack,WA1,N,31,1084,560,29,103,132,242,62,1,114,68,444,190,182,154,98,26
PARISRO01,1995,Robert,Parish,CHA,N,74,1086,290,89,214,303,29,21,54,50,80,241,120,71,50,0,0
PARKSCH01,1995,Cherokee,Parks,DAL,N,64,869,250,66,150,216,29,25,32,31,100,247,101,62,41,26,7
PAYTOGA01,1995,Gary,Payton,SEA,N,81,3162,1563,104,235,339,608,231,19,260,221,1276,618,306,229,299,98
PEELEAN01,1995,Anthony,Peeler,LAL,N,73,1608,710,45,92,137,118,59,10,56,139,602,272,86,61,254,105
PEPLOMI01,1995,Mike,Peplowski,WA1,N,2,5,0,0,0,0,0,0,0,0,4,0,0,0,0,0,0
PEPLOMI01,1995,Mike,Peplowski,TOT,N,7,17,7,1,3,4,1,1,2,2,10,5,3,3,1,0,0
PEPLOMI01,1995,Mike,Peplowski,MIL,N,5,12,7,1,3,4,1,1,2,2,6,5,3,3,1,0,0
PERDUWI01,1995,Will,Perdue,SAS,N,80,1396,413,175,310,485,33,28,75,86,183,331,173,125,67,1,0
PERKISA01,1995,Sam,Perkins,SEA,N,82,2169,970,101,266,367,120,83,48,82,174,797,325,241,191,363,129
PERRYEL01,1995,Elliot,Perry,PHO,N,81,1668,697,34,102,136,353,87,5,146,140,549,261,194,151,59,24
PERRYTI01,1995,Tim,Perry,PHI,N,8,87,19,6,7,13,2,2,3,3,5,18,8,3,2,1,1
PERRYTI01,1995,Tim,Perry,NJN,N,22,167,52,15,20,35,6,2,10,7,11,47,23,6,3,7,3
PERRYTI01,1995,Tim,Perry,TOT,N,30,254,71,21,27,48,8,4,13,10,16,65,31,9,5,8,4
PERSOCH01,1995,Chuck,Person,SAS,N,80,2131,873,76,337,413,100,49,26,91,197,705,308,104,67,463,190
PERSOWE01,1995,Wesley,Person,PHO,N,82,2609,1045,56,265,321,138,55,22,89,148,877,390,192,148,313,117
PHILLBO01,1995,Bobby,Phills,CLE,N,72,2530,1051,62,199,261,271,102,27,126,192,826,386,240,186,211,93
PIATKER01,1995,Eric,Piatkowski,LAC,N,65,784,301,40,63,103,48,24,10,45,84,242,98,82,67,114,38
PIERCRI01,1995,Ricky,Pierce,IND,N,76,1404,737,40,96,136,101,57,6,93,188,590,264,205,174,104,35
PINCKED01,1995,Ed,Pinckney,TOR,N,47,1031,328,115,167,282,50,31,17,54,101,233,117,124,94,3,0
PINCKED01,1995,Ed,Pinckney,TOT,N,74,1710,478,189,269,458,72,64,28,77,156,335,171,179,136,3,0
PINCKED01,1995,Ed,Pinckney,PHI,N,27,679,150,74,102,176,22,33,11,23,55,102,54,55,42,0,0
PIPPESC01,1995,Scottie,Pippen,CHI,N,77,2825,1496,152,344,496,452,133,57,207,198,1216,563,324,220,401,150
POLYNOL01,1995,Olden,Polynice,SAC,N,81,2441,985,257,507,764,58,52,66,127,250,818,431,203,122,3,1
PORTETE01,1995,Terry,Porter,MIN,N,82,2072,773,36,176,212,452,89,15,173,154,608,269,209,164,226,71
PRICEBR01,1995,Brent,Price,WA1,N,81,2042,810,38,190,228,416,78,4,154,184,534,252,191,167,301,139
PRICEMA01,1995,Mark,Price,WA1,N,7,127,56,1,6,7,18,6,0,9,7,60,18,10,10,30,10
PRITCKE01,1995,Kevin,Pritchard,WA1,N,2,22,7,0,2,2,7,2,0,0,3,3,2,3,2,1,1
RADJADI01,1995,Dino,Radja,BOS,N,53,1984,1043,113,409,522,83,48,81,117,161,852,426,275,191,0,0
RATLITH01,1995,Theo,Ratliff,DET,N,75,1305,341,110,187,297,13,16,116,56,144,230,128,120,85,1,0
RECASEL01,1995,Eldridge,Recasner,HOU,N,63,1275,436,31,113,144,170,23,5,61,111,359,149,66,57,191,81
REEVEBR01,1995,Bryant,Reeves,VAN,N,77,2460,1021,178,392,570,109,43,55,157,226,877,401,299,219,3,0
REEVEKH01,1995,Khalid,Reeves,CHA,N,20,418,162,11,29,40,72,16,1,30,46,118,54,51,43,36,11
REEVEKH01,1995,Khalid,Reeves,NJN,N,31,415,117,7,32,39,46,21,2,33,69,109,41,31,18,55,17
REEVEKH01,1995,Khalid,Reeves,TOT,N,51,833,279,18,61,79,118,37,3,63,115,227,95,82,61,91,28
REIDDO01,1995,Don,Reid,DET,N,69,997,263,78,125,203,11,47,40,41,199,187,106,77,51,0,0
REIDJR01,1995,J.r.,Reid,SAS,N,32,643,208,35,88,123,14,25,10,49,98,164,72,87,64,1,0
REIDJR01,1995,J.r.,Reid,TOT,N,65,1313,427,73,182,255,42,43,17,79,187,324,160,142,107,1,0
REIDJR01,1995,J.r.,Reid,NYK,N,33,670,219,38,94,132,28,18,7,30,89,160,88,55,43,0,0
RENCHTE01,1995,Terrence,Rencher,PHO,N,2,8,3,0,2,2,0,0,1,2,1,1,1,3,1,0,0
RENCHTE01,1995,Terrence,Rencher,MIA,N,34,397,103,9,33,42,54,16,1,41,36,99,32,43,30,29,9
RENCHTE01,1995,Terrence,Rencher,TOT,N,36,405,106,9,35,44,54,16,2,43,37,100,33,46,31,29,9
RESPESH01,1995,Shawn,Respert,MIL,N,62,845,303,28,46,74,68,32,4,42,67,292,113,42,35,122,42
REYNOJE01,1995,Jerry,Reynolds,MIL,N,19,191,56,13,20,33,12,15,6,16,20,53,21,21,13,10,1
RICEGL01,1995,Glen,Rice,CHA,N,79,3142,1710,86,292,378,232,91,19,163,217,1296,610,381,319,403,171
RICHAPO01,1995,Pooh,Richardson,LAC,N,63,2013,734,35,123,158,340,77,13,95,134,664,281,105,78,245,94
RICHMMI01,1995,Mitch,Richmond,SAC,N,81,2946,1872,54,215,269,255,125,19,220,233,1368,611,491,425,515,225
RIDERIS01,1995,Isaiah,Rider,MIN,N,75,2594,1470,99,210,309,213,48,23,201,204,1206,560,296,248,275,102
RILEYER01,1995,Eric,Riley,MIN,N,25,310,92,32,44,76,5,8,16,17,42,74,35,28,22,1,0
RIVERDO01,1995,Doc,Rivers,SAS,N,78,1235,311,30,108,138,123,73,21,57,175,290,108,64,48,137,47
ROBERAL01,1995,Alvin,Robertson,TOR,N,77,2478,718,110,232,342,323,166,36,183,268,607,285,158,107,151,41
ROBERFR01,1995,Fred,Roberts,LAL,N,33,317,122,18,29,47,26,16,4,24,24,97,48,28,22,14,4
ROBERST01,1995,Stanley,Roberts,LAC,N,51,795,356,42,120,162,41,15,39,48,153,304,141,133,74,0,0
ROBINCL02,1995,Clifford,Robinson,POR,N,78,2980,1644,123,320,443,190,86,68,194,248,1306,553,542,360,471,178
ROBINDA01,1995,David,Robinson,SAS,N,82,3019,2051,319,681,1000,247,111,271,190,262,1378,711,823,626,9,3
ROBINGL01,1995,Glenn,Robinson,MIL,N,82,3249,1660,136,368,504,293,95,42,282,236,1382,627,389,316,263,90
ROBINJA03,1995,James,Robinson,POR,N,76,1627,649,44,113,157,150,34,16,111,146,574,229,135,89,284,102
ROBINRU01,1995,Rumeal,Robinson,POR,N,43,715,247,19,59,78,142,26,5,72,79,221,92,51,33,79,30
RODMADE01,1995,Dennis,Rodman,CHI,N,64,2088,351,356,596,952,160,36,27,138,196,304,146,106,56,27,3
ROELO01,1995,Lou,Roe,DET,N,49,372,90,30,48,78,15,10,8,17,42,90,32,32,24,9,2
ROGERCA01,1995,Carlos,Rogers,TOR,N,56,1043,430,80,90,170,35,25,48,61,87,344,178,130,71,21,3
ROGERRO01,1995,Rodney,Rogers,LAC,N,67,1950,774,113,173,286,167,75,35,144,216,641,306,180,113,153,49
ROOKSSE01,1995,Sean,Rooks,ATL,N,16,215,93,21,30,51,9,4,14,31,35,58,32,43,29,1,0
ROOKSSE01,1995,Sean,Rooks,TOT,N,65,1117,424,81,174,255,47,23,42,80,141,285,144,202,135,7,1
ROOKSSE01,1995,Sean,Rooks,MIN,N,49,902,331,60,144,204,38,19,28,49,106,227,112,159,106,6,1
ROSEJA01,1995,Jalen,Rose,DEN,N,80,2134,803,46,214,260,495,53,39,234,229,604,290,277,191,108,32
ROYALDO01,1995,Donald,Royal,ORL,N,64,963,337,57,96,153,42,29,15,52,97,216,106,164,125,2,0
ROZIECL01,1995,Clifford,Rozier,GSW,N,59,723,184,71,100,171,22,19,30,40,135,135,79,55,26,2,0
RUFFITR01,1995,Trevor,Ruffin,PHI,N,61,1551,778,21,111,132,269,43,2,149,132,648,263,182,148,284,104
RUSCOST01,1995,Stefano,Rusconi,PHO,N,7,30,8,3,3,6,3,0,2,3,10,9,3,5,2,0,0
RUSSEBR01,1995,Bryon,Russell,UTA,N,59,577,174,28,62,90,29,29,8,36,66,142,56,67,48,40,14
SABONAR01,1995,Arvydas,Sabonis,POR,N,73,1735,1058,147,441,588,130,64,78,154,211,723,394,305,231,104,39
SALLEJO01,1995,John,Salley,CHI,N,17,191,36,20,23,43,15,8,15,16,38,35,12,20,12,0,0
SALLEJO01,1995,John,Salley,TOR,N,25,482,149,26,71,97,39,11,12,39,72,105,51,65,47,0,0
SALLEJO01,1995,John,Salley,TOT,N,42,673,185,46,94,140,54,19,27,55,110,140,63,85,59,0,0
SCHAYDA01,1995,Danny,Schayes,MIA,N,32,399,101,29,60,89,9,11,16,23,60,94,32,46,37,0,0
SCHEFST01,1995,Steve,Scheffler,SEA,N,35,181,58,15,18,33,2,6,2,8,25,45,24,19,9,5,1
SCHINDU01,1995,Duane,Schintzius,IND,N,33,297,111,23,55,78,14,9,12,19,53,110,49,21,13,0,0
SCHREDE01,1995,Detlef,Schrempf,SEA,N,63,2200,1080,73,255,328,276,56,8,146,179,740,360,370,287,179,73
SCOTTBY01,1995,Byron,Scott,VAN,N,80,1894,819,40,152,192,123,63,22,100,126,676,271,243,203,221,74
SCOTTDE01,1995,Dennis,Scott,ORL,N,82,3041,1431,63,246,309,243,90,29,122,169,1117,491,222,182,628,267
SEALYMA01,1995,Malik,Sealy,LAC,N,62,1601,712,76,164,240,116,84,28,113,150,655,272,184,147,100,21
SEIKARO01,1995,Rony,Seikaly,GSW,N,64,1813,776,166,333,499,71,40,69,180,219,568,285,282,204,3,2
SHAWBR01,1995,Brian,Shaw,ORL,N,75,1679,496,58,166,224,336,58,11,173,160,486,182,114,91,144,41
SIMMOLI01,1995,Lionel,Simmons,SAC,N,54,810,246,41,104,145,83,31,20,51,85,217,86,75,55,51,19
SIMPKDI01,1995,Dickey,Simpkins,CHI,N,60,685,216,66,90,156,38,9,8,56,78,160,77,97,61,1,1
SKILESC01,1995,Scott,Skiles,PHI,N,10,236,63,1,15,16,38,7,0,16,21,57,20,10,8,34,15
SLATERE01,1995,Reggie,Slater,POR,N,4,20,6,0,3,3,0,1,2,3,1,5,3,0,0,0,0
SLATERE01,1995,Reggie,Slater,TOT,N,11,72,31,4,11,15,2,2,3,9,11,27,14,7,3,0,0
SLATERE01,1995,Reggie,Slater,DAL,N,3,26,11,1,4,5,0,0,0,3,6,11,5,2,1,0,0
SLATERE01,1995,Reggie,Slater,DEN,N,4,26,14,3,4,7,2,1,1,3,4,11,6,5,2,0,0
SMITHCH01,1995,Charles,Smith,SAS,N,32,826,306,74,128,202,36,32,29,45,100,284,130,60,46,0,0
SMITHCH01,1995,Charles,Smith,NYK,N,41,890,303,59,101,160,29,18,51,61,124,294,114,103,73,15,2
SMITHCH01,1995,Charles,Smith,TOT,N,73,1716,609,133,229,362,65,50,80,106,224,578,244,163,119,15,2
SMITHCH02,1995,Charles,Smith,MIN,N,8,39,6,0,5,5,6,1,0,5,7,10,3,2,0,3,0
SMITHDO04,1995,Doug,Smith,BOS,N,17,92,33,12,10,22,4,3,0,11,21,39,14,8,5,0,0
SMITHJO01,1995,Joe,Smith,GSW,N,82,2821,1251,300,417,717,79,85,134,138,224,1024,469,392,303,28,10
SMITHKE01,1995,Kenny,Smith,HOU,N,68,1617,580,21,75,96,245,47,3,100,116,464,201,106,87,238,91
SMITHMI01,1995,Michael,Smith,SAC,N,65,1384,357,143,246,389,110,47,46,72,166,238,144,177,68,1,1
SMITHST01,1995,Steve,Smith,ATL,N,80,2856,1446,124,202,326,224,68,17,151,207,1143,494,385,318,423,140
SMITHTO01,1995,Tony,Smith,MIA,N,25,410,109,6,33,39,68,16,5,26,46,101,46,9,4,39,13
SMITHTO01,1995,Tony,Smith,TOT,N,59,938,298,30,65,95,154,37,10,66,106,274,116,46,28,116,38
SMITHTO01,1995,Tony,Smith,PHO,N,34,528,189,24,32,56,86,21,5,40,60,173,70,37,24,77,25
SMITSRI01,1995,Rik,Smits,IND,N,63,1901,1164,119,314,433,110,21,45,160,226,894,466,293,231,5,1
SNOWER01,1995,Eric,Snow,SEA,N,43,389,115,9,34,43,73,28,0,38,53,100,42,49,29,10,2
SPENCEL01,1995,Elmore,Spencer,DEN,N,6,21,0,1,3,4,0,0,0,3,8,1,0,0,0,0,0
SPENCEL01,1995,Elmore,Spencer,POR,N,11,37,14,2,7,9,1,0,2,3,4,12,5,6,4,0,0
SPENCEL01,1995,Elmore,Spencer,TOT,N,17,58,14,3,10,13,1,0,2,6,12,13,5,6,4,0,0
SPENCFE01,1995,Felton,Spencer,UTA,N,71,1267,396,100,206,306,11,20,54,77,240,281,146,151,104,0,0
SPREWLA01,1995,Latrell,Sprewell,GSW,N,78,3064,1473,124,256,380,328,127,45,224,150,1202,515,446,352,282,91
STACKJE01,1995,Jerry,Stackhouse,PHI,N,72,2701,1384,90,175,265,278,76,79,252,179,1091,452,518,387,292,93
STARKJO01,1995,John,Starks,NYK,N,81,2491,1024,31,206,237,315,103,11,156,226,846,375,174,131,396,143
STITHBR01,1995,Bryant,Stith,DEN,N,82,2810,1119,125,275,400,241,114,16,157,187,911,379,379,320,148,41
STOCKJO01,1995,John,Stockton,UTA,N,82,2915,1209,54,172,226,916,140,15,246,207,818,440,282,234,225,95
STOUDDA01,1995,Damon,Stoudamire,TOR,N,70,2865,1331,59,222,281,653,98,19,267,166,1129,481,296,236,337,133
STRICRO01,1995,Rod,Strickland,POR,N,67,2526,1256,89,208,297,640,97,16,255,135,1023,471,423,276,111,38
STRONDE01,1995,Derek,Strong,LAL,N,63,746,214,60,118,178,32,18,12,20,80,169,72,85,69,9,1
SURABO01,1995,Bob,Sura,CLE,N,79,1150,422,34,101,135,233,56,21,115,126,360,148,141,99,78,27
SUTTOGR01,1995,Greg,Sutton,CHA,N,18,190,62,4,11,15,39,8,0,17,36,50,20,19,15,21,7
SUTTOGR01,1995,Greg,Sutton,TOT,N,48,655,252,8,42,50,102,25,2,62,92,217,85,46,35,117,47
SUTTOGR01,1995,Greg,Sutton,PHI,N,30,465,190,4,31,35,63,17,2,45,56,167,65,27,20,96,40
SYKESLA01,1995,Larry,Sykes,BOS,N,1,2,0,1,1,2,0,0,0,1,0,0,0,0,0,0,0
TABAKZA01,1995,Zan,Tabak,TOR,N,67,1332,514,117,203,320,62,24,31,101,204,414,225,114,64,1,0
THOMAKU01,1995,Kurt,Thomas,MIA,N,74,1655,666,122,317,439,46,47,36,98,270,547,274,178,118,2,0
THOMPBR01,1995,Brooks,Thompson,ORL,N,33,246,140,4,20,24,31,12,0,24,35,103,48,27,19,64,25
THOMPLA01,1995,Lasalle,Thompson,PHI,N,44,773,85,62,137,199,26,19,20,37,125,83,33,24,19,0,0
THORNBO01,1995,Bob,Thornton,WA1,N,7,31,3,6,6,12,0,1,0,1,7,6,1,2,1,0,0
THORPOT01,1995,Otis,Thorpe,DET,N,82,2841,1161,211,477,688,158,53,39,195,300,853,452,362,257,4,0
THREASE01,1995,Sedale,Threatt,LAL,N,82,1687,596,20,75,95,269,68,11,74,178,526,241,71,54,169,60
TISDAWA01,1995,Wayman,Tisdale,PHO,N,63,1152,672,55,159,214,58,15,36,63,188,564,279,149,114,0,0
TOOLSAN01,1995,Andy,Toolson,UTA,N,13,53,22,0,6,6,1,0,0,2,12,22,8,4,3,12,3
TOWERKE01,1995,Keith,Tower,LAC,N,34,305,82,22,29,51,5,4,11,16,50,72,32,26,18,1,0
TRENTGA01,1995,Gary,Trent,POR,N,69,1219,518,84,154,238,50,25,11,92,116,429,220,141,78,9,0
TURNEJE01,1995,Jeff,Turner,ORL,N,13,192,47,10,18,28,6,2,1,11,33,51,18,2,2,27,9
VANDELO01,1995,Log,Vandervelden,LAC,N,15,31,9,1,5,6,1,0,0,0,4,14,3,4,3,5,0
VANEXNI01,1995,Nick,Vanexel,LAL,N,74,2513,1099,29,152,181,509,70,10,156,115,950,396,204,163,403,144
VAUGHDA02,1995,David,Vaughn,ORL,N,33,266,64,33,47,80,8,6,15,18,68,80,27,18,10,1,0
VAUGHLO01,1995,Loy,Vaught,LAC,N,80,2966,1298,204,604,808,112,87,40,158,241,1087,571,205,149,19,7
WALLARA01,1995,Rasheed,Wallace,WA1,N,65,1788,655,93,210,303,85,42,54,103,206,565,275,120,78,82,27
WALTERE01,1995,Rex,Walters,NJN,N,11,87,33,2,5,7,11,3,0,7,4,33,12,6,6,12,3
WALTERE01,1995,Rex,Walters,PHI,N,33,523,153,11,37,48,95,22,4,34,49,115,49,46,36,54,19
WALTERE01,1995,Rex,Walters,TOT,N,44,610,186,13,42,55,106,25,4,41,53,148,61,52,42,66,22
WARDCH01,1995,Charlie,Ward,NYK,N,62,787,244,29,73,102,132,54,6,79,98,218,87,54,37,99,33
WATSOJA01,1995,Jamie,Watson,UTA,N,16,217,48,5,22,27,24,8,2,17,30,43,18,13,9,7,3
WEATHCL01,1995,Clarence,Weatherspoon,PHI,N,78,3096,1300,237,516,753,158,112,108,180,214,1015,491,426,318,2,0
WEBBECH01,1995,Chris,Webber,WA1,N,15,558,356,37,77,114,75,27,9,49,51,276,150,69,41,34,15
WEBBSP01,1995,Spud,Webb,TOT,N,77,1462,544,26,74,100,294,52,7,110,109,430,186,145,125,129,47
WEBBSP01,1995,Spud,Webb,MIN,N,26,645,244,7,33,40,154,25,5,59,41,208,82,58,51,72,29
WEBBSP01,1995,Spud,Webb,ATL,N,51,817,300,19,41,60,140,27,2,51,68,222,104,87,74,57,18
WEBSTJE01,1995,Jeff,Webster,WA1,N,11,58,18,2,5,7,3,4,0,3,7,23,8,0,0,6,2
WENNIBI01,1995,Bill,Wennington,CHI,N,71,1065,376,58,116,174,46,21,16,37,171,343,169,43,37,1,1
WERDARO01,1995,Robert,Werdann,NJN,N,13,93,39,5,18,23,2,5,3,6,17,32,16,13,7,0,0
WESLEDA01,1995,David,Wesley,BOS,N,82,2104,1009,68,196,264,390,100,11,159,207,736,338,288,217,272,116
WESTDO01,1995,Doug,West,MIN,N,73,1639,465,48,113,161,119,30,17,81,228,393,175,144,114,13,1
WESTMA01,1995,Mark,West,DET,N,47,682,150,49,84,133,6,6,37,35,135,126,61,45,28,0,0
WHITFDW01,1995,Dwayne,Whitfield,TOR,N,8,122,40,9,16,25,2,3,2,8,14,30,13,22,14,0,0
WHITNCH01,1995,Chris,Whitney,WA1,N,21,335,150,2,31,33,51,18,1,23,46,100,45,44,41,44,19
WILKIGE01,1995,Gerald,Wilkins,VAN,N,28,738,188,22,43,65,68,22,2,37,55,205,77,23,20,64,14
WILLIBU01,1995,Buck,Williams,POR,N,70,1672,511,159,245,404,42,40,47,90,187,384,192,187,125,3,2
WILLICO02,1995,Corliss,Williamson,SAC,N,53,609,297,56,58,114,23,11,9,76,115,268,125,84,47,3,0
WILLIER01,1995,Eric,Williams,BOS,N,64,1470,685,92,125,217,70,56,11,88,147,546,241,298,200,10,3
WILLIHE01,1995,Herb,Williams,TOR,N,1,31,6,1,7,8,0,1,2,0,4,8,3,0,0,0,0
WILLIHE01,1995,Herb,Williams,NYK,N,43,540,132,14,68,82,27,13,31,22,75,144,59,20,13,4,1
WILLIHE01,1995,Herb,Williams,TOT,N,44,571,138,15,75,90,27,14,33,22,79,152,62,20,13,4,1
WILLIHO01,1995,Hotrod,Williams,PHO,N,62,1652,455,129,243,372,62,46,90,62,170,397,180,130,95,1,0
WILLIJA01,1995,Jayson,Williams,NJN,N,80,1858,721,342,461,803,47,35,57,106,238,660,279,272,161,7,2
WILLIKE01,1995,Kevin,Willis,GSW,N,28,778,315,74,144,218,19,13,16,62,95,300,130,77,54,4,1
WILLIKE01,1995,Kevin,Willis,TOT,N,75,2135,794,208,430,638,53,32,41,161,253,712,325,202,143,9,1
WILLIKE01,1995,Kevin,Willis,MIA,N,47,1357,479,134,286,420,34,19,25,99,158,412,195,125,89,5,0
WILLILO01,1995,Lorenzo,Williams,DAL,N,65,1806,198,234,287,521,85,48,122,78,226,214,87,70,24,1,0
WILLIMI01,1995,Michael,Williams,MIN,N,9,189,55,3,20,23,31,5,3,23,37,40,13,33,28,3,1
WILLIMO01,1995,Monty,Williams,NYK,N,14,62,19,9,8,17,4,2,0,5,9,22,7,8,5,0,0
WILLIMO01,1995,Monty,Williams,SAS,N,17,122,49,11,12,23,4,4,2,13,17,46,20,12,9,1,0
WILLIMO01,1995,Monty,Williams,TOT,N,31,184,68,20,20,40,8,6,2,18,26,68,27,20,14,1,0
WILLIRE01,1995,Reggie,Williams,DEN,N,52,817,241,25,97,122,74,34,21,51,137,254,94,39,33,89,20
WILLISC01,1995,Scott,Williams,PHI,N,13,193,40,13,33,46,5,6,7,8,27,29,15,12,10,2,0
WILLIWA01,1995,Walt,Williams,MIA,N,28,788,337,37,75,112,65,32,16,48,87,268,124,60,33,123,56
WILLIWA01,1995,Walt,Williams,TOT,N,73,2169,995,99,220,319,230,85,58,151,238,808,359,232,163,293,114
WILLIWA01,1995,Walt,Williams,SAC,N,45,1381,658,62,145,207,165,53,42,103,151,540,235,172,130,170,58
WILSOTR01,1995,Trevor,Wilson,PHI,N,6,79,23,7,7,14,4,3,0,1,9,20,10,4,3,0,0
WINGADA01,1995,David,Wingate,SEA,N,60,695,223,17,39,56,58,20,4,42,66,212,88,41,32,34,15
WINGFDO01,1995,Donton,Wingfield,POR,N,44,487,165,45,59,104,28,20,6,31,73,157,60,34,26,61,19
WOLFJO01,1995,Joe,Wolf,ORL,N,63,1047,291,49,136,185,63,13,5,40,161,262,135,29,21,6,0
WOLFJO01,1995,Joe,Wolf,TOT,N,64,1065,291,49,138,187,63,15,5,42,163,263,135,29,21,6,0
WOLFJO01,1995,Joe,Wolf,CHA,N,1,18,0,0,2,2,0,2,0,2,2,1,0,0,0,0,0
WOODDA01,1995,David,Wood,TOT,N,62,772,208,51,103,154,34,19,10,24,150,174,75,50,38,62,20
WOODDA01,1995,David,Wood,PHO,N,4,34,4,2,3,5,2,1,0,2,9,6,1,2,2,0,0
WOODDA01,1995,David,Wood,GSW,N,21,96,22,7,9,16,5,2,1,3,23,14,7,8,7,3,1
WOODDA01,1995,David,Wood,DAL,N,37,642,182,42,91,133,27,16,9,19,118,154,67,40,29,59,19
WOODSRA01,1995,Randy,Woods,DEN,N,8,72,19,3,3,6,12,6,1,5,13,22,6,2,2,21,5
WORKMHA01,1995,Haywoode,Workman,IND,N,77,1164,279,27,97,124,213,65,4,93,152,259,101,73,54,71,23
WRIGHSH01,1995,Sharone,Wright,TOR,N,11,298,181,24,33,57,11,6,10,28,38,128,65,73,50,3,1
WRIGHSH01,1995,Sharone,Wright,PHI,N,46,1136,483,124,175,299,27,24,39,81,125,384,183,186,117,0,0
WRIGHSH01,1995,Sharone,Wright,TOT,N,57,1434,664,148,208,356,38,30,49,109,163,512,248,259,167,3,1
ZIDEKGE01,1995,George,Zidek,CHA,N,71,888,281,69,114,183,16,9,7,38,170,248,105,93,71,0,0
ABDULMA01,1996,Mahmo,Abdul-rauf,SAC,N,75,2131,1031,16,106,122,189,56,6,119,174,924,411,136,115,246,94
ABDURSH01,1996,Shareef,Abdur-rahim,VAN,N,80,2802,1494,216,339,555,175,79,79,225,199,1214,550,519,387,27,7
ADDISRA01,1996,Rafael,Addison,CHA,N,41,355,128,19,26,45,34,8,3,17,52,122,49,28,22,20,8
ALEXACO01,1996,Cory,Alexander,SAS,N,80,1454,577,29,94,123,254,82,16,146,148,490,194,129,95,252,94
ALLENRA02,1996,Ray,Allen,MIL,N,82,2532,1102,97,229,326,210,75,10,149,218,908,390,249,205,298,117
ALSTODE01,1996,Derrick,Alston,ATL,N,2,11,0,3,1,4,0,0,0,0,0,5,0,2,0,0,0
AMAYAAS01,1996,Ashraf,Amaya,WA1,N,31,144,40,17,35,52,3,7,3,10,29,40,12,28,15,1,1
ANDERCA01,1996,Cadillac,Anderson,SAS,N,82,1659,322,157,291,448,34,63,67,73,225,262,130,93,62,1,0
ANDERKE02,1996,Kenny,Anderson,POR,N,82,3081,1436,91,272,363,584,162,15,193,222,1137,485,435,334,366,132
ANDERNI01,1996,Nick,Anderson,ORL,N,63,2163,757,66,238,304,182,120,32,86,160,725,288,94,38,405,143
ANDERSH01,1996,Shandon,Anderson,UTA,N,65,1066,386,52,127,179,49,27,8,73,113,318,147,99,68,47,24
ANDERWI01,1996,Willie,Anderson,MIA,N,28,303,83,15,27,42,34,14,4,19,36,64,29,20,17,19,8
ANTHOGR01,1996,Greg,Anthony,VAN,N,65,1863,616,25,159,184,407,129,4,129,122,507,199,178,130,238,88
ARMSTBJ01,1996,B.j.,Armstrong,GSW,N,49,1020,389,7,67,74,126,25,2,53,56,327,148,79,68,90,25
ARMSTDA01,1996,Darrell,Armstrong,ORL,N,67,1010,411,35,41,76,175,61,9,99,114,345,132,106,92,181,55
ASKEWVI01,1996,Vincent,Askew,NJN,N,1,7,0,0,0,0,0,0,0,0,1,0,0,0,0,0,0
ASKEWVI01,1996,Vincent,Askew,DEN,N,1,9,6,0,0,0,0,0,0,4,0,3,2,2,2,0,0
ASKEWVI01,1996,Vincent,Askew,IND,N,41,822,233,25,73,98,90,17,6,42,122,183,79,86,68,24,7
ASKEWVI01,1996,Vincent,Askew,TOT,N,43,838,239,25,73,98,90,17,6,46,123,186,81,88,70,24,7
ASKINKE01,1996,Keith,Askins,MIA,N,78,1773,384,86,185,271,75,53,19,59,196,319,138,58,39,172,69
AUGMOST01,1996,Stacey,Augmon,DET,N,20,292,90,14,35,49,15,10,10,37,29,77,31,41,28,0,0
AUGMOST01,1996,Stacey,Augmon,TOT,N,60,942,279,47,91,138,56,42,17,64,87,220,105,97,69,0,0
AUGMOST01,1996,Stacey,Augmon,POR,N,40,650,189,33,56,89,41,32,7,27,58,143,74,56,41,0,0
AUSTIIS01,1996,Isaac,Austin,MIA,N,82,1881,792,136,342,478,101,45,43,161,244,639,321,226,150,3,0
BAKERVI01,1996,Vin,Baker,MIL,N,78,3159,1637,267,537,804,211,81,112,245,275,1251,632,521,358,54,15
BARKLCH01,1996,Charles,Barkley,HOU,N,53,2009,1016,212,504,716,248,69,25,151,153,692,335,415,288,205,58
BARRODA01,1996,Dana,Barros,BOS,N,24,708,300,5,43,48,81,26,6,39,34,253,110,43,37,105,43
BARRYBR01,1996,Brent,Barry,LAC,N,59,1094,442,30,80,110,154,51,15,76,88,379,155,93,76,173,56
BARRYJO01,1996,Jon,Barry,ATL,N,58,965,285,26,73,99,115,55,3,59,56,246,100,46,37,124,48
BENJABE01,1996,Benoit,Benjamin,TOR,N,4,44,13,3,6,9,1,1,0,2,5,12,5,4,3,0,0
BENNEEL01,1996,Elmer,Bennett,HOU,N,4,16,10,0,1,1,4,2,0,0,1,6,2,6,5,3,1
BENNEEL01,1996,Elmer,Bennett,DEN,N,5,59,12,0,3,3,7,2,0,10,6,13,4,4,2,6,2
BENNEEL01,1996,Elmer,Bennett,TOT,N,9,75,22,0,4,4,11,4,0,10,7,19,6,10,7,9,3
BESTTR01,1996,Travis,Best,IND,N,76,2064,754,36,130,166,318,98,5,153,221,620,274,197,149,155,57
BLAYLMO01,1996,Mookie,Blaylock,ATL,N,78,3056,1354,114,299,413,463,212,20,185,141,1159,501,174,131,604,221
BLOUNCO01,1996,Corie,Blount,LAL,N,58,1009,241,113,163,276,35,22,25,50,121,179,92,83,56,3,1
BOGUEMU01,1996,Muggsy,Bogues,CHA,N,65,1880,522,25,116,141,469,82,2,108,114,443,204,64,54,144,60
BONEYDE01,1996,Dexter,Boney,PHO,N,8,48,19,3,3,6,0,2,1,1,3,19,6,8,6,6,1
BOOKEME01,1996,Melvin,Booker,DEN,N,5,21,5,0,1,1,3,0,0,7,0,4,2,0,0,2,1
BOOKEME01,1996,Melvin,Booker,TOT,N,21,430,122,7,22,29,53,3,2,27,28,105,46,20,18,37,12
BOOKEME01,1996,Melvin,Booker,GSW,N,16,409,117,7,21,28,50,3,2,20,28,101,44,20,18,35,11
BOWENBR01,1996,Bruce,Bowen,MIA,N,1,1,0,0,0,0,0,0,1,0,0,0,0,0,0,0,0
BOYCEDO01,1996,Donnie,Boyce,ATL,N,22,154,55,7,8,15,13,10,4,16,17,63,21,22,11,16,2
BRADLSH01,1996,Shawn,Bradley,DAL,N,33,1060,482,103,183,286,32,17,88,70,115,449,207,106,68,3,0
BRADLSH01,1996,Shawn,Bradley,NJN,N,40,1228,479,118,207,325,20,23,160,64,122,456,199,122,81,5,0
BRADLSH01,1996,Shawn,Bradley,TOT,N,73,2288,961,221,390,611,52,40,248,134,237,905,406,228,149,8,0
BRADTMA01,1996,Mark,Bradtke,PHI,N,36,251,59,26,42,68,7,5,5,9,34,58,25,13,9,0,0
BRANDTE01,1996,Terrell,Brandon,CLE,N,78,2868,1519,48,253,301,490,138,30,178,177,1313,575,297,268,271,101
BRICKFR01,1996,Frank,Brickowski,BOS,N,17,255,81,6,28,34,15,5,4,19,42,73,32,14,10,20,7
BROOKSC01,1996,Scott,Brooks,NYK,N,38,251,57,6,12,18,29,21,0,17,35,39,19,15,14,12,5
BROWNCH01,1996,Chucky,Brown,PHO,N,10,83,34,3,13,16,4,0,2,4,14,26,13,11,8,0,0
BROWNCH01,1996,Chucky,Brown,TOT,N,70,757,204,41,107,148,28,9,22,19,100,154,78,70,47,6,1
BROWNCH01,1996,Chucky,Brown,MIL,N,60,674,170,38,94,132,24,9,20,15,86,128,65,59,39,6,1
BROWNDE01,1996,Dee,Brown,BOS,N,21,522,160,8,40,48,67,31,7,24,45,166,61,22,18,65,20
BROWNMA01,1996,Marcus,Brown,POR,N,21,184,82,4,11,15,20,8,2,13,26,70,28,19,13,32,13
BROWNMI01,1996,Mike,Brown,PHO,N,6,83,16,9,16,25,5,1,2,2,9,12,5,10,6,0,0
BROWNPJ01,1996,P.j.,Brown,MIA,N,80,2592,761,239,431,670,92,85,98,113,283,656,300,220,161,2,0
BROWNRA01,1996,Randy,Brown,CHI,N,72,1057,341,34,77,111,133,81,17,58,116,333,140,84,57,22,4
BRYANKO01,1996,Kobe,Bryant,LAL,N,71,1103,539,47,85,132,91,49,23,112,102,422,176,166,136,136,51
BRYANMA01,1996,Mark,Bryant,PHO,N,41,1018,380,67,145,212,47,22,5,46,136,275,152,108,76,0,0
BUECHJU01,1996,Jud,Buechler,CHI,N,76,703,139,45,81,126,60,23,21,27,50,158,58,14,5,54,18
BULLAMA01,1996,Matt,Bullard,HOU,N,71,1025,320,13,104,117,67,21,18,38,68,284,114,34,25,183,67
BURRESC01,1996,Scott,Burrell,GSW,N,29,457,143,25,54,79,35,14,8,28,60,140,53,23,15,61,22
BURRESC01,1996,Scott,Burrell,CHA,N,28,482,151,24,55,79,39,14,11,25,60,131,45,53,42,55,19
BURRESC01,1996,Scott,Burrell,TOT,N,57,939,294,49,109,158,74,28,19,53,120,271,98,76,57,116,41
BURTOWI01,1996,Willie,Burton,ATL,N,24,380,148,11,30,41,11,8,3,26,55,116,39,68,57,46,13
BUTLEMI01,1996,Mitchell,Butler,POR,N,49,465,148,19,34,53,30,13,2,27,55,125,52,50,32,39,12
CAFFEJA01,1996,Jason,Caffey,CHI,N,75,1405,549,135,166,301,89,25,9,97,149,385,205,211,139,1,0
CAGEMI01,1996,Michael,Cage,PHI,N,82,1247,151,112,208,320,43,48,42,17,118,141,66,41,19,0,0
CALDWAD01,1996,Adrian,Caldwell,TOT,N,45,569,101,58,109,167,12,16,8,28,87,92,40,50,21,2,0
CALDWAD01,1996,Adrian,Caldwell,NJN,N,18,204,29,20,36,56,5,8,1,12,27,35,10,17,9,2,0
CALDWAD01,1996,Adrian,Caldwell,PHI,N,27,365,72,38,73,111,7,8,7,16,60,57,30,33,12,0,0
CAMBYMA01,1996,Marcus,Camby,TOR,N,63,1897,935,131,263,394,97,66,130,134,214,778,375,264,183,14,2
CAMPBEL01,1996,Elden,Campbell,LAL,N,77,2516,1148,207,408,615,126,46,117,130,276,942,442,370,263,4,1
CARRAN01,1996,Antoine,Carr,UTA,N,82,1460,603,60,135,195,74,24,63,75,214,522,252,127,99,3,0
CARRCH01,1996,Chris,Carr,MIN,N,55,830,337,31,82,113,48,24,10,37,93,271,125,73,56,88,31
CARRUJI01,1996,Jimmy,Carruth,MIL,N,4,21,5,0,4,4,0,0,2,1,4,3,2,1,1,0,0
CASSESA01,1996,Sam,Cassell,DAL,N,16,398,197,14,36,50,57,17,6,41,48,165,70,50,42,49,15
CASSESA01,1996,Sam,Cassell,NJN,N,23,777,445,21,61,82,149,37,7,67,86,377,167,77,64,120,47
CASSESA01,1996,Sam,Cassell,PHO,N,22,539,325,12,38,50,99,23,6,60,66,241,100,124,106,62,19
CASSESA01,1996,Sam,Cassell,TOT,N,61,1714,967,47,135,182,305,77,19,168,200,783,337,251,212,231,81
CAUSWDU01,1996,Duane,Causwell,SAC,N,46,581,118,57,70,127,20,15,38,34,131,94,48,37,20,3,2
CEBALCE01,1996,Cedric,Ceballos,TOT,N,50,1426,729,102,228,330,64,33,23,85,113,617,282,186,139,102,26
CEBALCE01,1996,Cedric,Ceballos,LAL,N,8,279,86,11,42,53,15,5,6,17,19,83,34,15,13,21,5
CEBALCE01,1996,Cedric,Ceballos,PHO,N,42,1147,643,91,186,277,49,28,17,68,94,534,248,171,126,81,21
CHAMBTO01,1996,Tom,Chambers,CHA,N,12,83,19,3,11,14,4,1,0,9,14,31,7,4,3,3,2
CHAPMRE01,1996,Rex,Chapman,PHO,N,65,1833,898,25,156,181,182,52,7,96,108,749,332,149,124,314,110
CHEANCA01,1996,Calbert,Cheaney,WA1,N,79,2411,837,70,198,268,114,77,18,94,226,730,369,137,95,30,4
CHILCPE01,1996,Pete,Chilcutt,VAN,N,54,662,182,67,89,156,47,26,17,28,52,165,72,22,13,69,25
CHILDCH01,1996,Chris,Childs,NYK,N,65,2076,605,22,169,191,398,78,9,180,213,510,211,149,113,181,70
CHILDRA01,1996,Randolph,Childress,POR,N,19,125,29,1,4,5,15,7,0,13,11,30,10,8,6,16,3
CHILDRA01,1996,Randolph,Childress,DET,N,4,30,10,0,1,1,2,2,0,5,5,10,4,0,0,3,2
CHILDRA01,1996,Randolph,Childress,TOT,N,23,155,39,1,5,6,17,9,0,18,16,40,14,8,6,19,5
CHRISDO01,1996,Doug,Christie,TOR,N,81,3127,1176,85,347,432,315,201,45,200,245,949,396,306,237,383,147
COLEMDE01,1996,Derrick,Coleman,PHI,N,57,2102,1032,157,416,573,193,50,75,184,164,836,364,365,272,119,32
COLESBI01,1996,Bimbo,Coles,GSW,N,51,1183,311,39,79,118,149,35,7,59,96,314,122,49,37,102,30
CONLOMA01,1996,Marty,Conlon,BOS,N,74,1614,574,128,195,323,104,46,18,109,154,454,214,171,144,10,2
CORBITY01,1996,Tyrone,Corbin,ATL,N,70,2305,666,76,218,294,124,90,7,85,176,600,253,108,86,208,74
COURTJO01,1996,Joe,Courtney,TOT,N,9,100,25,9,7,16,0,0,0,3,14,30,11,5,3,0,0
COURTJO01,1996,Joe,Courtney,PHI,N,4,52,12,5,4,9,0,0,0,1,8,14,6,0,0,0,0
COURTJO01,1996,Joe,Courtney,SAS,N,5,48,13,4,3,7,0,0,0,2,6,16,5,5,3,0,0
CROTTJO01,1996,John,Crotty,MIA,N,48,659,232,15,32,47,102,18,0,42,79,154,79,64,54,49,20
CUMMITE01,1996,Terry,Cummings,SEA,N,45,828,370,70,113,183,39,33,7,45,113,319,155,82,57,5,3
CURETEA01,1996,Earl,Cureton,TOR,N,9,46,7,4,5,9,4,0,0,1,10,8,3,3,1,0,0
CURRYDE01,1996,Dell,Curry,CHA,N,68,2078,1008,40,171,211,118,60,14,93,147,836,384,142,114,296,126
CURRYMI01,1996,Michael,Curry,DET,N,81,1217,318,23,96,119,43,31,12,28,128,221,99,108,97,77,23
DAMPIER01,1996,Erick,Dampier,IND,N,72,1052,370,96,198,294,43,19,73,84,153,336,131,168,107,1,1
DANIELL01,1996,Lloyd,Daniels,SAC,N,5,28,6,1,3,4,1,1,0,3,4,16,2,0,0,11,2
DANIELL01,1996,Lloyd,Daniels,NJN,N,17,282,92,18,21,39,25,9,3,11,29,103,34,6,5,59,19
DANIELL01,1996,Lloyd,Daniels,TOT,N,22,310,98,19,24,43,26,10,3,14,33,119,36,6,5,70,21
DANILPR01,1996,Predrag,Danilovic,TOT,N,56,1789,702,29,107,136,102,54,9,116,160,570,248,151,121,236,85
DANILPR01,1996,Predrag,Danilovic,MIA,N,43,1351,486,21,81,102,77,39,8,94,123,396,175,94,73,176,63
DANILPR01,1996,Predrag,Danilovic,DAL,N,13,438,216,8,26,34,25,15,1,22,37,174,73,57,48,60,22
DAREYI01,1996,Yinka,Dare,NJN,N,41,313,57,35,47,82,3,4,28,21,51,54,19,37,19,0,0
DAVISAN01,1996,Antonio,Davis,IND,N,82,2335,858,190,408,598,65,42,84,141,260,641,308,362,241,14,1
DAVISBE01,1996,Ben,Davis,PHO,N,20,98,29,12,15,27,0,4,1,3,16,26,10,20,9,0,0
DAVISDA01,1996,Dale,Davis,IND,N,80,2589,832,301,471,772,59,60,77,108,233,688,370,215,92,0,0
DAVISEM01,1996,Emanual,Davis,HOU,N,13,230,65,2,20,22,26,9,2,17,20,54,24,8,5,27,12
DAVISHU01,1996,Hubert,Davis,TOR,N,36,623,181,11,29,40,34,11,2,21,40,184,74,23,17,70,16
DAVISMA01,1996,Mark,Davis,PHI,N,75,1705,639,138,185,323,135,85,31,118,230,535,251,168,113,93,24
DAYTO01,1996,Todd,Day,BOS,N,81,2277,1176,109,221,330,117,108,48,127,208,998,397,331,256,348,126
DECLEAN01,1996,Andrew,Declercq,GSW,N,71,1065,375,122,176,298,32,33,27,76,229,273,142,151,91,0,0
DEHERTE01,1996,Terry,Dehere,LAC,N,73,1053,470,15,80,95,158,27,3,96,142,383,148,148,122,160,52
DELEBI01,1996,Bison,Dele,CHI,N,9,138,63,14,19,33,12,3,5,11,20,63,26,15,11,0,0
DELKTO01,1996,Tony,Delk,CHA,N,61,867,332,31,68,99,99,36,6,68,71,256,119,51,42,112,52
DELNEVI01,1996,Vinny,Delnegro,SAS,N,72,2243,886,39,171,210,231,59,7,92,131,781,365,129,112,140,44
DEMPSDE01,1996,Dell,Demps,ORL,N,2,10,2,0,0,0,0,1,0,0,1,3,0,2,2,1,0
DIVACVL01,1996,Vlade,Divac,CHA,N,81,2840,1024,241,484,725,301,103,180,193,277,847,418,259,177,47,11
DJORDAL01,1996,Aleksi,Djordjevic,POR,N,8,61,25,1,4,5,5,0,0,5,3,16,8,5,4,7,5
DOUGLSH01,1996,Sherman,Douglas,MIL,N,79,2316,764,57,136,193,427,78,10,153,188,610,306,171,114,114,38
DREILGR01,1996,Greg,Dreiling,DAL,N,40,389,80,19,57,76,11,8,7,9,65,74,34,27,11,1,1
DREXLCL01,1996,Clyde,Drexler,HOU,N,62,2271,1114,118,255,373,354,119,36,156,151,899,397,268,201,335,119
DRIGGNA01,1996,Nate,Driggers,BOS,N,15,132,36,12,10,22,6,3,2,6,10,43,13,14,10,9,0
DUCKWKE01,1996,Kevin,Duckworth,LAC,N,26,384,104,23,37,60,16,9,11,33,63,103,45,16,11,4,3
DUDLECH02,1996,Chris,Dudley,POR,N,81,1840,317,204,389,593,43,39,96,80,245,293,126,137,65,0,0
DUMARJO01,1996,Joe,Dumars,DET,N,79,2923,1158,38,153,191,318,57,1,128,97,875,385,256,222,384,166
DUMASTO01,1996,Tony,Dumas,DAL,N,18,227,72,3,11,14,22,10,1,15,36,77,27,23,15,24,3
DUMASTO01,1996,Tony,Dumas,PHO,N,6,51,14,0,2,2,3,0,1,1,9,19,6,2,1,4,1
DUMASTO01,1996,Tony,Dumas,TOT,N,24,278,86,3,13,16,25,10,2,16,45,96,33,25,16,28,4
EARLAC01,1996,Acie,Earl,TOT,N,47,500,188,35,61,96,20,15,28,35,61,180,67,84,54,5,0
EARLAC01,1996,Acie,Earl,MIL,N,9,43,26,2,9,11,2,3,1,2,7,23,8,14,10,0,0
EARLAC01,1996,Acie,Earl,TOR,N,38,457,162,33,52,85,18,12,27,33,54,157,59,70,44,5,0
EDNEYTY01,1996,Tyus,Edney,SAC,N,70,1376,485,34,79,113,226,60,2,112,98,391,150,215,177,42,8
EDWARBL01,1996,Blue,Edwards,VAN,N,61,1439,478,49,140,189,114,38,20,81,135,458,182,109,89,89,25
EDWARKE01,1996,Kevin,Edwards,NJN,N,32,477,190,9,36,45,57,17,4,49,34,183,69,43,37,43,15
EHLOCR01,1996,Craig,Ehlo,SEA,N,62,848,214,39,71,110,68,36,4,45,71,248,87,26,13,95,27
EISLEHO01,1996,Howard,Eisley,UTA,N,82,1083,368,20,64,84,198,44,10,110,141,308,139,89,70,72,20
ELIEMA01,1996,Mario,Elie,HOU,N,78,2687,909,60,175,235,310,92,12,135,200,585,291,231,207,286,120
ELLIOSE01,1996,Sean,Elliott,SAS,N,39,1393,582,48,142,190,124,24,24,89,105,464,196,196,148,126,42
ELLISDA01,1996,Dale,Ellis,DEN,N,82,2940,1361,99,194,293,165,60,7,146,178,1151,477,263,215,528,192
ELLISLA01,1996,Laphonso,Ellis,DEN,N,55,2002,1203,107,279,386,131,44,41,117,181,1014,445,282,218,259,95
ELLISPE01,1996,Pervis,Ellison,BOS,N,6,125,15,9,17,26,4,5,9,7,21,16,6,5,3,0,0
EVANSBR01,1996,Brian,Evans,ORL,N,14,59,20,1,7,8,7,1,2,2,6,22,8,0,0,8,4
EWINGPA01,1996,Patrick,Ewing,NYK,N,78,2887,1751,175,659,834,156,69,189,268,250,1342,655,582,439,9,2
FEICKJA01,1996,Jamie,Feick,CHA,N,3,10,5,1,2,3,0,0,1,0,3,4,2,2,0,1,1
FEICKJA01,1996,Jamie,Feick,SAS,N,38,614,146,81,130,211,26,16,13,31,75,153,54,65,34,13,4
FEICKJA01,1996,Jamie,Feick,TOT,N,41,624,151,82,132,214,26,16,14,31,78,157,56,67,34,14,5
FERREDU01,1996,Duane,Ferrell,IND,N,62,1113,394,57,84,141,66,38,6,55,120,337,159,94,58,44,18
FERRYDA01,1996,Danny,Ferry,CLE,N,82,2633,870,82,255,337,151,56,32,94,245,794,341,87,74,284,114
FINLEMI01,1996,Michael,Finley,PHO,N,27,796,352,34,86,120,68,18,4,44,42,297,141,69,56,55,14
FINLEMI01,1996,Michael,Finley,TOT,N,83,2790,1249,88,284,372,224,68,24,164,138,1071,475,245,198,280,101
FINLEMI01,1996,Michael,Finley,DAL,N,56,1994,897,54,198,252,156,50,20,120,96,774,334,176,142,225,87
FISHEDE01,1996,Derek,Fisher,LAL,N,80,921,309,25,72,97,119,41,5,71,87,262,104,120,79,73,22
FISHMA01,1996,Matt,Fish,MIA,N,1,1,0,0,0,0,0,0,0,1,0,0,0,0,0,0,0
FISHMA01,1996,Matt,Fish,WA1,N,5,7,2,1,4,5,0,0,0,2,2,3,1,0,0,0,0
FISHMA01,1996,Matt,Fish,TOT,N,6,8,2,1,4,5,0,0,0,3,2,3,1,0,0,0,0
FOSTEGR01,1996,Greg,Foster,UTA,N,79,920,278,56,131,187,31,10,20,54,145,245,111,65,54,3,2
FOXRI01,1996,Rick,Fox,BOS,N,76,2650,1174,114,280,394,286,167,40,178,279,950,433,263,207,278,101
FULLETO02,1996,Todd,Fuller,GSW,N,75,949,304,108,141,249,24,10,20,52,146,266,114,110,76,0,0
GAMBLKE01,1996,Kevin,Gamble,SAC,N,62,953,307,13,94,107,77,21,17,27,76,286,123,10,7,112,54
GARNEKE01,1996,Kevin,Garnett,MIN,N,77,2995,1309,190,428,618,236,105,163,175,199,1100,549,272,205,21,6
GARREDE01,1996,Dean,Garrett,MIN,N,68,1665,542,149,346,495,38,40,95,34,158,389,223,138,96,0,0
GATLICH01,1996,Chris,Gatling,NJN,N,3,92,51,8,14,22,3,4,0,6,13,43,18,16,15,0,0
GATLICH01,1996,Chris,Gatling,TOT,N,47,1283,891,134,236,370,28,39,31,120,138,623,327,329,236,6,1
GATLICH01,1996,Chris,Gatling,DAL,N,44,1191,840,126,222,348,25,35,31,114,125,580,309,313,221,6,1
GEARYRE01,1996,Reggie,Geary,CLE,N,39,246,57,4,11,15,36,13,2,15,36,58,22,11,5,21,8
GEIGEMA01,1996,Matt,Geiger,CHA,N,49,1044,437,100,158,258,38,20,27,67,153,350,171,127,89,20,6
GILLIAR01,1996,Armen,Gilliam,MIL,N,80,2050,691,136,361,497,53,61,40,105,206,522,246,259,199,0,0
GILLKE01,1996,Kendall,Gill,NJN,N,82,3199,1789,183,316,499,326,154,46,218,225,1453,644,536,427,220,74
GOLDWAN01,1996,Anthony,Goldwire,DEN,N,27,612,197,9,37,46,125,14,1,35,46,176,69,38,31,71,28
GOLDWAN01,1996,Anthony,Goldwire,CHA,N,33,576,190,3,35,38,94,19,1,41,58,154,62,40,30,82,36
GOLDWAN01,1996,Anthony,Goldwire,TOT,N,60,1188,387,12,72,84,219,33,2,76,104,330,131,78,61,153,64
GRAHAGR01,1996,Greg,Graham,SEA,N,28,197,93,2,11,13,11,12,1,10,12,80,29,40,26,31,9
GRANTBR01,1996,Brian,Grant,SAC,N,24,607,252,49,93,142,28,19,25,44,75,207,91,90,70,0,0
GRANTGA01,1996,Gary,Grant,MIA,N,28,365,110,8,30,38,45,16,0,27,39,110,39,22,18,46,14
GRANTHA01,1996,Harvey,Grant,WA1,N,78,1604,316,63,193,256,68,46,48,30,167,314,129,39,30,89,28
GRANTHO01,1996,Horace,Grant,ORL,N,67,2496,845,206,394,600,163,101,65,99,157,695,358,179,128,6,1
GRAYDE01,1996,Devin,Gray,TOT,N,6,49,18,6,8,14,2,4,0,5,11,26,8,5,2,0,0
GRAYDE01,1996,Devin,Gray,SAC,N,3,25,8,3,6,9,2,3,0,0,3,11,3,4,2,0,0
GRAYDE01,1996,Devin,Gray,SAS,N,3,24,10,3,2,5,0,1,0,5,8,15,5,1,0,0,0
GRAYEJE01,1996,Jeff,Grayer,SAC,N,25,316,91,21,17,38,25,8,7,15,42,83,38,20,11,11,4
GRAYEV01,1996,Evric,Gray,NJN,N,5,42,13,1,2,3,2,1,0,3,5,15,4,4,4,4,1
GREENAC01,1996,A.c.,Green,DAL,N,56,1944,444,189,329,518,52,52,15,54,111,356,173,149,97,17,1
GREENAC01,1996,A.c.,Green,PHO,N,27,548,153,33,105,138,17,18,1,20,34,128,61,48,31,3,0
GREENAC01,1996,A.c.,Green,TOT,N,83,2492,597,222,434,656,69,70,16,74,145,484,234,197,128,20,1
GREENLI01,1996,Litterial,Green,DET,N,45,311,90,6,16,22,41,16,1,15,27,64,30,47,30,10,0
GUGLITO01,1996,Tom,Gugliotta,MIN,N,81,3131,1672,187,515,702,335,130,89,293,237,1339,592,566,464,93,24
HALEYJA01,1996,Jack,Haley,NJN,N,20,74,40,13,18,31,5,1,1,2,14,37,13,19,14,0,0
HAMDA01,1996,Darvin,Ham,IND,N,1,5,3,0,0,0,0,1,0,1,0,1,1,2,1,0,0
HAMDA01,1996,Darvin,Ham,TOT,N,36,318,83,29,27,56,14,9,8,22,57,62,33,35,17,0,0
HAMDA01,1996,Darvin,Ham,DEN,N,35,313,80,29,27,56,14,8,8,21,57,61,32,33,16,0,0
HAMERST01,1996,Steve,Hamer,BOS,N,35,268,76,17,43,60,7,2,4,13,39,57,30,29,16,2,0
HAMMOTO01,1996,Tom,Hammonds,DEN,N,81,1756,506,135,266,401,64,16,24,88,205,398,191,172,124,2,0
HANCODA01,1996,Darrin,Hancock,MIL,N,9,39,4,1,4,5,4,2,0,4,7,6,2,0,0,0,0
HANCODA01,1996,Darrin,Hancock,ATL,N,14,86,34,3,10,13,7,7,1,7,6,27,13,12,8,0,0
HANCODA01,1996,Darrin,Hancock,SAS,N,1,8,4,0,0,0,1,0,0,0,2,2,1,2,2,0,0
HANCODA01,1996,Darrin,Hancock,TOT,N,24,133,42,4,14,18,12,9,1,11,15,35,16,14,10,0,0
HARDAAN01,1996,Anfernee,Hardaway,ORL,N,59,2221,1210,82,181,263,332,93,35,145,123,941,421,345,283,267,85
HARDATI01,1996,Tim,Hardaway,MIA,N,81,3136,1644,49,228,277,695,151,9,230,165,1384,575,364,291,590,203
HARPEDE01,1996,Derek,Harper,DAL,N,75,2210,753,30,107,137,321,92,12,132,144,674,299,128,95,176,60
HARPERO01,1996,Ron,Harper,CHI,N,76,1740,480,46,147,193,191,86,38,50,138,406,177,82,58,188,68
HARRILU01,1996,Lucious,Harris,PHI,N,54,813,293,27,44,71,50,41,3,34,45,294,112,47,33,99,36
HARRIOT01,1996,Othella,Harrington,HOU,N,57,860,273,75,123,198,18,12,22,57,112,204,112,81,49,3,0
HARVEAN01,1996,Antonio,Harvey,SEA,N,6,26,15,2,8,10,1,0,4,1,8,11,5,6,5,0,0
HAWKIHE01,1996,Hersey,Hawkins,SEA,N,82,2755,1139,92,228,320,250,159,12,130,146,795,369,295,258,355,143
HAWKIMI01,1996,Michael,Hawkins,BOS,N,29,326,80,9,22,31,64,16,1,28,40,68,29,15,12,31,10
HEALSH01,1996,Shane,Heal,MIN,N,43,236,75,2,16,18,33,3,3,17,20,97,26,5,3,65,20
HENDEAL01,1996,Alan,Henderson,ATL,N,30,501,199,47,69,116,23,21,6,29,73,162,77,75,45,0,0
HENDRMA01,1996,Mark,Hendrickson,PHI,N,29,301,85,35,57,92,3,10,4,14,32,77,32,26,18,12,3
HERRECA01,1996,Carl,Herrera,SAS,N,75,1837,597,118,222,340,50,62,53,95,217,593,257,118,81,6,2
HILLGR01,1996,Grant,Hill,DET,N,80,3147,1710,123,598,721,583,144,48,259,186,1259,625,633,450,33,10
HILLTY01,1996,Tyrone,Hill,CLE,N,74,2582,955,259,477,736,92,63,30,147,268,595,357,381,241,1,0
HOIBEFR01,1996,Fred,Hoiberg,IND,N,47,572,224,13,68,81,41,27,6,22,51,156,67,77,61,70,29
HORNAJE01,1996,Jeff,Hornacek,UTA,N,82,2592,1191,60,181,241,361,124,26,134,188,856,413,326,293,195,72
HORRYRO01,1996,Robert,Horry,TOT,N,54,1395,423,68,169,237,110,66,55,72,153,360,157,90,60,154,49
HORRYRO01,1996,Robert,Horry,LAL,N,22,676,203,28,90,118,56,38,29,26,72,165,75,40,28,76,25
HORRYRO01,1996,Robert,Horry,PHO,N,32,719,220,40,79,119,54,28,26,46,81,195,82,50,32,78,24
HOUSTAL01,1996,Allan,Houston,NYK,N,81,2681,1197,43,197,240,179,41,18,167,233,1032,437,218,175,384,148
HOWARJU01,1996,Juwan,Howard,WA1,N,82,3324,1570,202,451,653,311,93,23,246,259,1313,638,389,294,2,0
HOWARST01,1996,Stephen,Howard,SAS,N,7,69,26,4,5,9,1,8,2,5,7,12,7,14,12,0,0
HOWARST01,1996,Stephen,Howard,UTA,N,42,349,150,25,51,76,10,11,10,20,55,96,55,67,40,0,0
HOWARST01,1996,Stephen,Howard,TOT,N,49,418,176,29,56,85,11,19,12,25,62,108,62,81,52,0,0
HUNTELI01,1996,Lindsey,Hunter,DET,N,82,3023,1166,59,174,233,154,129,24,96,206,1042,421,203,158,468,166
HURLEBO01,1996,Bobby,Hurley,SAC,N,49,632,143,9,29,38,146,27,3,55,53,125,46,53,37,45,14
IVERSAL01,1996,Allen,Iverson,PHI,N,76,3045,1787,115,197,312,567,157,24,337,233,1504,625,544,382,455,155
JACKSJA01,1996,Jaren,Jackson,WA1,N,75,1133,374,31,100,131,65,45,16,60,131,329,134,69,53,158,53
JACKSJI01,1996,Jim,Jackson,TOT,N,77,2831,1226,132,279,411,316,86,32,208,194,1029,444,310,252,247,86
JACKSJI01,1996,Jim,Jackson,NJN,N,31,1155,512,51,133,184,160,29,17,101,81,441,184,122,104,108,40
JACKSJI01,1996,Jim,Jackson,DAL,N,46,1676,714,81,146,227,156,57,15,107,113,588,260,188,148,139,46
JACKSMA01,1996,Mark,Jackson,IND,N,30,1053,271,20,104,124,294,46,3,102,57,227,97,77,59,57,18
JACKSMA01,1996,Mark,Jackson,DEN,N,52,2001,541,71,200,271,641,51,9,172,104,452,192,136,109,121,48
JACKSMA01,1996,Mark,Jackson,TOT,N,82,3054,812,91,304,395,935,97,12,274,161,679,289,213,168,178,66
JAMESHE01,1996,Henry,James,ATL,N,53,945,356,27,54,81,21,11,1,29,98,306,125,36,30,181,76
JENTCH01,1996,Chris,Jent,NYK,N,3,10,6,1,0,1,1,0,0,0,2,6,2,0,0,3,2
JOHNSAV01,1996,Avery,Johnson,SAS,N,76,2472,800,32,115,147,513,96,15,146,158,685,327,203,140,26,6
JOHNSED03,1996,Eddie,Johnson,TOT,N,52,913,424,27,111,138,52,15,2,47,81,362,160,68,55,131,49
JOHNSED03,1996,Eddie,Johnson,IND,N,28,306,147,3,37,40,17,5,1,17,33,136,59,27,20,28,9
JOHNSED03,1996,Eddie,Johnson,HOU,N,24,607,277,24,74,98,35,10,1,30,48,226,101,41,35,103,40
JOHNSER01,1996,Ervin,Johnson,DEN,N,82,2599,582,231,682,913,71,65,227,118,288,467,243,156,96,2,0
JOHNSKE01,1996,Kevin,Johnson,PHO,N,70,2658,1410,54,199,253,653,102,12,217,141,890,441,515,439,202,89
JOHNSLA01,1996,Larry,Johnson,NYK,N,76,2613,976,165,228,393,174,64,36,136,249,735,376,274,190,105,34
JONESCH01,1996,Charles,Jones,HOU,N,12,93,4,5,8,13,3,2,4,0,8,5,2,0,0,0,0
JONESED01,1996,Eddie,Jones,LAL,N,80,2998,1374,90,236,326,270,189,49,169,226,1081,473,337,276,389,152
JONESPO01,1996,Popeye,Jones,TOR,N,79,2421,616,270,410,680,84,58,39,116,269,537,258,121,99,13,1
JORDAMI01,1996,Michael,Jordan,CHI,N,82,3106,2431,113,369,482,352,140,44,166,156,1892,920,576,480,297,111
JORDARE01,1996,Reggie,Jordan,MIN,N,10,31,20,0,4,4,1,2,0,2,2,10,8,7,4,0,0
JORDARE01,1996,Reggie,Jordan,POR,N,9,99,20,11,12,23,11,5,3,6,13,16,8,10,4,0,0
JORDARE01,1996,Reggie,Jordan,TOT,N,19,130,40,11,16,27,12,7,3,8,15,26,16,17,8,0,0
KEEFEAD01,1996,Adam,Keefe,UTA,N,62,915,235,75,141,216,32,30,13,45,97,160,82,103,71,1,0
KEMPSH01,1996,Shawn,Kemp,SEA,N,81,2750,1516,275,532,807,156,125,81,280,320,1032,526,609,452,33,12
KEMPTTI01,1996,Tim,Kempton,SAS,N,10,59,4,3,5,8,2,1,1,7,4,5,1,2,2,0,0
KERRST01,1996,Steve,Kerr,CHI,N,82,1861,662,29,101,130,175,67,3,43,98,467,249,67,54,237,110
KERSEJE01,1996,Jerome,Kersey,LAL,N,70,1766,476,112,251,363,89,119,49,74,219,449,194,118,71,65,17
KIDDJA01,1996,Jason,Kidd,DAL,N,22,791,217,30,60,90,200,45,8,66,42,203,75,69,46,65,21
KIDDJA01,1996,Jason,Kidd,TOT,N,55,1964,599,64,185,249,496,124,20,142,114,529,213,165,112,165,61
KIDDJA01,1996,Jason,Kidd,PHO,N,33,1173,382,34,125,159,296,79,12,76,72,326,138,96,66,100,40
KINGFR01,1996,Frankie,King,PHI,N,7,59,20,4,10,14,5,4,0,3,7,17,7,5,5,2,1
KINGJI02,1996,Jimmy,King,DEN,N,2,22,6,0,2,2,2,3,0,1,2,6,2,4,2,0,0
KINGST01,1996,Stacey,King,DAL,N,6,70,12,10,8,18,0,2,0,5,11,15,6,4,0,0,0
KINGST01,1996,Stacey,King,BOS,N,5,33,12,1,8,9,1,0,1,1,3,7,5,3,2,0,0
KINGST01,1996,Stacey,King,TOT,N,11,103,24,11,16,27,1,2,1,6,14,22,11,7,2,0,0
KITTLKE01,1996,Kerry,Kittles,NJN,N,82,3012,1347,106,213,319,249,157,35,127,165,1189,507,227,175,419,158
KLEINJO01,1996,Joe,Kleine,TOT,N,59,848,168,62,141,203,35,17,18,41,110,170,69,38,28,3,2
KLEINJO01,1996,Joe,Kleine,LAL,N,8,30,6,2,7,9,0,0,0,0,6,8,2,2,2,0,0
KLEINJO01,1996,Joe,Kleine,PHO,N,23,365,78,21,59,80,12,9,6,20,47,80,32,18,13,1,1
KLEINJO01,1996,Joe,Kleine,NJN,N,28,453,84,39,75,114,23,8,12,21,57,82,35,18,13,2,1
KNIGHTR01,1996,Travis,Knight,LAL,N,71,1156,342,130,189,319,39,31,59,49,170,275,140,100,62,0,0
KRYSTLA01,1996,Larry,Krystkowiak,LAL,N,3,11,3,2,3,5,3,2,0,1,3,2,1,2,1,0,0
KUKOCTO01,1996,Toni,Kukoc,CHI,N,57,1610,754,94,167,261,256,60,29,91,97,605,285,174,134,151,50
LAETTCH01,1996,Christian,Laettner,ATL,N,82,3140,1486,212,508,720,223,102,64,218,277,1128,548,440,359,88,31
LANGAN01,1996,Andrew,Lang,MIL,N,52,1194,274,94,184,278,25,26,47,39,140,248,115,61,44,0,0
LANGAN02,1996,Antonio,Lang,CLE,N,64,843,171,52,75,127,33,33,30,50,111,162,68,48,35,6,0
LAUDEPR01,1996,Pries,Lauderdale,ATL,N,35,180,111,16,27,43,12,1,9,37,39,89,49,23,13,1,0
LECKNER01,1996,Eric,Leckner,CHA,N,1,11,0,0,1,1,1,0,0,0,3,3,0,0,0,0,0
LECKNER01,1996,Eric,Leckner,VAN,N,19,115,34,5,30,35,4,3,2,10,32,30,14,12,6,0,0
LECKNER01,1996,Eric,Leckner,TOT,N,20,126,34,5,31,36,5,3,2,10,35,33,14,12,6,0,0
LEGLETI01,1996,Tim,Legler,WA1,N,15,182,44,0,21,21,7,3,5,9,21,48,15,7,6,29,8
LENARVO01,1996,Voshon,Lenard,MIA,N,73,2111,897,38,179,217,161,50,18,109,168,684,314,105,86,442,183
LEWISMA01,1996,Martin,Lewis,TOR,N,9,50,14,3,3,6,4,1,2,1,8,14,6,2,1,3,1
LISTEAL01,1996,Alton,Lister,BOS,N,53,516,87,66,102,168,13,8,14,30,95,77,32,31,23,0,0
LIVINRA01,1996,Randy,Livingston,HOU,N,64,981,251,32,62,94,155,39,12,102,107,229,100,65,42,22,9
LLAMAHO01,1996,Horacio,Llamas,PHO,N,20,101,34,4,14,18,4,10,5,11,25,28,15,8,4,0,0
LOHAUBR01,1996,Brad,Lohaus,TOR,N,6,45,10,1,6,7,1,1,0,1,6,15,4,0,0,7,2
LONGGR01,1996,Grant,Long,DET,N,65,1166,326,88,134,222,39,43,6,48,106,275,123,84,63,47,17
LONGJO01,1996,John,Long,TOR,N,32,370,129,6,34,40,21,9,2,24,28,117,46,28,25,34,12
LONGLLU01,1996,Luc,Longley,CHI,N,59,1472,537,121,211,332,141,23,66,111,191,485,221,120,95,2,0
LYNCHGE01,1996,George,Lynch,VAN,N,41,1059,342,98,163,261,76,63,17,64,97,291,137,97,60,31,8
MACKSA01,1996,Sam,Mack,HOU,N,52,904,292,20,86,106,58,29,6,42,67,262,105,42,35,142,47
MACLEDO01,1996,Don,Maclean,PHI,N,37,733,402,41,99,140,37,12,10,47,71,365,163,97,64,38,12
MAHORRI01,1996,Rick,Mahorn,DET,N,22,218,56,19,34,53,6,4,3,10,34,54,20,22,16,1,0
MAJERDA01,1996,Dan,Majerle,MIA,N,36,1264,390,45,117,162,116,54,14,50,75,347,141,59,40,201,68
MALONKA01,1996,Karl,Malone,UTA,N,82,2998,2249,193,616,809,368,113,48,233,217,1571,864,690,521,13,0
MALONMA01,1996,Matt,Maloney,HOU,N,82,2386,767,19,141,160,303,82,1,122,125,615,271,93,71,381,154
MANNIDA01,1996,Danny,Manning,PHO,N,77,2135,1040,137,332,469,173,81,74,161,268,795,426,251,181,36,7
MANNIRI01,1996,Rich,Manning,TOT,N,26,201,75,16,23,39,3,4,2,7,29,82,32,14,9,4,2
MANNIRI01,1996,Rich,Manning,LAC,N,10,73,31,8,8,16,1,1,1,2,11,34,14,6,3,1,0
MANNIRI01,1996,Rich,Manning,VAN,N,16,128,44,8,15,23,2,3,1,5,18,48,18,8,6,3,2
MARBUST01,1996,Stephon,Marbury,MIN,N,67,2324,1057,54,130,184,522,67,19,210,159,871,355,337,245,288,102
MARCISA01,1996,Sarunas,Marciulionis,DEN,N,17,255,116,12,18,30,25,12,1,40,38,101,38,36,29,30,11
MARSHDO01,1996,Donyell,Marshall,GSW,N,61,1021,444,92,184,276,54,25,46,55,96,421,174,98,61,111,35
MARSHDO02,1996,Donny,Marshall,CLE,N,56,548,175,22,48,70,24,24,3,32,60,160,52,54,38,87,33
MARTICU01,1996,Cuonzo,Martin,MIL,N,3,13,0,1,0,1,1,0,0,1,1,7,0,0,0,2,0
MARTIDA01,1996,Darrick,Martin,LAC,N,82,1820,893,26,87,113,339,57,2,127,165,718,292,250,218,234,91
MASHBJA01,1996,Jamal,Mashburn,DAL,N,37,975,394,28,87,115,93,35,5,57,69,376,140,111,72,131,42
MASHBJA01,1996,Jamal,Mashburn,MIA,N,32,1189,428,41,138,179,111,43,7,57,117,367,146,117,88,146,48
MASHBJA01,1996,Jamal,Mashburn,TOT,N,69,2164,822,69,225,294,204,78,12,114,186,743,286,228,160,277,90
MASONAN01,1996,Anthony,Mason,CHA,N,73,3143,1186,186,643,829,414,76,33,165,202,825,433,428,319,3,1
MASSETO01,1996,Tony,Massenburg,NJN,N,79,1954,568,222,295,517,23,38,50,91,217,452,219,206,130,1,0
MAXWEVE01,1996,Vernon,Maxwell,SAS,N,72,2068,929,27,132,159,153,87,19,121,168,906,340,180,134,372,115
MAYBELE01,1996,Lee,Mayberry,VAN,N,80,1952,410,29,105,134,329,60,8,90,159,370,149,46,29,221,83
MCCARWA01,1996,Walter,Mccarty,NYK,N,35,192,64,8,15,23,13,7,9,15,38,68,26,14,8,14,4
MCCASAM01,1996,Amal,Mccaskill,ORL,N,17,109,28,4,18,22,7,3,5,11,7,32,10,12,8,2,0
MCCLOGE01,1996,George,Mccloud,TOT,N,64,1493,658,36,143,179,109,61,8,61,126,578,238,101,83,254,99
MCCLOGE01,1996,George,Mccloud,LAL,N,23,286,95,7,29,36,17,9,0,9,20,96,34,9,6,49,21
MCCLOGE01,1996,George,Mccloud,DAL,N,41,1207,563,29,114,143,92,52,8,52,106,482,204,92,77,205,78
MCDANXA01,1996,Xavier,Mcdaniel,NJN,N,62,1170,346,124,193,317,65,36,17,70,144,355,138,89,65,25,5
MCDYEAN01,1996,Antonio,Mcdyess,DEN,N,74,2565,1352,155,382,537,106,62,126,199,276,1157,536,387,274,35,6
MCILVJI01,1996,Jim,Mcilvaine,SEA,N,82,1477,314,132,198,330,23,39,164,62,247,276,130,107,53,7,1
MCINNJE01,1996,Jeff,Mcinnis,DEN,N,13,117,65,2,4,6,18,2,1,13,16,49,23,10,7,26,12
MCKEYDE01,1996,Derrick,Mckey,IND,N,50,1449,400,80,161,241,135,47,30,83,141,379,148,123,89,58,15
MCKIEAA01,1996,Aaron,Mckie,DET,N,42,850,263,27,101,128,77,43,7,42,69,209,97,61,51,48,18
MCKIEAA01,1996,Aaron,Mckie,POR,N,41,775,170,13,80,93,84,34,15,48,61,156,53,49,41,55,23
MCKIEAA01,1996,Aaron,Mckie,TOT,N,83,1625,433,40,181,221,161,77,22,90,130,365,150,110,92,103,41
MCMILNA01,1996,Nate,Mcmillan,SEA,N,37,798,169,15,103,118,140,58,6,32,78,149,61,29,19,84,28
MEYERLO01,1996,Loren,Meyer,TOT,N,54,708,266,53,92,145,19,11,15,62,125,244,108,64,46,7,4
MEYERLO01,1996,Loren,Meyer,DAL,N,19,259,78,14,35,49,7,6,3,27,52,78,34,12,9,2,1
MEYERLO01,1996,Loren,Meyer,PHO,N,35,449,188,39,57,96,12,5,12,35,73,166,74,52,37,5,3
MILLEAN01,1996,Anthony,Miller,ATL,N,1,14,0,2,5,7,0,0,0,0,2,5,0,0,0,0,0
MILLEOL01,1996,Oliver,Miller,TOT,N,61,1152,294,105,201,306,87,47,63,90,181,238,123,79,48,2,0
MILLEOL01,1996,Oliver,Miller,DAL,N,42,836,180,82,151,233,58,34,50,70,133,154,76,53,28,1,0
MILLEOL01,1996,Oliver,Miller,TOR,N,19,316,114,23,50,73,29,13,13,20,48,84,47,26,20,1,0
MILLERE01,1996,Reggie,Miller,IND,N,81,2968,1751,53,233,286,273,75,25,166,172,1244,552,475,418,536,229
MILLSCH01,1996,Chris,Mills,CLE,N,80,3167,1072,118,379,497,198,86,41,120,222,894,405,209,176,220,86
MILLSTE01,1996,Terry,Mills,DET,N,79,1997,857,68,309,377,99,35,27,85,161,702,312,70,58,415,175
MINORGR01,1996,Greg,Minor,BOS,N,23,547,220,30,50,80,34,15,2,22,45,196,94,36,31,8,1
MITCHSA01,1996,Sam,Mitchell,MIN,N,82,2044,766,112,214,326,79,51,20,93,232,603,269,295,224,25,4
MOBLEER01,1996,Eric,Mobley,VAN,N,28,307,72,30,28,58,14,5,10,29,44,63,28,30,16,0,0
MONTRER01,1996,Eric,Montross,DAL,N,47,984,182,66,170,236,32,9,34,51,150,187,86,34,10,0,0
MONTRER01,1996,Eric,Montross,TOT,N,78,1828,339,181,337,518,61,20,73,77,268,349,159,62,21,0,0
MONTRER01,1996,Eric,Montross,NJN,N,31,844,157,115,167,282,29,11,39,26,118,162,73,28,11,0,0
MOORETR01,1996,Tracy,Moore,HOU,N,27,237,99,11,15,26,20,5,0,14,19,85,33,31,22,43,11
MORRICH01,1996,Chris,Morris,UTA,N,73,977,314,37,125,162,43,29,24,45,121,299,122,54,39,113,31
MOTENLA01,1996,Lawrence,Moten,VAN,N,67,1214,447,43,76,119,129,48,24,81,83,441,171,99,64,141,41
MOURNAL01,1996,Alonzo,Mourning,MIA,N,66,2320,1310,189,467,656,104,56,189,225,272,885,473,565,363,9,1
MULLICH01,1996,Chris,Mullin,GSW,N,79,2732,1143,75,242,317,322,130,33,192,155,792,438,213,184,202,83
MURDOER01,1996,Eric,Murdock,DEN,N,12,114,45,1,10,11,24,9,2,11,9,33,15,12,11,10,4
MURESGH01,1996,Gheorghe,Muresan,WA1,N,73,1849,777,141,341,482,29,43,96,117,230,541,327,199,123,0,0
MURRALA01,1996,Lamond,Murray,LAC,N,74,1295,549,85,148,233,57,53,29,86,113,435,181,211,156,91,31
MURRATR01,1996,Tracy,Murray,WA1,N,82,1814,817,84,169,253,78,69,19,86,150,678,288,161,135,300,106
MUTOMDI01,1996,Dikembe,Mutombo,ATL,N,80,2973,1066,268,661,929,110,49,264,186,249,721,380,434,306,0,0
MUURSMA01,1996,Martin,Muursepp,MIA,N,10,27,17,2,3,5,3,0,1,3,3,14,5,14,6,4,1
MUURSMA01,1996,Martin,Muursepp,DAL,N,32,321,139,33,29,62,17,12,10,15,55,117,49,56,38,20,3
MUURSMA01,1996,Martin,Muursepp,TOT,N,42,348,156,35,32,67,20,12,11,18,58,131,54,70,44,24,4
NASHST01,1996,Steve,Nash,PHO,N,65,684,213,16,47,63,138,20,0,63,92,175,74,51,42,55,23
NEMBHRU01,1996,Ruben,Nembhard,POR,N,2,19,8,0,0,0,5,3,0,5,3,8,4,0,0,2,0
NEMBHRU01,1996,Ruben,Nembhard,TOT,N,10,113,40,3,5,8,17,9,0,8,12,37,16,10,8,6,0
NEMBHRU01,1996,Ruben,Nembhard,UTA,N,8,94,32,3,5,8,12,6,0,3,9,29,12,10,8,4,0
NEWBIIV01,1996,Ivano,Newbill,ATL,N,72,850,100,76,128,204,24,28,15,42,115,91,40,52,20,0,0
NEWMAJO01,1996,Johnny,Newman,MIL,N,82,2060,715,66,120,186,116,73,17,115,257,547,246,247,189,98,34
NICKEGA01,1996,Gaylon,Nickerson,WA1,N,1,6,2,0,1,1,0,1,0,1,0,3,1,0,0,1,0
NICKEGA01,1996,Gaylon,Nickerson,SAS,N,3,36,13,1,3,4,1,0,1,0,1,9,3,7,7,1,0
NICKEGA01,1996,Gaylon,Nickerson,TOT,N,4,42,15,1,4,5,1,1,1,1,1,12,4,7,7,2,0
NORMAKE01,1996,Ken,Norman,ATL,N,17,220,64,8,31,39,12,7,3,18,17,94,27,12,4,38,6
NORRIMO01,1996,Moochie,Norris,VAN,N,8,89,12,3,9,12,23,4,0,5,5,22,4,5,2,10,2
OAKLECH01,1996,Charles,Oakley,NYK,N,80,2873,864,246,535,781,221,111,23,171,305,694,339,224,181,19,5
OBANED01,1996,Ed,O'bannon,TOT,N,64,808,235,50,97,147,39,29,12,20,97,279,93,35,31,70,18
OBANED01,1996,Ed,O'bannon,DAL,N,19,174,46,9,26,35,11,5,2,6,19,72,17,12,11,10,1
OBANED01,1996,Ed,O'bannon,NJN,N,45,634,189,41,71,112,28,24,10,14,78,207,76,23,20,60,17
OLAJUHA01,1996,Hakeem,Olajuwon,HOU,N,78,2852,1810,173,543,716,236,117,173,281,249,1426,727,446,351,16,5
OLIVEJI01,1996,Jimmy,Oliver,TOR,N,4,43,11,1,4,5,1,2,0,3,2,13,4,2,2,6,1
ONEAJE01,1996,Jermaine,O'neal,POR,N,45,458,185,39,85,124,8,2,26,27,46,153,69,78,47,1,0
ONEASH01,1996,Shaquille,O'neal,LAL,N,51,1941,1336,195,445,640,159,46,147,146,180,991,552,479,232,4,0
OSTERGR01,1996,Greg,Ostertag,UTA,N,77,1818,559,180,385,565,27,24,152,74,233,408,210,205,139,4,0
OUTLABO01,1996,Bo,Outlaw,LAC,N,82,2195,625,174,280,454,157,94,142,107,227,417,254,232,117,8,0
OVERTDO01,1996,Doug,Overton,PHI,N,61,634,217,18,50,68,101,24,0,39,44,190,81,48,45,40,10
OWENSBI01,1996,Billy,Owens,SAC,N,66,1995,724,134,258,392,187,62,25,133,187,640,299,145,101,72,25
OWESRA01,1996,Ray,Owes,GSW,N,57,592,177,64,99,163,15,15,20,23,86,180,75,46,26,5,1
PACKRO01,1996,Robert,Pack,DAL,N,20,597,229,13,47,60,127,35,3,67,56,219,79,73,62,38,9
PACKRO01,1996,Robert,Pack,NJN,N,34,1185,542,15,71,86,325,59,3,150,83,474,193,170,134,74,22
PACKRO01,1996,Robert,Pack,TOT,N,54,1782,771,28,118,146,452,94,6,217,139,693,272,243,196,112,31
PARISRO01,1996,Robert,Parish,CHI,N,43,406,161,42,47,89,22,6,19,28,40,143,70,31,21,0,0
PARKSCH01,1996,Cherokee,Parks,MIN,N,76,961,252,83,112,195,34,41,48,32,150,202,103,76,46,1,0
PAYTOGA01,1996,Gary,Payton,SEA,N,82,3213,1785,106,272,378,583,197,13,215,208,1482,706,355,254,380,119
PEELEAN01,1996,Anthony,Peeler,VAN,N,72,2291,1041,54,193,247,256,105,17,157,168,1011,402,133,109,343,128
PERDUWI01,1996,Will,Perdue,SAS,N,65,1918,565,251,387,638,38,32,101,87,184,410,233,171,99,0,0
PERKISA01,1996,Sam,Perkins,SEA,N,81,1976,889,74,226,300,103,69,49,77,134,661,290,229,187,309,122
PERRYEL01,1996,Elliot,Perry,MIL,N,82,1595,562,24,100,124,247,98,3,111,117,458,217,106,79,137,49
PERSOWE01,1996,Wesley,Person,PHO,N,80,2325,1080,68,224,292,123,86,19,76,102,903,409,114,91,414,171
PHILLBO01,1996,Bobby,Phills,CLE,N,69,2375,866,63,182,245,233,113,21,135,174,766,328,174,125,216,85
PIATKER01,1996,Eric,Piatkowski,LAC,N,65,747,388,49,56,105,52,33,10,46,85,298,134,84,69,120,51
PIERCRI01,1996,Ricky,Pierce,TOT,N,60,1250,659,36,85,121,80,28,9,68,97,497,239,155,139,95,42
PIERCRI01,1996,Ricky,Pierce,CHA,N,27,650,324,19,49,68,49,14,4,30,48,237,119,63,56,56,30
PIERCRI01,1996,Ricky,Pierce,DEN,N,33,600,335,17,36,53,31,14,5,38,49,260,120,92,83,39,12
PINCKED01,1996,Ed,Pinckney,MIA,N,27,273,66,25,40,65,6,8,9,19,30,43,23,25,20,0,0
PIPPESC01,1996,Scottie,Pippen,CHI,N,82,3095,1656,160,371,531,467,154,45,214,213,1366,648,291,204,424,156
POLYNOL01,1996,Olden,Polynice,SAC,N,82,2893,1025,272,500,772,178,46,80,166,298,967,442,251,141,6,0
PORTETE01,1996,Terry,Porter,MIN,N,82,1568,568,31,145,176,295,54,11,128,104,449,187,166,127,200,67
POTAPVI01,1996,Vitaly,Potapenko,CLE,N,80,1238,465,105,112,217,40,26,34,109,216,423,186,125,92,2,1
PRICEBR01,1996,Brent,Price,HOU,N,25,390,126,10,19,29,65,17,0,32,34,105,44,21,21,53,17
PRICEMA01,1996,Mark,Price,GSW,N,70,1877,793,36,143,179,342,67,3,161,100,589,263,171,155,283,112
RADJADI01,1996,Dino,Radja,BOS,N,25,874,349,44,167,211,48,23,48,70,76,339,149,71,51,1,0
RATLITH01,1996,Theo,Ratliff,DET,N,76,1292,439,109,147,256,13,29,111,56,181,337,179,116,81,0,0
RECASEL01,1996,Eldridge,Recasner,ATL,N,71,1207,405,35,80,115,94,38,4,65,97,350,148,58,51,140,58
REEVEBR01,1996,Bryant,Reeves,VAN,N,75,2777,1213,174,436,610,160,29,67,175,270,1025,498,307,216,11,1
REEVEKH01,1996,Khalid,Reeves,DAL,N,13,384,102,12,19,31,56,11,2,26,40,111,43,12,9,35,7
REEVEKH01,1996,Khalid,Reeves,NJN,N,50,1048,414,22,66,88,170,23,7,82,119,359,141,75,56,192,76
REEVEKH01,1996,Khalid,Reeves,TOT,N,63,1432,516,34,85,119,226,34,9,108,159,470,184,87,65,227,83
REIDDO01,1996,Don,Reid,DET,N,47,462,132,36,65,101,14,16,15,23,105,112,54,32,24,1,0
RESPESH01,1996,Shawn,Respert,MIL,N,14,83,20,3,4,7,8,0,0,8,5,19,6,7,7,9,1
RESPESH01,1996,Shawn,Respert,TOT,N,41,495,172,14,25,39,40,20,2,30,40,139,59,39,34,57,20
RESPESH01,1996,Shawn,Respert,TOR,N,27,412,152,11,21,32,32,20,2,22,35,120,53,32,27,48,19
RICEGL01,1996,Glen,Rice,CHA,N,79,3362,2115,67,251,318,160,72,26,177,190,1513,722,535,464,440,207
RICHAPO01,1996,Pooh,Richardson,LAC,N,59,1065,330,25,73,98,169,54,5,62,82,344,131,43,26,128,42
RICHMMI01,1996,Mitch,Richmond,SAC,N,81,3125,2095,59,260,319,338,118,24,237,211,1578,717,531,457,477,204
RIDERIS01,1996,Isaiah,Rider,POR,N,76,2563,1223,94,210,304,198,45,19,212,199,983,456,261,212,257,99
ROBERFR01,1996,Fred,Roberts,DAL,N,12,40,22,2,8,10,0,0,1,5,2,15,6,14,10,0,0
ROBERST01,1996,Stanley,Roberts,LAC,N,18,378,171,24,67,91,9,8,23,23,57,148,63,64,45,0,0
ROBINCH01,1996,Chris,Robinson,VAN,N,41,681,188,23,48,71,65,28,9,34,85,182,69,26,16,89,34
ROBINCL02,1996,Clifford,Robinson,POR,N,81,3077,1224,90,231,321,261,99,66,172,251,1043,444,309,215,350,121
ROBINDA01,1996,David,Robinson,SAS,N,6,147,106,19,32,51,8,6,6,8,9,72,36,52,34,0,0
ROBINGL01,1996,Glenn,Robinson,MIL,N,80,3114,1689,130,372,502,248,103,68,269,225,1438,669,364,288,180,63
ROBINJA03,1996,James,Robinson,MIN,N,69,1309,572,24,88,112,126,30,8,69,125,482,196,114,78,267,102
ROBINRU01,1996,Rumeal,Robinson,PHO,N,12,87,36,1,6,7,8,1,0,5,8,34,16,4,1,10,3
ROBINRU01,1996,Rumeal,Robinson,LAL,N,15,126,45,2,8,10,13,5,2,11,12,48,17,8,5,23,6
ROBINRU01,1996,Rumeal,Robinson,POR,N,27,295,95,3,27,30,52,18,0,27,40,82,33,23,20,23,9
ROBINRU01,1996,Rumeal,Robinson,TOT,N,54,508,176,6,41,47,73,24,2,43,60,164,66,35,26,56,18
RODMADE01,1996,Dennis,Rodman,CHI,N,55,1947,311,320,563,883,170,32,19,111,172,286,128,88,50,19,5
ROELO01,1996,Lou,Roe,GSW,N,17,107,40,7,7,14,6,3,1,11,10,48,14,19,9,11,3
ROGERCA01,1996,Carlos,Rogers,TOR,N,56,1397,551,120,184,304,37,42,69,53,140,404,212,170,102,66,25
ROGERRO01,1996,Rodney,Rogers,LAC,N,81,2480,1072,137,274,411,222,88,61,221,272,884,408,288,191,180,65
ROGERRO02,1996,Roy,Rogers,VAN,N,82,1848,543,139,247,386,46,21,163,86,214,483,244,94,54,1,1
ROOKSSE01,1996,Sean,Rooks,LAL,N,69,735,265,56,107,163,42,17,38,51,123,185,87,130,91,1,0
ROSEJA01,1996,Jalen,Rose,IND,N,66,1188,482,27,94,121,155,57,18,107,136,377,172,156,117,72,21
ROSEMA01,1996,Malik,Rose,CHA,N,54,525,160,70,94,164,32,28,17,41,114,128,61,62,38,2,0
ROYALDO01,1996,Donald,Royal,TOT,N,62,858,218,52,102,154,25,23,11,47,100,146,62,117,94,2,0
ROYALDO01,1996,Donald,Royal,ORL,N,1,29,12,1,0,1,1,0,0,3,3,10,4,4,4,0,0
ROYALDO01,1996,Donald,Royal,CHA,N,25,320,70,18,40,58,10,12,2,22,42,40,21,35,28,0,0
ROYALDO01,1996,Donald,Royal,GSW,N,36,509,136,33,62,95,14,11,9,22,55,96,37,78,62,2,0
ROZIECL01,1996,Clifford,Rozier,GSW,N,1,5,0,0,0,0,0,0,0,0,0,1,0,0,0,0,0
ROZIECL01,1996,Clifford,Rozier,TOT,N,42,737,189,102,132,234,31,24,44,29,97,174,79,61,31,2,0
ROZIECL01,1996,Clifford,Rozier,TOR,N,41,732,189,102,132,234,31,24,44,29,97,173,79,61,31,2,0
RUSSEBR01,1996,Bryon,Russell,UTA,N,81,2525,873,79,252,331,123,129,27,94,237,620,297,244,171,264,108
SABONAR01,1996,Arvydas,Sabonis,POR,N,69,1762,928,114,433,547,146,63,84,151,203,658,328,287,223,132,49
SALVAKE01,1996,Kevin,Salvadori,SAC,N,23,154,37,6,19,25,10,2,13,12,17,33,12,18,13,0,0
SASSEJA01,1996,Jason,Sasser,TOT,N,8,69,19,1,7,8,2,3,0,2,11,23,9,0,0,3,1
SASSEJA01,1996,Jason,Sasser,DAL,N,2,7,2,1,0,1,1,1,0,0,0,4,1,0,0,1,0
SASSEJA01,1996,Jason,Sasser,SAS,N,6,62,17,0,7,7,1,2,0,2,11,19,8,0,0,2,1
SCHAYDA01,1996,Danny,Schayes,ORL,N,45,540,133,41,84,125,14,15,16,27,74,120,47,52,39,1,0
SCHEFST01,1996,Steve,Scheffler,SEA,N,7,29,13,1,2,3,0,0,0,5,5,7,6,2,1,0,0
SCHINDU01,1996,Duane,Schintzius,LAC,N,15,116,34,9,13,22,4,1,9,7,22,36,13,8,7,2,1
SCHREDE01,1996,Detlef,Schrempf,SEA,N,61,2192,1022,87,307,394,266,63,16,150,151,724,356,316,253,161,57
SCOTTBR01,1996,Brent,Scott,IND,N,16,55,19,3,6,9,3,1,1,4,14,17,8,6,3,0,0
SCOTTBY01,1996,Byron,Scott,LAL,N,79,1440,526,21,97,118,99,46,16,53,72,379,163,151,127,188,73
SCOTTDE01,1996,Dennis,Scott,ORL,N,66,2166,823,40,163,203,139,74,19,81,138,749,298,101,80,373,147
SCOTTJA01,1996,James,Scott,MIA,N,8,32,1,1,5,6,3,2,0,2,5,8,0,2,1,4,0
SCOTTSH01,1996,Shawnelle,Scott,CLE,N,16,50,20,8,8,16,0,0,3,0,6,16,8,11,4,0,0
SEALYMA01,1996,Malik,Sealy,LAC,N,80,2456,1079,59,179,238,165,124,45,154,185,942,373,290,254,222,79
SEIKARO01,1996,Rony,Seikaly,ORL,N,74,2615,1277,274,427,701,92,49,107,218,275,907,460,500,357,3,0
SHAWBR01,1996,Brian,Shaw,ORL,N,77,1867,552,47,147,194,319,67,26,170,197,516,189,140,111,194,63
SIMMOLI01,1996,Lionel,Simmons,SAC,N,41,521,139,30,74,104,57,8,13,34,63,136,45,48,42,30,7
SIMPKDI01,1996,Dickey,Simpkins,CHI,N,48,395,91,36,56,92,31,5,5,35,44,93,31,40,28,4,1
SLATERE01,1996,Reggie,Slater,TOR,N,26,406,203,40,55,95,21,9,6,29,34,149,82,75,39,2,0
SMITHCH01,1996,Charles,Smith,SAS,N,19,329,88,18,47,65,14,13,22,22,44,84,34,26,20,1,0
SMITHJO01,1996,Joe,Smith,GSW,N,80,3087,1493,261,418,679,125,74,86,192,244,1293,587,377,307,46,12
SMITHKE01,1996,Kenny,Smith,ORL,N,6,47,17,1,1,2,4,0,0,6,3,13,6,2,2,5,3
SMITHKE01,1996,Kenny,Smith,DET,N,9,64,23,0,5,5,10,1,0,3,2,20,8,2,2,10,5
SMITHKE01,1996,Kenny,Smith,DEN,N,33,654,260,3,34,37,102,18,0,62,25,206,87,41,35,120,51
SMITHKE01,1996,Kenny,Smith,TOT,N,48,765,300,4,40,44,116,19,0,71,30,239,101,45,39,135,59
SMITHMI01,1996,Michael,Smith,SAC,N,81,2526,532,257,512,769,191,82,60,130,251,375,202,258,128,0,0
SMITHST01,1996,Steve,Smith,ATL,N,72,2818,1445,90,148,238,305,62,23,176,173,1145,491,393,333,388,130
SMITHST02,1996,Stevin,Smith,DAL,N,8,60,14,2,8,10,4,1,0,4,9,18,6,1,1,6,1
SMITHTO01,1996,Tony,Smith,CHA,N,69,1291,346,38,56,94,150,48,19,73,110,337,138,59,38,99,32
SMITSRI01,1996,Rik,Smits,IND,N,52,1518,887,105,256,361,67,22,59,126,175,733,356,217,173,8,2
SNOWER01,1996,Eric,Snow,SEA,N,67,775,199,17,53,70,159,37,3,48,94,164,74,66,47,15,4
SPENCEL01,1996,Elmore,Spencer,SEA,N,1,5,0,0,0,0,0,1,0,1,0,1,0,0,0,0,0
SPENCFE01,1996,Felton,Spencer,ORL,N,1,19,4,5,1,6,1,0,0,1,2,2,2,0,0,0,0
SPENCFE01,1996,Felton,Spencer,TOT,N,73,1558,372,157,259,416,22,34,50,88,275,284,139,161,94,0,0
SPENCFE01,1996,Felton,Spencer,GSW,N,72,1539,368,152,258,410,21,34,50,87,273,282,137,161,94,0,0
SPREWLA01,1996,Latrell,Sprewell,GSW,N,80,3353,1938,58,308,366,507,132,45,322,154,1444,649,585,493,415,147
STACKJE01,1996,Jerry,Stackhouse,PHI,N,81,3166,1679,156,182,338,253,93,63,316,219,1308,533,667,511,342,102
STARKJO01,1996,John,Starks,NYK,N,77,2042,1061,36,169,205,217,90,11,159,196,856,369,225,173,407,150
STEIGMA01,1996,Matt,Steigenga,CHI,N,2,12,3,0,3,3,2,1,1,2,1,4,1,2,1,2,0
STEPHJO01,1996,Joe,Stephens,HOU,N,2,9,3,2,1,3,0,3,0,3,3,5,1,0,0,3,1
STEWALA01,1996,Larry,Stewart,SEA,N,70,982,300,75,96,171,52,31,23,63,108,252,112,93,67,37,9
STITHBR01,1996,Bryant,Stith,DEN,N,52,1788,774,74,143,217,133,60,20,101,119,603,251,234,202,182,70
STOCKJO01,1996,John,Stockton,UTA,N,82,2896,1183,45,183,228,860,166,15,248,194,759,416,325,275,180,76
STOUDDA01,1996,Damon,Stoudamire,TOR,N,81,3311,1634,86,244,330,709,123,13,288,162,1407,564,401,330,496,176
STRICER01,1996,Erick,Strickland,DAL,N,28,759,297,21,69,90,68,27,5,66,75,256,102,80,65,92,28
STRICMA01,1996,Mark,Strickland,MIA,N,31,153,62,16,21,37,1,4,10,15,17,60,25,21,12,1,0
STRICRO01,1996,Rod,Strickland,WA1,N,82,2997,1410,95,240,335,727,143,14,270,166,1105,515,497,367,77,13
STRONDE01,1996,Derek,Strong,ORL,N,82,2004,699,174,345,519,73,47,20,102,196,586,262,218,175,13,0
SURABO01,1996,Bob,Sura,CLE,N,82,2269,755,76,232,308,390,90,33,181,218,587,253,319,196,164,53
SZABOBR01,1996,Brett,Szabo,BOS,N,70,662,153,56,109,165,17,16,32,41,119,121,54,61,45,1,0
TABAKZA01,1996,Zan,Tabak,TOR,N,13,218,84,20,29,49,14,6,11,21,35,71,32,29,20,0,0
THOMACA01,1996,Carl,Thomas,CLE,N,19,77,21,3,10,13,8,2,1,6,7,24,9,1,1,12,2
THOMAKU01,1996,Kurt,Thomas,MIA,N,18,374,113,31,76,107,9,12,9,25,67,105,39,46,35,1,0
THOMPBR01,1996,Brooks,Thompson,UTA,N,2,8,0,0,0,0,1,0,0,1,1,1,0,0,0,0,0
THOMPBR01,1996,Brooks,Thompson,TOT,N,67,1055,445,18,78,96,180,55,2,87,126,406,162,38,24,244,97
THOMPBR01,1996,Brooks,Thompson,DEN,N,65,1047,445,18,78,96,179,55,2,86,125,405,162,38,24,244,97
THOMPLA01,1996,Lasalle,Thompson,TOT,N,26,140,10,7,27,34,2,3,6,9,33,19,3,6,4,0,0
THOMPLA01,1996,Lasalle,Thompson,IND,N,9,35,3,2,6,8,2,0,0,2,7,3,0,4,3,0,0
THOMPLA01,1996,Lasalle,Thompson,DEN,N,17,105,7,5,21,26,0,3,6,7,26,16,3,2,1,0,0
THORPOT01,1996,Otis,Thorpe,DET,N,79,2661,1036,226,396,622,133,59,17,145,298,787,419,303,198,2,0
THREASE01,1996,Sedale,Threatt,HOU,N,21,334,70,5,19,24,40,15,3,13,29,74,28,8,6,20,8
TISDAWA01,1996,Wayman,Tisdale,PHO,N,53,778,346,35,84,119,20,8,21,36,111,371,158,48,30,0,0
TOWERKE01,1996,Keith,Tower,MIL,N,5,72,7,2,7,9,1,2,1,2,12,8,3,8,1,0,0
TRENTGA01,1996,Gary,Trent,POR,N,82,1918,882,156,272,428,87,48,35,129,186,674,361,229,160,11,0
VANEXNI01,1996,Nick,Vanexel,LAL,N,79,2937,1206,44,182,226,672,75,10,212,110,1075,432,200,165,461,177
VAUGHDA02,1996,David,Vaughn,ORL,N,35,298,81,35,60,95,7,8,15,29,43,72,31,30,19,0,0
VAUGHLO01,1996,Loy,Vaught,LAC,N,82,2838,1220,222,595,817,110,85,25,137,241,1084,542,191,134,12,2
VRANKST01,1996,Stojko,Vrankovic,MIN,N,53,766,181,57,111,168,14,10,67,52,121,139,78,37,25,0,0
WALKEAN01,1996,Antoine,Walker,BOS,N,82,2970,1437,288,453,741,262,105,53,230,271,1355,577,366,231,159,52
WALKESA01,1996,Samaki,Walker,DAL,N,43,602,214,47,100,147,17,15,22,39,71,187,83,74,48,1,0
WALLABE01,1996,Ben,Wallace,WA1,N,34,197,38,25,33,58,2,8,11,18,27,46,16,20,6,0,0
WALLAJO01,1996,John,Wallace,NYK,N,68,787,325,51,104,155,37,21,25,76,102,236,122,110,79,4,2
WALLARA01,1996,Rasheed,Wallace,POR,N,62,1892,938,122,297,419,74,48,59,114,198,681,380,265,169,33,9
WALTERE01,1996,Rex,Walters,PHI,N,59,1041,402,21,86,107,113,28,3,61,75,325,148,62,49,148,57
WARDCH01,1996,Charlie,Ward,NYK,N,79,1763,409,45,175,220,326,83,15,147,188,337,133,125,95,154,48
WATSOJA01,1996,Jamie,Watson,UTA,N,13,129,33,4,14,18,10,11,2,9,16,25,11,12,10,3,1
WATSOJA01,1996,Jamie,Watson,DAL,N,10,211,45,14,15,29,23,11,2,15,18,47,20,4,2,9,3
WATSOJA01,1996,Jamie,Watson,TOT,N,23,340,78,18,29,47,33,22,4,24,34,72,31,16,12,12,4
WEATHCL01,1996,Clarence,Weatherspoon,PHI,N,82,2949,1003,219,460,679,140,74,86,137,187,811,398,279,206,6,1
WEBBECH01,1996,Chris,Webber,WA1,N,72,2806,1445,238,505,743,331,122,137,230,258,1167,604,313,177,151,60
WENNIBI01,1996,Bill,Wennington,CHI,N,61,783,280,46,83,129,41,10,11,31,132,237,118,53,44,2,0
WERDARO01,1996,Robert,Werdann,NJN,N,6,31,9,3,3,6,0,2,1,2,10,7,3,3,3,0,0
WESLEDA01,1996,David,Wesley,BOS,N,74,2991,1240,67,197,264,537,162,13,211,221,974,456,288,225,286,103
WESTDO01,1996,Doug,West,MIN,N,68,1920,531,37,111,148,113,61,24,66,218,484,226,94,64,45,15
WESTMA01,1996,Mark,West,CLE,N,70,959,227,69,117,186,19,11,55,52,142,180,100,56,27,0,0
WHATLEN01,1996,Ennis,Whatley,POR,N,3,22,4,0,3,3,3,0,0,1,5,4,2,0,0,0,0
WHITEDO01,1996,Donald,Whiteside,TOR,N,27,259,59,2,10,12,36,11,0,17,23,55,18,15,11,36,12
WHITNCH01,1996,Chris,Whitney,WA1,N,82,1117,430,13,92,105,182,49,4,68,100,330,139,113,94,163,58
WILKIDO01,1996,Dominique,Wilkins,SAS,N,63,1945,1145,169,233,402,119,39,31,135,100,953,397,350,281,239,70
WILKIGE01,1996,Gerald,Wilkins,ORL,N,80,2202,848,59,114,173,173,54,12,123,144,759,323,190,136,203,66
WILLIAA01,1996,Aaron,Williams,TOT,N,33,563,203,62,81,143,15,16,29,32,72,148,85,49,33,1,0
WILLIAA01,1996,Aaron,Williams,DEN,N,1,10,6,2,3,5,0,0,3,4,0,5,3,0,0,0,0
WILLIAA01,1996,Aaron,Williams,VAN,N,32,553,197,60,78,138,15,16,26,28,72,143,82,49,33,1,0
WILLIBU01,1996,Buck,Williams,NYK,N,74,1496,465,166,231,397,53,40,38,81,204,326,175,179,115,1,0
WILLICO02,1996,Corliss,Williamson,SAC,N,79,1992,915,139,187,326,124,60,49,157,263,745,371,251,173,3,0
WILLIER01,1996,Eric,Williams,BOS,N,72,2435,1078,126,203,329,129,72,13,139,213,820,374,436,328,8,2
WILLIHE01,1996,Herb,Williams,NYK,N,21,184,39,9,22,31,5,4,5,5,18,46,18,4,3,1,0
WILLIHO01,1996,Hotrod,Williams,PHO,N,68,2137,541,178,384,562,100,67,88,66,176,416,204,198,133,2,0
WILLIJA01,1996,Jayson,Williams,NJN,N,41,1432,550,242,311,553,51,24,36,82,158,540,221,183,108,4,0
WILLIJE01,1996,Jerome,Williams,DET,N,33,177,49,22,28,50,7,13,1,13,18,51,20,17,9,0,0
WILLIKE01,1996,Kevin,Willis,HOU,N,75,1964,842,146,415,561,71,42,32,119,216,728,350,202,140,14,2
WILLILO01,1996,Lorenzo,Williams,WA1,N,19,264,45,28,39,67,4,6,8,18,49,31,20,7,5,0,0
WILLIMO01,1996,Monty,Williams,SAS,N,65,1345,588,98,108,206,91,55,52,116,161,460,234,186,120,1,0
WILLIRE01,1996,Reggie,Williams,TOT,N,13,200,76,5,26,31,10,8,4,12,33,76,29,12,9,34,9
WILLIRE01,1996,Reggie,Williams,IND,N,2,33,5,1,6,7,2,0,0,2,5,9,2,2,1,1,0
WILLIRE01,1996,Reggie,Williams,NJN,N,11,167,71,4,20,24,8,8,4,10,28,67,27,10,8,33,9
WILLISC01,1996,Scott,Williams,PHI,N,62,1317,362,155,242,397,41,44,41,50,206,318,162,55,38,2,0
WILLIWA01,1996,Walt,Williams,TOR,N,73,2649,1199,103,264,367,197,97,62,174,282,982,419,243,186,437,175
WINGADA01,1996,David,Wingate,SEA,N,65,929,236,23,51,74,80,44,5,37,108,214,89,40,33,71,25
WINGFDO01,1996,Donton,Wingfield,POR,N,47,569,211,63,74,137,45,14,6,49,101,193,79,40,27,77,26
WOLFJO01,1996,Joe,Wolf,MIL,N,56,525,95,32,80,112,20,14,11,14,105,89,40,19,14,7,1
WOODDA01,1996,David,Wood,MIL,N,46,240,57,5,22,27,13,7,6,6,36,38,20,18,12,15,5
WORKMHA01,1996,Haywoode,Workman,IND,N,4,81,22,4,3,7,11,3,0,5,10,20,11,1,0,3,0
WRIGHLO02,1996,Lorenzen,Wright,LAC,N,77,1936,561,206,265,471,49,48,60,79,211,491,236,150,88,4,1
WRIGHSH01,1996,Sharone,Wright,TOR,N,60,1009,390,79,107,186,28,15,50,93,146,404,161,132,68,1,0
ZIDEKGE01,1996,George,Zidek,DEN,N,16,88,52,10,13,23,5,1,0,4,17,33,16,25,20,0,0
ZIDEKGE01,1996,George,Zidek,CHA,N,36,288,91,25,38,63,9,4,3,23,44,85,33,32,25,2,0
ZIDEKGE01,1996,George,Zidek,TOT,N,52,376,143,35,51,86,14,5,3,27,61,118,49,57,45,2,0
ABDULMA01,1997,Mahmo,Abdul-rauf,SAC,N,31,535,227,6,31,37,58,16,1,19,31,273,103,16,16,31,5
ABDULTA01,1997,Tariq,Abdul-wahad,SAC,N,59,959,376,44,72,116,51,35,12,65,81,357,144,125,84,19,4
ABDURSH01,1997,Shareef,Abdur-rahim,VAN,N,82,2955,1829,227,354,581,213,89,76,257,201,1347,653,640,502,51,21
ALEXACO01,1997,Cory,Alexander,SAS,N,37,501,165,7,40,47,71,25,5,47,53,145,60,37,25,64,20
ALEXACO01,1997,Cory,Alexander,DEN,N,23,797,323,10,89,99,138,45,6,65,45,255,111,65,55,112,46
ALEXACO01,1997,Cory,Alexander,TOT,N,60,1298,488,17,129,146,209,70,11,112,98,400,171,102,80,176,66
ALLENRA02,1997,Ray,Allen,MIL,N,82,3286,1602,127,277,404,355,110,12,262,244,1316,563,391,342,367,134
ANDERCA01,1997,Cadillac,Anderson,ATL,N,50,398,88,39,79,118,15,19,10,17,85,81,36,41,16,5,0
ANDERDE01,1997,Derek,Anderson,CLE,N,66,1839,770,55,132,187,227,86,13,128,136,586,239,315,275,84,17
ANDERKE02,1997,Kenny,Anderson,TOT,N,61,1858,746,39,134,173,345,87,1,143,135,674,268,194,153,160,57
ANDERKE02,1997,Kenny,Anderson,BOS,N,16,386,179,3,36,39,100,26,0,29,36,147,64,49,41,27,10
ANDERKE02,1997,Kenny,Anderson,POR,N,45,1472,567,36,98,134,245,61,1,114,99,527,204,145,112,133,47
ANDERNI01,1997,Nick,Anderson,ORL,N,58,1701,890,98,199,297,119,72,23,85,98,754,343,199,127,214,77
ANDERSH01,1997,Shandon,Anderson,UTA,N,82,1602,681,86,141,227,89,66,18,92,145,500,269,185,136,32,7
ANSTECH01,1997,Chris,Anstey,DAL,N,41,680,240,53,104,157,35,31,27,41,95,231,92,74,53,16,3
ANTHOGR01,1997,Greg,Anthony,SEA,N,80,1021,419,18,93,111,205,64,3,91,97,348,150,80,53,159,66
ARMSTBJ01,1997,B.j.,Armstrong,GSW,N,4,59,17,4,3,7,6,4,0,7,6,19,6,7,5,1,0
ARMSTBJ01,1997,B.j.,Armstrong,CHA,N,62,772,244,12,57,69,144,25,0,35,68,194,99,43,37,34,9
ARMSTBJ01,1997,B.j.,Armstrong,TOT,N,66,831,261,16,60,76,150,29,0,42,74,213,105,50,42,35,9
ARMSTDA01,1997,Darrell,Armstrong,ORL,N,48,1236,442,65,94,159,236,58,5,112,96,380,156,123,105,68,25
ASKEWVI01,1997,Vincent,Askew,POR,N,30,443,66,21,47,68,38,19,5,35,39,54,19,39,28,2,0
ASKINKE01,1997,Keith,Askins,MIA,N,46,681,111,28,73,101,29,27,12,26,107,122,39,19,12,74,21
AUGMOST01,1997,Stacey,Augmon,POR,N,71,1445,403,104,131,235,88,57,32,81,144,372,154,156,94,7,1
AUSTIIS01,1997,Isaac,Austin,LAC,N,26,895,396,80,147,227,88,18,22,89,69,339,154,135,88,5,0
AUSTIIS01,1997,Isaac,Austin,TOT,N,78,2266,1055,199,358,557,175,61,56,206,231,871,406,363,243,8,0
AUSTIIS01,1997,Isaac,Austin,MIA,N,52,1371,659,119,211,330,87,43,34,117,162,532,252,228,155,3,0
BAKERVI01,1997,Vin,Baker,SEA,N,82,2944,1574,286,370,656,151,91,87,174,279,1164,631,526,311,7,1
BARKLCH01,1997,Charles,Barkley,HOU,N,68,2243,1036,241,553,794,217,71,28,147,187,744,361,397,296,84,18
BARRODA01,1997,Dana,Barros,BOS,N,80,1686,784,28,125,153,286,83,6,107,124,609,281,144,122,246,100
BARRYBR01,1997,Brent,Barry,MIA,N,17,259,70,2,26,28,21,14,4,9,30,62,23,12,12,34,12
BARRYBR01,1997,Brent,Barry,LAC,N,41,1341,561,27,116,143,132,50,23,95,88,444,190,122,103,195,78
BARRYBR01,1997,Brent,Barry,TOT,N,58,1600,631,29,142,171,153,64,27,104,118,506,213,134,115,229,90
BARRYDR01,1997,Drew,Barry,ATL,N,27,256,56,5,30,35,49,10,1,30,28,38,18,13,11,21,9
BARRYJO01,1997,Jon,Barry,LAL,N,49,374,121,8,29,37,51,24,3,22,33,104,38,29,27,61,18
BATTITO01,1997,Tony,Battie,DEN,N,65,1506,544,138,213,351,60,54,69,98,199,525,234,104,73,14,3
BECKCO01,1997,Corey,Beck,CHA,N,59,738,191,27,63,90,98,33,7,70,100,159,73,59,43,4,2
BENJABE01,1997,Benoit,Benjamin,PHI,N,14,197,63,18,35,53,3,4,4,12,26,41,22,30,19,0,0
BENNEMA01,1997,Mario,Bennett,LAL,N,45,354,177,60,66,126,18,19,11,21,61,135,80,44,16,2,1
BENOIDA01,1997,David,Benoit,ORL,N,24,324,138,18,44,62,8,9,4,13,37,139,50,30,24,51,14
BENOIDA01,1997,David,Benoit,NJN,N,53,799,282,42,99,141,17,26,16,39,120,269,102,44,37,119,41
BENOIDA01,1997,David,Benoit,TOT,N,77,1123,420,60,143,203,25,35,20,52,157,408,152,74,61,170,55
BESTTR01,1997,Travis,Best,IND,N,82,1547,535,28,94,122,281,85,5,111,193,480,201,131,112,70,21
BILLUCH01,1997,Chauncey,Billups,TOR,N,29,920,328,22,55,77,97,30,2,56,54,295,103,86,79,136,43
BILLUCH01,1997,Chauncey,Billups,TOT,N,80,2216,893,62,128,190,314,107,4,174,172,749,280,266,226,325,107
BILLUCH01,1997,Chauncey,Billups,BOS,N,51,1296,565,40,73,113,217,77,2,118,118,454,177,180,147,189,64
BLAYLMO01,1997,Mookie,Blaylock,ATL,N,70,2700,921,81,260,341,469,181,21,176,122,938,368,134,95,334,90
BLOUNCO01,1997,Corie,Blount,LAL,N,70,1029,253,114,184,298,37,29,25,51,157,187,107,78,39,4,0
BOGUEMU01,1997,Muggsy,Bogues,CHA,N,2,16,6,0,1,1,4,2,0,1,2,5,2,2,2,0,0
BOGUEMU01,1997,Muggsy,Bogues,GSW,N,59,1554,341,30,101,131,327,65,3,104,56,318,139,66,59,16,4
BOGUEMU01,1997,Muggsy,Bogues,TOT,N,61,1570,347,30,102,132,331,67,3,105,58,323,141,68,61,16,4
BOHANET01,1997,Etdrick,Bohannon,IND,N,5,11,0,2,4,6,1,0,2,3,3,4,0,0,0,0,0
BOOTHKE01,1997,Keith,Booth,CHI,N,6,17,10,2,2,4,1,0,0,3,3,6,2,6,6,1,0
BOWENBR01,1997,Bruce,Bowen,BOS,N,61,1305,340,79,95,174,81,87,29,52,174,298,122,122,76,59,20
BOWIEAN01,1997,Anthony,Bowie,NYK,N,27,225,75,9,17,26,11,6,2,8,25,60,32,9,8,5,3
BRADLSH01,1997,Shawn,Bradley,DAL,N,64,1822,731,164,354,518,60,51,214,96,214,711,300,180,130,3,1
BRANDTE01,1997,Terrell,Brandon,MIL,N,50,1784,841,23,153,176,387,111,17,145,120,731,339,156,132,93,31
BREAUTI01,1997,Tim,Breaux,MIL,N,6,30,10,0,2,2,2,2,1,1,1,11,4,2,1,3,1
BROOKSC01,1997,Scott,Brooks,CLE,N,43,312,79,6,24,30,49,18,3,12,25,66,28,20,18,11,5
BROWNCH01,1997,Chucky,Brown,ATL,N,77,1202,387,57,126,183,55,23,13,51,100,372,161,87,63,8,2
BROWNDE01,1997,Dee,Brown,TOT,N,72,1719,658,32,107,139,150,74,8,88,130,562,246,71,58,271,108
BROWNDE01,1997,Dee,Brown,BOS,N,41,811,280,10,52,62,53,44,6,32,76,255,109,28,19,113,43
BROWNDE01,1997,Dee,Brown,TOR,N,31,908,378,22,55,77,97,30,2,56,54,307,137,43,39,158,65
BROWNPJ01,1997,P.j.,Brown,MIA,N,74,2362,707,235,395,630,103,66,98,97,264,590,278,197,151,0,0
BROWNRA01,1997,Randy,Brown,CHI,N,71,1147,288,34,60,94,151,71,12,63,118,302,116,78,56,5,0
BRUNSRI01,1997,Rick,Brunson,POR,N,38,622,162,14,42,56,100,25,3,52,55,141,49,62,42,61,22
BRYANKO01,1997,Kobe,Bryant,LAL,N,79,2056,1220,79,163,242,199,74,39,157,180,913,391,457,363,220,75
BRYANMA01,1997,Mark,Bryant,PHO,N,70,1110,291,92,152,244,46,36,16,58,180,225,109,95,73,1,0
BUECHJU01,1997,Jud,Buechler,CHI,N,74,608,198,24,53,77,49,22,14,21,47,176,85,6,3,65,25
BULLAMA01,1997,Matt,Bullard,HOU,N,67,1190,466,25,121,146,60,31,24,39,104,389,175,27,20,231,96
BURRESC01,1997,Scott,Burrell,CHI,N,80,1096,416,80,118,198,65,64,38,50,131,375,159,64,47,144,51
BURTOWI01,1997,Willie,Burton,SAS,N,13,43,27,3,6,9,1,2,2,1,7,21,8,12,8,9,3
BUTLEMI01,1997,Mitchell,Butler,CLE,N,18,206,37,6,16,22,18,8,0,8,26,47,15,10,6,6,1
CAFFEJA01,1997,Jason,Caffey,CHI,N,51,710,268,76,97,173,36,13,17,48,92,199,100,103,68,1,0
CAFFEJA01,1997,Jason,Caffey,GSW,N,29,713,315,84,87,171,13,12,3,57,89,267,126,97,63,1,0
CAFFEJA01,1997,Jason,Caffey,TOT,N,80,1423,583,160,184,344,49,25,20,105,181,466,226,200,131,2,0
CAGEMI01,1997,Michael,Cage,NJN,N,79,1201,106,115,193,308,32,45,44,23,105,84,43,36,20,1,0
CALDWAD01,1997,Adrian,Caldwell,DAL,N,1,3,0,0,0,0,0,0,0,0,0,0,0,0,0,0,0
CAMBYMA01,1997,Marcus,Camby,TOR,N,63,2002,765,203,263,466,111,68,230,134,200,747,308,244,149,2,0
CAMPBEL01,1997,Elden,Campbell,LAL,N,81,1784,816,143,312,455,78,35,102,115,209,624,289,342,237,2,1
CARRAN01,1997,Antoine,Carr,UTA,N,66,1086,378,42,89,131,48,11,53,48,195,325,151,98,76,0,0
CARRCH01,1997,Chris,Carr,MIN,N,51,1165,504,43,112,155,85,17,11,69,129,452,190,99,84,127,40
CASSESA01,1997,Sam,Cassell,NJN,N,75,2606,1471,73,155,228,603,121,20,269,262,1156,510,507,436,80,15
CATOKE01,1997,Kelvin,Cato,POR,N,74,1007,282,91,161,252,23,29,94,44,164,229,98,125,86,3,0
CAUSWDU01,1997,Duane,Causwell,MIA,N,37,363,89,29,70,99,5,7,27,18,73,89,37,26,15,0,0
CEBALCE01,1997,Cedric,Ceballos,DAL,N,12,364,203,24,48,72,25,11,8,33,29,157,75,61,47,20,6
CEBALCE01,1997,Cedric,Ceballos,TOT,N,47,990,536,75,146,221,60,33,16,72,88,415,204,145,107,70,21
CEBALCE01,1997,Cedric,Ceballos,PHO,N,35,626,333,51,98,149,35,22,8,39,59,258,129,84,60,50,15
CHAMBTO01,1997,Tom,Chambers,PHI,N,1,10,6,0,2,2,0,2,0,1,2,2,2,2,2,0,0
CHAPMRE01,1997,Rex,Chapman,PHO,N,68,2263,1082,30,143,173,203,71,14,116,102,956,408,187,146,311,120
CHEANCA01,1997,Calbert,Cheaney,WAS,N,82,2841,1050,82,242,324,173,96,36,104,264,981,448,215,139,53,15
CHILCPE01,1997,Pete,Chilcutt,VAN,N,82,1420,405,77,229,306,104,53,34,62,158,359,156,59,39,131,54
CHILDCH01,1997,Chris,Childs,NYK,N,68,1599,429,29,133,162,268,56,6,103,179,354,149,126,104,87,27
CHRISDO01,1997,Doug,Christie,TOR,N,78,2939,1287,94,310,404,282,190,56,228,198,1071,458,327,271,307,100
CLOSSKE01,1997,Keith,Closs,LAC,N,58,740,232,63,105,168,19,12,81,38,73,207,93,77,46,0,0
COLEMDE01,1997,Derrick,Coleman,PHI,N,59,2135,1040,149,438,587,145,46,68,157,144,867,356,391,302,98,26
COLESBI01,1997,Bimbo,Coles,GSW,N,53,1471,423,17,106,123,248,51,13,89,135,438,166,88,78,57,13
COLLIJA01,1997,James,Collins,LAC,N,23,104,59,0,14,14,3,6,3,8,13,55,21,14,8,20,9
CONLOMA01,1997,Marty,Conlon,MIA,N,18,209,88,16,30,46,13,9,5,11,26,62,28,44,32,0,0
CORBITY01,1997,Tyrone,Corbin,ATL,N,79,2699,806,78,284,362,173,105,7,86,197,747,328,126,101,141,49
COTTOJA02,1997,James,Cotton,SEA,N,9,33,24,2,4,6,0,1,1,6,3,21,8,9,8,4,0
CRAWFCH01,1997,Chris,Crawford,ATL,N,40,256,150,20,21,41,9,12,7,18,27,110,46,68,57,3,1
CROSHAU01,1997,Austin,Croshere,IND,N,26,243,76,10,35,45,8,9,5,13,32,86,32,14,8,13,4
CROTTJO01,1997,John,Crotty,POR,N,26,379,96,4,28,32,63,10,1,42,28,90,29,34,32,20,6
CUMMITE01,1997,Terry,Cummings,NYK,N,30,529,234,42,93,135,26,16,5,34,79,216,103,40,28,0,0
CUMMITE01,1997,Terry,Cummings,PHI,N,44,656,233,55,93,148,21,22,5,17,102,212,97,58,39,1,0
CUMMITE01,1997,Terry,Cummings,TOT,N,74,1185,467,97,186,283,47,38,10,51,181,428,200,98,67,1,0
CUNNIWI01,1997,Willi,Cunningham,TOT,N,7,39,8,4,6,10,1,2,0,0,10,9,4,0,0,0,0
CUNNIWI01,1997,Willi,Cunningham,PHI,N,1,1,0,0,2,2,0,0,0,0,0,0,0,0,0,0,0
CUNNIWI01,1997,Willi,Cunningham,UTA,N,6,38,8,4,4,8,1,2,0,0,10,9,4,0,0,0,0
CURLEBI01,1997,Bill,Curley,MIN,N,11,146,34,11,17,28,4,3,1,3,28,33,16,3,2,1,0
CURRYDE01,1997,Dell,Curry,CHA,N,52,971,490,26,75,101,69,31,4,54,85,434,194,52,41,145,61
CURRYMI01,1997,Michael,Curry,MIL,N,82,1978,543,26,75,101,137,59,14,77,218,418,196,176,147,11,4
DAMPIER01,1997,Erick,Dampier,GSW,N,82,2653,971,272,444,716,94,39,138,175,281,792,352,399,267,2,0
DANIEAN01,1997,Antonio,Daniels,VAN,N,74,1956,579,22,121,143,334,55,10,164,88,548,228,170,112,52,11
DANIELL01,1997,Lloyd,Daniels,TOR,N,6,82,34,4,3,7,4,3,2,4,4,29,12,10,8,9,2
DAREYI01,1997,Yinka,Dare,NJN,N,10,60,12,10,7,17,1,0,2,2,9,18,4,8,4,0,0
DAVISAN01,1997,Antonio,Davis,IND,N,82,2191,785,192,368,560,61,45,72,103,234,528,254,398,277,3,0
DAVISBE01,1997,Ben,Davis,NYK,N,7,13,4,6,0,6,0,1,0,0,3,10,2,0,0,0,0
DAVISDA01,1997,Dale,Davis,IND,N,78,2174,626,233,378,611,70,51,87,73,209,498,273,172,80,0,0
DAVISEM01,1997,Emanual,Davis,HOU,N,45,599,184,10,37,47,59,17,3,52,55,142,63,37,31,72,27
DAVISHU01,1997,Hubert,Davis,DAL,N,81,2371,898,34,135,169,157,43,5,88,117,767,350,116,97,230,101
DAVISMA01,1997,Mark,Davis,PHI,N,71,906,282,64,94,158,73,49,19,91,95,244,109,101,64,6,0
DAVISTE01,1997,Terry,Davis,WAS,N,74,1705,323,209,266,475,30,41,24,56,193,256,127,119,69,1,0
DAYTO01,1997,Todd,Day,MIA,N,5,69,30,4,2,6,7,7,0,3,10,31,11,9,6,12,2
DECLEAN01,1997,Andrew,Declercq,BOS,N,81,1523,439,180,212,392,59,85,49,84,277,340,169,168,101,1,0
DEHERTE01,1997,Terry,Dehere,SAC,N,77,1410,489,21,85,106,196,52,5,96,150,451,180,99,79,132,50
DELEBI01,1997,Bison,Dele,DET,N,78,2619,1261,223,472,695,94,67,55,181,252,1040,531,280,198,3,1
DELKTO01,1997,Tony,Delk,GSW,N,74,1647,773,38,132,170,169,73,12,105,88,794,311,149,110,156,41
DELKTO01,1997,Tony,Delk,CHA,N,3,34,8,0,2,2,3,0,0,4,8,4,3,2,1,1,1
DELKTO01,1997,Tony,Delk,TOT,N,77,1681,781,38,134,172,172,73,12,109,96,798,314,151,111,157,42
DELNEVI01,1997,Vinny,Delnegro,SAS,N,54,1721,513,13,139,152,183,39,6,53,113,479,211,93,74,39,17
DIVACVL01,1997,Vlade,Divac,CHA,N,64,1805,667,183,335,518,172,83,94,114,179,536,267,188,130,14,3
DOUGLSH01,1997,Sherman,Douglas,NJN,N,80,1699,639,52,83,135,319,55,7,110,156,515,255,172,115,46,14
DREXLCL01,1997,Clyde,Drexler,HOU,N,70,2473,1287,105,241,346,382,126,42,189,193,1059,452,346,277,334,106
DUDLECH02,1997,Chris,Dudley,NYK,N,51,858,157,108,167,275,21,13,51,44,139,143,58,92,41,0,0
DUMARJO01,1997,Joe,Dumars,DET,N,72,2326,943,14,90,104,253,44,2,84,99,791,329,154,127,426,158
DUMASTO01,1997,Tony,Dumas,CLE,N,7,47,14,1,4,5,5,0,0,5,5,12,6,3,0,4,2
DUNCATI01,1997,Tim,Duncan,SAS,N,82,3204,1731,274,703,977,224,55,206,279,254,1287,706,482,319,10,0
EACKLLE01,1997,Ledell,Eackles,WAS,N,42,547,218,25,50,75,16,17,0,29,43,175,75,59,52,46,16
EDNEYTY01,1997,Tyus,Edney,BOS,N,52,623,277,20,35,55,136,51,1,66,69,216,93,111,88,10,3
EDWARBL01,1997,Blue,Edwards,VAN,N,81,1968,872,61,156,217,201,86,28,134,183,742,326,215,180,120,40
EDWARKE01,1997,Kevin,Edwards,ORL,N,12,135,59,9,11,20,13,5,1,10,8,59,20,20,17,4,2
EDWARKE01,1997,Kevin,Edwards,NJN,N,27,352,91,11,23,34,26,21,0,20,20,106,37,15,13,11,4
EDWARKE01,1997,Kevin,Edwards,TOT,N,39,487,150,20,34,54,39,26,1,30,28,165,57,35,30,15,6
EISLEHO01,1997,Howard,Eisley,UTA,N,82,1726,633,25,141,166,346,54,13,160,182,519,229,149,127,118,48
ELIEMA01,1997,Mario,Elie,HOU,N,73,1988,612,39,117,156,221,81,8,100,115,456,206,174,145,189,55
ELLIOSE01,1997,Sean,Elliott,SAS,N,36,1012,334,16,108,124,62,24,14,57,92,303,122,78,56,90,34
ELLISDA01,1997,Dale,Ellis,SEA,N,79,1939,932,51,133,184,89,60,5,74,128,700,347,142,111,276,127
ELLISHA01,1997,Harold,Ellis,DEN,N,27,344,164,27,23,50,18,19,4,19,53,111,62,63,40,4,0
ELLISLA01,1997,Laphonso,Ellis,DEN,N,76,2575,1083,146,398,544,213,65,49,173,226,1007,410,256,206,201,57
ELLISPE01,1997,Pervis,Ellison,BOS,N,33,447,100,52,57,109,31,20,31,28,90,70,40,34,20,0,0
EVANSBR01,1997,Brian,Evans,TOT,N,72,893,321,49,88,137,55,29,13,38,101,312,123,57,46,87,29
EVANSBR01,1997,Brian,Evans,NJN,N,28,332,115,18,34,52,24,7,5,14,44,106,46,9,6,42,17
EVANSBR01,1997,Brian,Evans,ORL,N,44,561,206,31,54,85,31,22,8,24,57,206,77,48,40,45,12
EWINGPA01,1997,Patrick,Ewing,NYK,N,26,848,540,59,206,265,28,16,58,77,74,403,203,186,134,2,0
FARMETO01,1997,Tony,Farmer,CHA,N,27,169,67,16,16,32,5,10,4,9,23,53,17,39,31,9,2
FEICKJA01,1997,Jamie,Feick,MIL,N,45,449,102,45,79,124,16,25,17,21,67,90,39,41,20,13,4
FERREDU01,1997,Duane,Ferrell,GSW,N,50,461,94,25,22,47,26,21,6,18,50,111,41,22,12,6,0
FERRYDA01,1997,Danny,Ferry,CLE,N,69,1034,291,23,91,114,59,26,17,53,118,286,113,40,32,99,33
FINLEMI01,1997,Michael,Finley,DAL,N,82,3395,1763,149,289,438,405,132,30,219,163,1505,675,416,326,244,87
FISHEDE01,1997,Derek,Fisher,LAL,N,82,1760,474,38,155,193,333,75,6,119,126,378,164,152,115,81,31
FORTSDA01,1997,Danny,Fortson,DEN,N,80,1811,816,182,266,448,81,44,30,157,309,611,276,339,263,3,1
FOSTEGR01,1997,Greg,Foster,UTA,N,78,1446,441,85,188,273,51,15,28,68,187,418,186,87,67,9,2
FOXRI01,1997,Rick,Fox,LAL,N,82,2709,983,78,280,358,276,100,48,201,309,771,363,230,171,267,86
FOYLEAD01,1997,Adonal,Foyle,GSW,N,55,656,165,73,111,184,14,13,52,50,94,170,69,62,27,1,0
FULLETO02,1997,Todd,Fuller,GSW,N,57,613,227,61,135,196,10,6,16,37,89,205,86,80,55,4,0
FUNDELA01,1997,Lawrence,Funderburke,SAC,N,52,1094,493,80,154,234,63,19,15,62,56,390,191,162,110,7,1
GARNECH01,1997,Chris,Garner,TOR,N,38,293,53,7,17,24,45,21,5,25,50,70,23,7,3,14,4
GARNEKE01,1997,Kevin,Garnett,MIN,N,82,3222,1518,222,564,786,348,139,150,192,224,1293,635,332,245,16,3
GARREDE01,1997,Dean,Garrett,DEN,N,82,2632,598,227,417,644,90,57,133,84,197,565,242,176,114,0,0
GARRIKI01,1997,Kiwane,Garris,DEN,N,28,225,68,3,16,19,28,7,2,15,22,65,22,25,19,14,5
GATLICH01,1997,Chris,Gatling,NJN,N,57,1359,656,118,216,334,53,52,29,99,152,545,248,265,159,4,1
GEARYRE01,1997,Reggie,Geary,SAS,N,62,685,152,19,48,67,74,37,12,42,95,169,56,56,28,40,12
GEIGEMA01,1997,Matt,Geiger,CHA,N,78,1839,885,196,325,521,81,69,87,111,193,709,358,236,168,11,1
GILLIAR01,1997,Armen,Gilliam,MIL,N,82,2114,921,146,294,440,102,65,38,149,178,676,327,333,267,4,0
GILLKE01,1997,Kendall,Gill,NJN,N,81,2733,1087,112,279,391,200,156,64,124,268,974,418,327,225,101,26
GOLDWAN01,1997,Anthony,Goldwire,DEN,N,82,2212,751,40,107,147,277,86,7,85,149,636,269,186,150,164,63
GRAHAGR01,1997,Greg,Graham,CLE,N,6,56,16,0,1,1,6,1,0,10,7,12,7,2,2,3,0
GRANTBR01,1997,Brian,Grant,POR,N,61,1921,737,197,358,555,86,44,45,110,184,557,283,228,171,1,0
GRANTGA01,1997,Gary,Grant,POR,N,22,359,105,8,40,48,84,17,2,24,30,93,43,14,12,19,7
GRANTHA01,1997,Harvey,Grant,WAS,N,65,895,170,60,108,168,39,23,15,26,94,196,75,30,19,6,1
GRANTHO01,1997,Horace,Grant,ORL,N,76,2803,921,228,390,618,172,81,79,88,180,857,393,199,135,7,0
GRAYED01,1997,Ed,Gray,ATL,N,30,472,227,9,36,45,34,15,11,30,73,202,77,65,55,46,18
GRAYEJE01,1997,Jeff,Grayer,CHA,N,1,11,0,0,0,0,1,0,0,2,0,4,0,0,0,3,0
GRAYEJE01,1997,Jeff,Grayer,GSW,N,4,23,10,0,4,4,1,2,0,2,7,7,4,0,0,3,2
GRAYEJE01,1997,Jeff,Grayer,TOT,N,5,34,10,0,4,4,2,2,0,4,7,11,4,0,0,6,2
GREENAC01,1997,A.c.,Green,DAL,N,82,2652,600,219,449,668,123,78,27,68,157,534,242,162,116,4,0
GREENLI01,1997,Litterial,Green,MIL,N,21,124,25,1,6,7,16,4,0,8,11,23,5,20,15,2,0
GRIMMDE01,1997,Derek,Grimm,SAC,N,9,46,14,0,4,4,0,3,1,3,6,14,4,2,2,12,4
GUGLITO01,1997,Tom,Gugliotta,MIN,N,41,1582,823,106,250,356,167,61,22,109,102,635,319,223,183,17,2
HALEYJA01,1997,Jack,Haley,NJN,N,16,51,22,5,10,15,0,0,1,4,9,18,5,21,12,1,0
HAMDA01,1997,Darvin,Ham,WAS,N,71,635,145,72,59,131,16,21,25,37,118,104,55,74,35,0,0
HAMMOTO01,1997,Tom,Hammonds,MIN,N,57,1140,346,100,171,271,36,15,17,48,127,246,127,132,92,1,0
HANSORE01,1997,Reggie,Hanson,BOS,N,8,26,6,3,3,6,1,2,1,3,8,6,3,0,0,0,0
HARDAAN01,1997,Anfernee,Hardaway,ORL,N,19,625,311,8,68,76,68,28,15,46,45,273,103,118,90,50,15
HARDATI01,1997,Tim,Hardaway,MIA,N,81,3031,1528,48,251,299,672,136,16,224,200,1296,558,329,257,442,155
HARPEDE01,1997,Derek,Harper,ORL,N,66,1758,557,23,81,104,227,73,10,105,140,537,222,79,55,161,58
HARPERO01,1997,Ron,Harper,CHI,N,82,2284,764,107,183,290,241,108,48,91,181,665,293,216,162,84,16
HARRILU01,1997,Lucious,Harris,NJN,N,50,671,191,21,31,52,42,42,5,21,77,177,69,55,41,39,12
HARRIOT01,1997,Othella,Harrington,HOU,N,58,903,350,73,134,207,24,10,27,47,112,266,129,122,92,1,0
HAWKIHE01,1997,Hersey,Hawkins,SEA,N,82,2597,862,71,263,334,221,148,17,102,153,636,280,204,177,301,125
HENDEAL01,1997,Alan,Henderson,ATL,N,69,2000,986,199,243,442,73,40,36,110,175,753,365,388,253,6,3
HENDECE02,1997,Cedric,Henderson,CLE,N,82,2527,832,71,254,325,168,96,45,165,238,725,348,190,136,4,0
HENDRMA01,1997,Mark,Hendrickson,SAC,N,48,737,163,33,110,143,41,26,9,31,60,149,58,57,47,5,0
HENSOST01,1997,Steve,Henson,DET,N,23,65,36,0,2,2,4,1,0,6,9,26,13,7,7,8,3
HERRECA01,1997,Carl,Herrera,SAS,N,58,516,170,24,67,91,22,19,12,37,71,175,76,45,18,1,0
HIGGISE01,1997,Sean,Higgins,POR,N,2,12,0,0,0,0,0,2,0,1,3,5,0,0,0,2,0
HILLGR01,1997,Grant,Hill,DET,N,81,3294,1712,93,530,623,551,143,53,285,196,1361,615,647,479,21,3
HILLTY01,1997,Tyrone,Hill,MIL,N,57,2064,571,212,396,608,88,67,30,106,230,418,208,255,155,1,0
HOIBEFR01,1997,Fred,Hoiberg,IND,N,65,874,261,14,109,123,45,40,3,22,101,222,85,69,59,85,32
HONEYJE01,1997,Jerald,Honeycutt,MIL,N,38,531,245,27,65,92,32,20,6,49,83,221,90,58,36,77,29
HORNAJE01,1997,Jeff,Hornacek,UTA,N,80,2460,1139,65,205,270,349,109,15,132,175,828,399,322,285,127,56
HORRYRO01,1997,Robert,Horry,LAL,N,72,2192,536,186,356,542,163,112,94,99,238,420,200,167,117,93,19
HOUSTAL01,1997,Allan,Houston,NYK,N,82,2848,1509,43,231,274,212,63,24,200,207,1277,571,335,285,213,82
HOWARJU01,1997,Juwan,Howard,WAS,N,64,2559,1184,161,288,449,208,82,23,185,225,991,463,358,258,2,0
HOWARST01,1997,Stephen,Howard,SEA,N,13,53,25,6,6,12,3,3,1,6,13,21,8,18,9,0,0
HUDSOTR01,1997,Troy,Hudson,UTA,N,8,23,12,1,1,2,4,2,0,1,1,14,6,0,0,3,0
HUNTELI01,1997,Lindsey,Hunter,DET,N,71,2505,862,61,186,247,224,123,10,110,174,826,316,196,145,265,85
HURLEBO01,1997,Bobby,Hurley,TOT,N,61,875,250,12,54,66,177,23,0,86,79,238,93,76,59,22,5
HURLEBO01,1997,Bobby,Hurley,VAN,N,27,458,122,5,25,30,97,10,0,44,43,123,46,39,29,7,1
HURLEBO01,1997,Bobby,Hurley,SAC,N,34,417,128,7,29,36,80,13,0,42,36,115,47,37,30,15,4
ILGAUZY01,1997,Zydrunas,Ilgauskas,CLE,N,82,2379,1139,279,443,722,71,52,135,146,288,876,454,302,230,4,1
IVERSAL01,1997,Allen,Iverson,PHI,N,80,3150,1758,86,210,296,494,176,25,244,200,1407,649,535,390,235,70
JACKSBO01,1997,Bobby,Jackson,DEN,N,68,2042,790,78,224,302,317,105,11,184,160,791,310,183,149,81,21
JACKSJA01,1997,Jaren,Jackson,SAS,N,82,2226,722,55,155,210,156,60,8,104,222,654,258,118,94,297,112
JACKSJI01,1997,Jim,Jackson,GSW,N,31,1258,585,61,112,173,158,38,2,118,74,572,230,128,103,79,22
JACKSJI01,1997,Jim,Jackson,PHI,N,48,1788,657,69,158,227,223,41,6,145,112,535,246,154,126,112,39
JACKSJI01,1997,Jim,Jackson,TOT,N,79,3046,1242,130,270,400,381,79,8,263,186,1107,476,282,229,191,61
JACKSMA01,1997,Mark,Jackson,IND,N,82,2413,678,67,255,322,702,84,2,173,132,598,249,180,137,137,43
JAMESHE01,1997,Henry,James,CLE,N,28,166,80,2,13,15,5,1,1,12,24,59,24,22,21,25,11
JOHNSAN02,1997,Anthony,Johnson,SAC,N,77,2266,574,51,120,171,329,64,6,120,188,610,226,109,80,128,42
JOHNSAV01,1997,Avery,Johnson,SAS,N,75,2674,766,30,120,150,591,85,18,165,140,671,321,168,122,13,2
JOHNSED03,1997,Eddie,Johnson,HOU,N,75,1490,633,50,103,153,88,32,3,62,89,544,227,136,113,198,66
JOHNSER01,1997,Ervin,Johnson,MIL,N,81,2260,649,242,442,684,59,79,155,117,320,472,253,238,143,0,0
JOHNSKE01,1997,Kevin,Johnson,PHO,N,50,1290,476,35,129,164,245,27,7,101,57,347,155,186,162,26,4
JOHNSLA01,1997,Larry,Johnson,NYK,N,70,2412,1087,175,226,401,150,40,13,127,193,884,429,284,214,63,15
JONESCH01,1997,Charles,Jones,HOU,N,24,127,15,12,12,24,5,1,6,4,22,10,7,2,1,0,0
JONESDO01,1997,Dontae,Jones,BOS,N,15,91,44,3,6,9,5,2,3,11,12,57,19,0,0,23,6
JONESED01,1997,Eddie,Jones,LAL,N,80,2910,1349,85,217,302,246,160,55,146,164,1005,486,306,234,368,143
JONESPO01,1997,Popeye,Jones,TOR,N,14,352,120,50,52,102,18,10,3,16,39,127,52,19,14,3,2
JORDAMI01,1997,Michael,Jordan,CHI,N,82,3181,2357,130,345,475,283,141,45,185,151,1893,881,721,565,126,30
JORDARE01,1997,Reggie,Jordan,MIN,N,57,487,149,57,40,97,50,35,9,30,63,113,54,72,41,1,0
KEEFEAD01,1997,Adam,Keefe,UTA,N,80,2047,620,179,259,438,89,52,24,71,172,424,229,200,162,0,0
KEMPSH01,1997,Shawn,Kemp,CLE,N,80,2769,1442,219,526,745,197,108,90,271,310,1164,518,556,404,8,2
KEMPTTI01,1997,Tim,Kempton,TOR,N,5,32,4,4,1,5,2,1,2,4,7,7,2,0,0,0,0
KEMPTTI01,1997,Tim,Kempton,TOT,N,8,47,4,4,2,6,3,1,2,4,10,9,2,0,0,0,0
KEMPTTI01,1997,Tim,Kempton,ORL,N,3,15,0,0,1,1,1,0,0,0,3,2,0,0,0,0,0
KERRST01,1997,Steve,Kerr,CHI,N,50,1119,376,14,63,77,96,26,5,27,71,302,137,49,45,130,57
KERSEJE01,1997,Jerome,Kersey,SEA,N,37,717,234,56,79,135,44,52,14,36,103,233,97,65,39,10,1
KIDDJA01,1997,Jason,Kidd,PHO,N,82,3118,954,108,402,510,745,162,26,261,142,859,357,209,167,233,73
KITTLKE01,1997,Kerry,Kittles,NJN,N,77,2814,1328,132,230,362,176,132,37,106,152,1154,508,250,202,263,110
KLEINJO01,1997,Joe,Kleine,CHI,N,46,397,93,27,50,77,30,4,5,28,63,106,39,18,15,0,0
KNIGHBR01,1997,Brevin,Knight,CLE,N,80,2483,723,67,186,253,656,196,18,194,267,592,261,251,201,7,0
KNIGHTR01,1997,Travis,Knight,BOS,N,74,1503,482,146,219,365,104,54,82,87,253,438,193,103,81,55,15
KUKOCTO01,1997,Toni,Kukoc,CHI,N,74,2236,984,121,206,327,314,76,37,154,149,841,383,219,155,174,63
LAETTCH01,1997,Christian,Laettner,ATL,N,74,2282,1020,142,345,487,190,71,71,183,246,730,354,354,306,27,6
LANGAN01,1997,Andrew,Lang,MIL,N,57,693,154,56,98,154,16,18,27,33,101,144,55,57,44,1,0
LANGAN02,1997,Antonio,Lang,MIA,N,6,29,12,2,3,5,1,2,0,4,3,5,3,8,6,0,0
LARUERU01,1997,Rusty,Larue,CHI,N,14,140,49,1,7,8,5,3,1,6,12,49,20,8,5,16,4
LAUDEPR01,1997,Pries,Lauderdale,DEN,N,39,345,144,27,73,100,21,7,17,46,63,127,53,69,38,0,0
LAWSOJA01,1997,Jason,Lawson,ORL,N,17,80,26,8,19,27,5,4,4,2,14,15,9,10,8,0,0
LEGLETI01,1997,Tim,Legler,WAS,N,8,76,9,2,2,4,3,1,0,4,11,19,3,4,3,6,0
LENARVO01,1997,Voshon,Lenard,MIA,N,81,2621,1020,72,220,292,180,58,16,99,219,854,363,179,141,378,153
LISTEAL01,1997,Alton,Lister,POR,N,7,44,6,2,9,11,1,1,1,2,12,8,3,0,0,0,0
LIVINRA01,1997,Randy,Livingston,ATL,N,12,82,10,1,5,6,5,7,2,6,6,12,3,5,4,0,0
LLAMAHO01,1997,Horacio,Llamas,PHO,N,8,42,24,4,14,18,1,1,3,9,14,21,8,10,7,3,1
LOHAUBR01,1997,Brad,Lohaus,SAS,N,9,102,19,3,9,12,5,1,2,3,10,21,7,3,1,14,4
LONGGR01,1997,Grant,Long,DET,N,40,739,141,57,93,150,25,29,12,22,91,117,50,57,41,4,0
LONGLLU01,1997,Luc,Longley,CHI,N,58,1703,663,113,228,341,161,34,62,130,206,609,277,148,109,0,0
LYNCHGE01,1997,George,Lynch,VAN,N,82,1487,616,147,214,361,122,65,42,104,161,516,248,158,111,30,9
MACKSA01,1997,Sam,Mack,VAN,N,57,1414,616,30,103,133,101,41,12,69,117,559,222,77,62,269,110
MACLEDO01,1997,Don,Maclean,NJN,N,9,42,3,3,2,5,0,0,0,2,7,10,1,0,0,2,1
MADKIGE01,1997,Gerald,Madkins,GSW,N,19,245,37,2,13,15,45,13,1,13,18,34,13,7,5,15,6
MAHORRI01,1997,Rick,Mahorn,DET,N,59,707,141,65,130,195,15,14,7,37,123,129,59,34,23,0,0
MAJERDA01,1997,Dan,Majerle,MIA,N,72,1928,519,48,220,268,157,68,15,65,139,439,184,51,40,295,111
MALONKA01,1997,Karl,Malone,UTA,N,81,3030,2190,189,645,834,316,96,70,247,237,1472,780,825,628,6,2
MALONMA01,1997,Matt,Maloney,HOU,N,78,2217,669,16,126,142,219,62,5,107,99,586,239,78,65,346,126
MANNIDA01,1997,Danny,Manning,PHO,N,70,1794,947,110,282,392,139,71,46,100,201,756,390,226,167,7,0
MARBUST01,1997,Stephon,Marbury,MIN,N,82,3112,1450,58,172,230,704,104,7,256,222,1237,513,450,329,304,95
MARSHDO01,1997,Donyell,Marshall,GSW,N,73,2611,1123,210,420,630,159,94,73,148,226,1091,451,216,158,201,63
MARTIDA01,1997,Darrick,Martin,LAC,N,82,2299,841,19,145,164,328,82,10,154,198,730,275,217,184,293,107
MASHBJA01,1997,Jamal,Mashburn,MIA,N,48,1729,723,72,164,236,132,43,14,108,137,577,251,231,184,122,37
MASONAN01,1997,Anthony,Mason,CHA,N,81,3148,1039,177,649,826,342,68,18,146,182,764,389,402,261,4,0
MASSETO01,1997,Tony,Massenburg,VAN,N,61,889,396,80,154,234,21,25,24,60,123,310,148,137,100,0,0
MAXWEVE01,1997,Vernon,Maxwell,TOT,N,42,636,291,14,43,57,52,16,4,40,71,258,103,60,48,112,37
MAXWEVE01,1997,Vernon,Maxwell,ORL,N,11,169,81,5,8,13,12,2,1,12,20,78,26,26,23,26,6
MAXWEVE01,1997,Vernon,Maxwell,CHA,N,31,467,210,9,35,44,40,14,3,28,51,180,77,34,25,86,31
MAYBELE01,1997,Lee,Mayberry,VAN,N,79,1835,363,19,95,114,349,65,9,113,164,349,131,51,38,180,63
MCCANBO01,1997,Bob,Mccann,TOR,N,1,5,0,0,1,1,0,0,0,0,1,1,0,0,0,0,0
MCCARWA01,1997,Walter,Mccarty,BOS,N,82,2340,788,141,223,364,177,110,44,141,274,730,295,194,144,175,54
MCCLOGE01,1997,George,Mccloud,PHO,N,63,1213,456,45,173,218,84,54,16,63,132,427,173,51,39,208,71
MCDANXA01,1997,Xavier,Mcdaniel,NJN,N,20,180,25,12,19,31,9,3,2,8,23,30,10,8,5,0,0
MCDONMI01,1997,Michael,Mcdonald,CHA,N,1,4,0,1,0,1,0,0,0,2,1,0,0,0,0,0,0
MCDYEAN01,1997,Antonio,Mcdyess,PHO,N,81,2441,1225,206,407,613,106,100,132,142,292,927,497,329,231,2,0
MCGRATR01,1997,Tracy,Mcgrady,TOR,N,64,1179,451,105,164,269,98,49,61,66,86,398,179,111,79,41,14
MCILVJI01,1997,Jim,Mcilvaine,SEA,N,78,1211,247,96,163,259,19,24,135,54,240,224,101,81,45,3,0
MCKEYDE01,1997,Derrick,Mckey,IND,N,57,1316,359,74,137,211,88,57,30,79,156,327,150,77,55,17,4
MCKIEAA01,1997,Aaron,Mckie,DET,N,24,472,109,24,44,68,38,23,1,24,47,104,43,23,20,17,3
MCKIEAA01,1997,Aaron,Mckie,PHI,N,57,1341,223,34,129,163,137,78,12,52,117,277,96,32,22,46,9
MCKIEAA01,1997,Aaron,Mckie,TOT,N,81,1813,332,58,173,231,175,101,13,76,164,381,139,55,42,63,12
MCMILNA01,1997,Nate,Mcmillan,SEA,N,18,279,62,13,27,40,55,14,4,12,41,67,23,1,1,34,15
MERCERO01,1997,Ron,Mercer,BOS,N,80,2662,1221,109,171,280,176,125,17,132,213,1145,515,224,188,28,3
MILICMA01,1997,Marko,Milic,PHO,N,33,163,92,10,15,25,12,10,0,21,17,64,39,17,11,6,3
MILLEAN01,1997,Anthony,Miller,ATL,N,37,228,79,30,40,70,3,15,3,14,41,52,29,39,21,0,0
MILLEOL01,1997,Oliver,Miller,TOR,N,64,1628,401,146,254,400,196,58,72,131,184,369,170,101,61,4,0
MILLERE01,1997,Reggie,Miller,IND,N,81,2795,1578,46,186,232,171,78,11,128,148,1081,516,440,382,382,164
MILLSCH01,1997,Chris,Mills,NYK,N,80,2183,776,120,288,408,133,45,30,106,218,675,292,189,152,137,40
MILLSTE01,1997,Terry,Mills,MIA,N,50,782,212,34,118,152,39,19,9,45,129,206,81,33,25,81,25
MINORGR01,1997,Greg,Minor,BOS,N,69,1126,345,55,95,150,86,53,11,43,100,321,140,86,59,31,6
MITCHSA01,1997,Sam,Mitchell,MIN,N,81,2239,1000,118,267,385,107,64,22,66,200,800,371,292,243,43,15
MONTRER01,1997,Eric,Montross,PHI,N,20,337,67,28,64,92,7,7,12,15,61,76,30,19,7,0,0
MONTRER01,1997,Eric,Montross,TOT,N,48,691,138,69,130,199,11,13,27,29,127,144,61,40,16,0,0
MONTRER01,1997,Eric,Montross,DET,N,28,354,71,41,66,107,4,6,15,14,66,68,31,21,9,0,0
MORRICH01,1997,Chris,Morris,UTA,N,54,538,233,35,79,114,24,25,16,33,61,207,85,61,44,62,19
MOTENLA01,1997,Lawrence,Moten,WAS,N,8,27,9,1,0,1,3,0,0,1,6,13,3,4,3,1,0
MOURNAL01,1997,Alonzo,Mourning,MIA,N,58,1939,1115,193,366,559,52,40,130,179,208,732,403,465,309,0,0
MULLICH01,1997,Chris,Mullin,IND,N,82,2177,927,38,211,249,186,95,39,117,186,692,333,164,154,243,107
MURDOER01,1997,Eric,Murdock,MIA,N,82,1395,507,39,117,156,219,103,13,104,173,419,177,156,125,91,28
MURRALA01,1997,Lamond,Murray,LAC,N,79,2579,1220,172,312,484,140,118,54,171,193,984,473,294,220,153,54
MURRATR01,1997,Tracy,Murray,WAS,N,82,2227,1238,75,202,277,84,67,25,102,167,1007,449,209,182,403,158
MUTOMDI01,1997,Dikembe,Mutombo,ATL,N,82,2917,1101,276,656,932,82,34,277,168,254,743,399,452,303,0,0
MUURSMA01,1997,Martin,Muursepp,DAL,N,41,600,233,46,68,114,30,29,14,29,96,191,83,67,51,38,16
MYERSPE01,1997,Pete,Myers,NYK,N,9,40,14,5,5,10,3,4,0,4,7,10,5,6,4,0,0
NASHST01,1997,Steve,Nash,PHO,N,76,1664,691,32,128,160,262,63,4,98,145,584,268,86,74,195,81
NEWBIIV01,1997,Ivano,Newbill,VAN,N,28,249,58,24,44,68,9,10,3,17,38,56,20,30,17,1,1
NEWMAJO01,1997,Johnny,Newman,DEN,N,74,2176,1089,50,91,141,138,77,24,147,208,799,344,445,365,105,36
NORDGJE01,1997,Jeff,Nordgaard,MIL,N,13,48,18,4,10,14,3,2,0,3,7,18,5,9,8,0,0
OAKLECH01,1997,Charles,Oakley,NYK,N,79,2734,711,218,506,724,201,123,22,126,280,698,307,114,97,6,0
OBANCH01,1997,Charles,O'bannon,DET,N,30,234,64,14,19,33,17,9,1,9,15,69,26,15,12,3,0
OLAJUHA01,1997,Hakeem,Olajuwon,HOU,N,47,1633,772,116,344,460,143,84,96,126,152,633,306,212,160,3,0
OLIVEBR01,1997,Brian,Oliver,ATL,N,5,61,15,3,6,9,2,1,0,1,4,19,7,4,1,0,0
OLIVEJI01,1997,Jimmy,Oliver,WAS,N,1,10,5,0,2,2,1,0,0,0,1,4,2,0,0,2,1
OLLIEKE01,1997,Kevin,Ollie,ORL,N,19,216,77,3,15,18,33,7,0,28,15,56,23,45,31,1,0
OLLIEKE01,1997,Kevin,Ollie,TOT,N,35,430,123,9,30,39,65,13,0,44,31,98,37,70,49,1,0
OLLIEKE01,1997,Kevin,Ollie,DAL,N,16,214,46,6,15,21,32,6,0,16,16,42,14,25,18,0,0
ONEAJE01,1997,Jermaine,O'neal,POR,N,60,808,269,80,120,200,17,15,58,55,101,231,112,89,45,2,0
ONEASH01,1997,Shaquille,O'neal,LAL,N,60,2175,1699,208,473,681,142,39,144,175,193,1147,670,681,359,1,0
OSTERGR01,1997,Greg,Ostertag,UTA,N,63,1288,297,134,240,374,25,28,132,74,166,239,115,140,67,0,0
OUTLABO01,1997,Bo,Outlaw,ORL,N,82,2953,781,255,382,637,216,107,180,175,260,542,300,313,180,4,1
OVERTDO01,1997,Doug,Overton,PHI,N,23,277,62,2,12,14,37,8,1,23,34,63,24,16,14,3,0
OWENSBI01,1997,Billy,Owens,SAC,N,78,2336,818,170,412,582,219,93,38,153,231,728,338,197,116,70,26
PACKRO01,1997,Robert,Pack,DAL,N,12,292,94,8,26,34,42,20,1,38,17,98,33,36,25,6,3
PARKEAN01,1997,Anthony,Parker,PHI,N,37,196,72,0,26,26,19,11,3,11,17,63,25,20,13,28,9
PARKSCH01,1997,Cherokee,Parks,MIN,N,79,1703,558,140,297,437,53,36,86,66,237,449,224,169,110,1,0
PAYTOGA01,1997,Gary,Payton,SEA,N,82,3145,1571,77,299,376,677,185,18,229,195,1278,579,375,279,397,134
PEELEAN01,1997,Anthony,Peeler,VAN,N,8,202,79,6,14,20,23,9,0,6,16,72,35,6,4,19,5
PEELEAN01,1997,Anthony,Peeler,TOT,N,38,1193,469,37,86,123,137,61,6,51,97,420,190,47,36,125,53
PEELEAN01,1997,Anthony,Peeler,MIN,N,30,991,390,31,72,103,114,52,6,45,81,348,155,41,32,106,48
PERDUWI01,1997,Will,Perdue,SAS,N,79,1491,394,177,358,535,57,22,50,81,137,295,162,133,70,1,0
PERKISA01,1997,Sam,Perkins,SEA,N,81,1675,580,53,202,255,113,62,29,62,158,471,196,128,101,222,87
PERRYEL01,1997,Elliot,Perry,MIL,N,81,1752,591,21,86,107,236,88,2,128,129,560,241,109,92,52,17
PERSOCH01,1997,Chuck,Person,SAS,N,61,1455,409,17,187,204,86,29,10,67,121,398,143,37,28,276,95
PERSOWE01,1997,Wesley,Person,CLE,N,82,3198,1204,65,298,363,188,129,49,110,108,957,440,170,132,447,192
PHILLBO01,1997,Bobby,Phills,CHA,N,62,1887,642,59,157,216,187,81,18,108,181,552,246,140,106,114,44
PIATKER01,1997,Eric,Piatkowski,LAC,N,67,1740,760,70,166,236,85,51,12,80,137,568,257,170,140,259,106
PIERCRI01,1997,Ricky,Pierce,MIL,N,39,443,151,19,26,45,33,9,0,21,35,142,52,52,43,13,4
PIPPESC01,1997,Scottie,Pippen,CHI,N,44,1652,841,53,174,227,254,79,43,109,116,704,315,193,150,192,61
POLLASC01,1997,Scot,Pollard,DET,N,33,317,89,34,40,74,9,8,10,12,48,70,35,23,19,0,0
POLYNOL01,1997,Olden,Polynice,SAC,N,70,1459,550,173,266,439,107,37,46,98,158,542,249,115,52,1,0
POPEMA01,1997,Mark,Pope,IND,N,28,193,39,9,17,26,7,3,6,10,36,41,14,17,10,3,1
PORTETE01,1997,Terry,Porter,MIN,N,82,1786,777,37,131,168,271,63,14,104,103,577,259,195,167,233,92
POTAPVI01,1997,Vitaly,Potapenko,CLE,N,80,1412,570,110,203,313,57,27,28,132,198,488,234,144,102,1,0
PRICEBR01,1997,Brent,Price,HOU,N,72,1332,406,37,70,107,192,52,4,111,163,310,128,98,77,187,73
PRICEMA01,1997,Mark,Price,ORL,N,63,1430,597,24,105,129,297,53,5,162,92,531,229,103,87,155,52
RATLITH01,1997,Theo,Ratliff,PHI,N,58,1861,652,175,251,426,42,38,203,82,209,486,249,218,154,0,0
RATLITH01,1997,Theo,Ratliff,TOT,N,82,2447,809,221,326,547,57,50,258,116,292,597,306,281,197,0,0
RATLITH01,1997,Theo,Ratliff,DET,N,24,586,157,46,75,121,15,12,55,34,83,111,57,63,43,0,0
RECASEL01,1997,Eldridge,Recasner,ATL,N,59,1454,548,32,110,142,117,41,1,91,94,452,206,79,74,148,62
REEVEBR01,1997,Bryant,Reeves,VAN,N,74,2527,1209,196,389,585,155,39,80,156,278,942,493,316,223,4,0
REEVEKH01,1997,Khalid,Reeves,DAL,N,82,1950,717,54,131,185,230,80,10,130,195,593,248,213,165,152,56
REIDDO01,1997,Don,Reid,DET,N,68,994,238,77,98,175,26,25,55,28,183,176,94,71,50,0,0
REIDJR01,1997,J.r.,Reid,CHA,N,79,1109,384,72,138,210,51,35,19,65,172,318,146,122,89,8,3
RESPESH01,1997,Shawn,Respert,TOT,N,57,911,339,37,63,100,61,34,1,48,75,293,130,61,48,93,31
RESPESH01,1997,Shawn,Respert,DAL,N,10,215,82,7,20,27,17,5,0,15,17,84,36,7,4,26,6
RESPESH01,1997,Shawn,Respert,TOR,N,47,696,257,30,43,73,44,29,1,33,58,209,94,54,44,67,25
RHODERO01,1997,Rodrick,Rhodes,HOU,N,58,1070,337,28,42,70,110,62,10,97,125,305,112,180,111,8,2
RICEGL01,1997,Glen,Rice,CHA,N,82,3295,1826,89,264,353,182,77,22,182,200,1386,634,504,428,300,130
RICHAPO01,1997,Pooh,Richardson,LAC,N,69,1252,289,17,79,96,226,44,3,54,71,333,124,43,30,57,11
RICHMMI01,1997,Mitch,Richmond,SAC,N,70,2575,1623,50,179,229,279,88,15,181,154,1220,543,471,407,334,130
RIDERIS01,1997,Isaiah,Rider,POR,N,74,2786,1458,99,247,346,231,55,19,187,188,1302,551,267,221,420,135
RILEYER01,1997,Eric,Riley,DAL,N,39,544,139,43,90,133,22,15,46,37,80,135,56,36,27,1,0
ROBERST01,1997,Stanley,Roberts,MIN,N,74,1328,457,109,254,363,27,24,71,70,226,386,191,156,75,0,0
ROBINCH01,1997,Chris,Robinson,VAN,N,16,143,54,0,13,13,10,7,1,15,21,63,23,2,1,24,7
ROBINCH01,1997,Chris,Robinson,SAC,N,19,271,108,9,24,33,29,12,3,18,29,111,42,14,7,42,17
ROBINCH01,1997,Chris,Robinson,TOT,N,35,414,162,9,37,46,39,19,4,33,50,174,65,16,8,66,24
ROBINCL02,1997,Clifford,Robinson,PHO,N,80,2359,1133,152,258,410,170,92,90,140,249,895,429,360,248,84,27
ROBINDA01,1997,David,Robinson,SAS,N,73,2457,1574,239,536,775,199,64,192,202,204,1065,544,660,485,4,1
ROBINGL01,1997,Glenn,Robinson,MIL,N,56,2294,1306,82,224,306,158,69,34,200,164,1135,533,266,215,65,25
ROBINJA03,1997,James,Robinson,LAC,N,70,1231,541,37,74,111,135,37,13,97,100,501,195,107,77,225,74
ROBINLA01,1997,Larry,Robinson,VAN,N,6,41,17,2,10,12,1,4,1,2,0,19,6,2,2,6,3
RODMADE01,1997,Dennis,Rodman,CHI,N,80,2856,375,421,780,1201,230,47,18,147,238,360,155,111,61,23,4
ROGERCA01,1997,Carlos,Rogers,POR,N,3,25,4,1,1,2,2,1,0,1,1,4,2,0,0,1,0
ROGERCA01,1997,Carlos,Rogers,TOT,N,21,376,112,35,32,67,18,10,8,14,35,91,47,32,18,2,0
ROGERCA01,1997,Carlos,Rogers,TOR,N,18,351,108,34,31,65,16,9,8,13,34,87,45,32,18,1,0
ROGERRO01,1997,Rodney,Rogers,LAC,N,76,2498,1149,155,270,425,202,93,33,193,242,935,426,328,225,212,72
ROGERRO02,1997,Roy,Rogers,BOS,N,9,37,7,0,5,5,1,2,4,1,6,8,3,2,1,0,0
ROGERRO02,1997,Roy,Rogers,TOR,N,6,69,13,8,4,12,1,1,4,4,12,17,6,4,1,0,0
ROGERRO02,1997,Roy,Rogers,TOT,N,15,106,20,8,9,17,2,3,8,5,18,25,9,6,2,0,0
ROOKSSE01,1997,Sean,Rooks,LAL,N,41,425,139,46,72,118,24,2,23,19,68,101,46,79,47,0,0
ROSEJA01,1997,Jalen,Rose,IND,N,82,1706,771,28,167,195,155,56,14,132,171,607,290,228,166,73,25
ROSEMA01,1997,Malik,Rose,SAS,N,53,429,158,40,50,90,19,21,7,44,79,136,59,61,39,3,1
ROYALDO01,1997,Donald,Royal,TOT,N,31,323,79,18,23,41,17,7,1,10,35,69,25,33,29,0,0
ROYALDO01,1997,Donald,Royal,ORL,N,2,18,5,2,2,4,1,1,0,3,5,6,1,4,3,0,0
ROYALDO01,1997,Donald,Royal,CHA,N,29,305,74,16,21,37,16,6,1,7,30,63,24,29,26,0,0
ROZIECL01,1997,Clifford,Rozier,MIN,N,6,30,6,3,3,6,0,0,2,4,7,6,3,1,0,0,0
RUSSEBR01,1997,Bryon,Russell,UTA,N,82,2219,738,78,248,326,101,90,32,81,229,525,226,278,213,214,73
SABONAR01,1997,Arvydas,Sabonis,POR,N,73,2333,1167,149,580,729,218,65,80,190,267,826,407,405,323,115,30
SALVAKE01,1997,Kevin,Salvadori,SAC,N,16,87,5,5,15,20,3,0,11,5,12,13,1,6,3,0,0
SCHAYDA01,1997,Danny,Schayes,ORL,N,74,1272,406,97,145,242,44,34,32,61,182,371,155,119,96,0,0
SCHREDE01,1997,Detlef,Schrempf,SEA,N,78,2742,1232,135,419,554,341,60,19,168,205,898,437,352,297,147,61
SCOTTDE01,1997,Dennis,Scott,PHO,N,29,493,181,8,42,50,24,10,7,12,31,162,71,12,8,69,31
SCOTTDE01,1997,Dennis,Scott,DAL,N,52,1797,707,39,158,197,129,43,32,92,121,666,258,118,97,273,94
SCOTTDE01,1997,Dennis,Scott,TOT,N,81,2290,888,47,200,247,153,53,39,104,152,828,329,130,105,342,125
SCOTTSH01,1997,Shawnelle,Scott,CLE,N,41,188,44,20,39,59,8,6,8,10,45,36,16,18,12,0,0
SEALSSH01,1997,Shea,Seals,LAL,N,4,9,4,3,1,4,0,1,0,0,1,8,1,4,2,3,0
SEALYMA01,1997,Malik,Sealy,DET,N,77,1641,591,48,171,219,100,65,20,79,156,505,216,182,150,41,9
SEIKARO01,1997,Rony,Seikaly,TOT,N,56,1636,746,146,247,393,77,28,43,146,164,579,250,332,246,2,0
SEIKARO01,1997,Rony,Seikaly,ORL,N,47,1484,704,130,227,357,69,25,39,134,137,538,237,305,230,2,0
SEIKARO01,1997,Rony,Seikaly,NJN,N,9,152,42,16,20,36,8,3,4,12,27,41,13,27,16,0,0
SHAMMGO01,1997,God,Shammgod,WAS,N,20,146,61,2,5,7,36,7,1,21,27,58,19,30,23,2,0
SHAWBR01,1997,Brian,Shaw,PHI,N,20,502,121,17,47,64,88,14,3,24,55,139,51,19,12,28,7
SHAWBR01,1997,Brian,Shaw,GSW,N,39,1028,251,20,131,151,173,35,14,75,93,307,103,33,24,67,21
SHAWBR01,1997,Brian,Shaw,TOT,N,59,1530,372,37,178,215,261,49,17,99,148,446,154,52,36,95,28
SIMPKDI01,1997,Dickey,Simpkins,TOT,N,40,433,132,27,50,77,33,9,5,32,54,89,48,70,36,2,0
SIMPKDI01,1997,Dickey,Simpkins,GSW,N,19,196,54,19,27,46,16,5,2,19,19,48,22,26,10,1,0
SIMPKDI01,1997,Dickey,Simpkins,CHI,N,21,237,78,8,23,31,17,4,3,13,35,41,26,44,26,1,0
SLATERE01,1997,Reggie,Slater,TOR,N,78,1662,625,134,171,305,74,45,30,102,201,459,211,322,203,0,0
SMITHCH03,1997,Charles,Smith,MIA,N,11,32,10,5,3,8,2,2,1,6,3,18,4,2,1,3,1
SMITHCH03,1997,Charles,Smith,LAC,N,23,260,109,8,11,19,19,10,5,21,21,107,45,9,5,44,14
SMITHCH03,1997,Charles,Smith,TOT,N,34,292,119,13,14,27,21,12,6,27,24,125,49,11,6,47,15
SMITHJO01,1997,Joe,Smith,TOT,N,79,2344,1155,199,272,471,94,62,51,158,263,1070,464,293,227,8,0
SMITHJO01,1997,Joe,Smith,GSW,N,49,1645,846,141,197,338,67,44,38,106,169,800,343,208,160,7,0
SMITHJO01,1997,Joe,Smith,PHI,N,30,699,309,58,75,133,27,18,13,52,94,270,121,85,67,1,0
SMITHMI01,1997,Michael,Smith,SAC,N,18,347,69,35,65,100,29,15,9,15,35,61,26,30,17,0,0
SMITHMI01,1997,Michael,Smith,VAN,N,30,706,182,85,121,206,59,26,6,36,60,133,67,73,48,1,0
SMITHMI01,1997,Michael,Smith,TOT,N,48,1053,251,120,186,306,88,41,15,51,95,194,93,103,65,1,0
SMITHST01,1997,Steve,Smith,ATL,N,73,2857,1464,133,176,309,292,74,29,176,219,1101,489,455,389,276,97
SMITHTO01,1997,Tony,Smith,MIL,N,7,80,19,4,3,7,10,5,2,9,7,24,8,4,3,4,0
SMITSRI01,1997,Rik,Smits,IND,N,73,2085,1216,127,378,505,101,40,88,134,243,1038,514,240,188,3,0
SNOWER01,1997,Eric,Snow,TOT,N,64,918,209,19,62,81,177,60,5,63,114,184,79,71,49,17,2
SNOWER01,1997,Eric,Snow,SEA,N,17,74,25,0,4,4,13,0,1,12,15,23,10,10,5,1,0
SNOWER01,1997,Eric,Snow,PHI,N,47,844,184,19,58,77,164,60,4,51,99,161,69,61,44,16,2
SPENCFE01,1997,Felton,Spencer,GSW,N,68,815,162,93,133,226,17,23,37,49,175,129,59,79,44,0,0
SPREWLA01,1997,Latrell,Sprewell,GSW,N,14,547,299,7,44,51,68,19,5,44,26,277,110,94,70,48,9
STACKJE01,1997,Jerry,Stackhouse,PHI,N,22,748,353,28,48,76,67,31,21,74,56,283,128,101,81,46,16
STACKJE01,1997,Jerry,Stackhouse,DET,N,57,1797,896,77,113,190,174,58,38,150,119,692,296,349,273,149,31
STACKJE01,1997,Jerry,Stackhouse,TOT,N,79,2545,1249,105,161,266,241,89,59,224,175,975,424,450,354,195,47
STARKJO01,1997,John,Starks,NYK,N,82,2187,1059,48,181,229,219,78,5,142,205,946,372,235,185,397,130
STEPHJO01,1997,Joe,Stephens,HOU,N,7,37,27,3,3,6,1,2,0,2,2,28,10,6,4,10,3
STEWAKE01,1997,Kebu,Stewart,PHI,N,15,110,40,9,22,31,2,5,2,8,13,26,12,25,16,0,0
STEWAMI01,1997,Michael,Stewart,SAC,N,81,1761,375,197,339,536,61,29,195,85,251,323,155,142,65,0,0
STITHBR01,1997,Bryant,Stith,DEN,N,31,718,235,15,50,65,50,21,8,35,52,225,75,86,75,48,10
STOCKJO01,1997,John,Stockton,UTA,N,64,1858,770,35,131,166,543,89,10,161,138,511,270,231,191,91,39
STOKEED01,1997,Ed,Stokes,TOR,N,4,17,3,1,3,4,1,1,2,2,4,3,1,2,1,0,0
STOUDDA01,1997,Damon,Stoudamire,TOT,N,71,2839,1225,87,211,298,580,113,7,223,150,1091,448,287,238,304,91
STOUDDA01,1997,Damon,Stoudamire,POR,N,22,806,273,24,57,81,181,33,2,64,38,258,94,75,59,99,26
STOUDDA01,1997,Damon,Stoudamire,TOR,N,49,2033,952,63,154,217,399,80,5,159,112,833,354,212,179,205,65
STRICER01,1997,Erick,Strickland,DAL,N,67,1505,511,35,126,161,167,56,8,106,140,558,199,84,65,163,48
STRICMA01,1997,Mark,Strickland,MIA,N,51,847,349,80,132,212,26,18,33,47,87,269,145,82,59,1,0
STRICRO01,1997,Rod,Strickland,WAS,N,76,3020,1349,112,293,405,801,126,25,266,182,1130,490,492,357,48,12
STRONDE01,1997,Derek,Strong,ORL,N,58,1638,738,152,275,427,51,31,24,74,122,618,260,279,218,4,0
SURABO01,1997,Bob,Sura,CLE,N,46,942,267,25,69,94,171,44,7,93,113,231,87,131,74,60,19
TABAKZA01,1997,Zan,Tabak,BOS,N,18,232,59,25,33,58,12,5,11,17,46,55,26,13,7,0,0
TABAKZA01,1997,Zan,Tabak,TOR,N,39,752,248,59,95,154,36,15,27,44,117,249,116,48,16,1,0
TABAKZA01,1997,Zan,Tabak,TOT,N,57,984,307,84,128,212,48,20,38,61,163,304,142,61,23,1,0
TAYLOJO01,1997,Johnny,Taylor,ORL,N,12,108,38,4,9,13,1,3,2,8,22,37,13,16,11,2,1
TAYLOMA01,1997,Maurice,Taylor,LAC,N,71,1513,815,118,178,296,53,34,40,108,222,675,321,244,173,1,0
THOMACA01,1997,Carl,Thomas,ORL,N,4,15,9,0,0,0,1,0,1,0,0,5,4,2,1,0,0
THOMACA01,1997,Carl,Thomas,TOT,N,43,426,148,10,37,47,19,21,7,18,39,140,56,25,16,59,20
THOMACA01,1997,Carl,Thomas,GSW,N,10,139,62,4,6,10,9,5,1,6,12,65,25,10,7,21,5
THOMACA01,1997,Carl,Thomas,CLE,N,29,272,77,6,31,37,9,16,5,12,27,70,27,13,8,38,15
THOMAJO01,1997,John,Thomas,TOR,N,21,167,43,16,20,36,4,3,3,13,32,33,14,21,15,0,0
THOMAJO01,1997,John,Thomas,BOS,N,33,368,108,32,38,70,13,19,9,33,65,80,41,33,26,0,0
THOMAJO01,1997,John,Thomas,TOT,N,54,535,151,48,58,106,17,22,12,46,97,113,55,54,41,0,0
THOMAKU01,1997,Kurt,Thomas,DAL,N,5,73,37,8,16,24,3,1,0,10,19,44,17,3,3,0,0
THOMATI01,1997,Tim,Thomas,PHI,N,77,1779,845,107,181,288,90,54,17,118,185,684,306,231,171,171,62
THOMPBR01,1997,Brooks,Thompson,PHO,N,13,46,26,1,4,5,3,4,0,5,6,27,10,3,1,16,5
THOMPBR01,1997,Brooks,Thompson,TOT,N,30,167,59,1,14,15,27,10,1,16,22,56,23,8,4,30,9
THOMPBR01,1997,Brooks,Thompson,NYK,N,17,121,33,0,10,10,24,6,1,11,16,29,13,5,3,14,4
THORPOT01,1997,Otis,Thorpe,SAC,N,27,623,224,51,115,166,61,18,7,37,80,194,89,70,46,1,0
THORPOT01,1997,Otis,Thorpe,VAN,N,47,1574,528,100,271,371,161,30,23,115,158,430,205,170,118,4,0
THORPOT01,1997,Otis,Thorpe,TOT,N,74,2197,752,151,386,537,222,48,30,152,238,624,294,240,164,5,0
TRENTGA01,1997,Gary,Trent,TOT,N,54,1360,630,123,215,338,72,35,27,94,161,505,241,212,144,12,4
TRENTGA01,1997,Gary,Trent,TOR,N,13,355,159,43,61,104,14,8,8,22,46,146,64,49,31,3,0
TRENTGA01,1997,Gary,Trent,POR,N,41,1005,471,80,154,234,58,27,19,72,115,359,177,163,113,9,4
VANEXNI01,1997,Nick,Vanexel,LAL,N,64,2053,881,31,163,194,442,64,6,104,120,743,311,172,136,316,123
VANHOKE01,1997,Keith,Vanhorn,NJN,N,62,2325,1219,142,266,408,106,64,25,164,216,1047,446,305,258,224,69
VAUGHDA02,1997,David,Vaughn,NJN,N,15,161,44,19,30,49,2,5,4,9,34,33,19,9,6,0,0
VAUGHDA02,1997,David,Vaughn,GSW,N,22,322,114,34,68,102,18,10,6,31,48,114,46,34,22,1,0
VAUGHDA02,1997,David,Vaughn,TOT,N,40,489,162,53,99,152,20,15,10,40,83,148,66,47,30,1,0
VAUGHDA02,1997,David,Vaughn,CHI,N,3,6,4,0,1,1,0,0,0,0,1,1,1,4,2,0,0
VAUGHJA01,1997,Jacque,Vaughn,UTA,N,45,419,139,4,34,38,84,9,1,56,63,122,44,68,48,8,3
VAUGHLO01,1997,Loy,Vaught,LAC,N,10,265,75,16,49,65,7,4,2,13,33,84,36,8,3,2,0
VRANKST01,1997,Stojko,Vrankovic,LAC,N,65,996,195,71,192,263,36,11,66,46,130,186,79,65,37,0,0
WALKEAN01,1997,Antoine,Walker,BOS,N,82,3268,1840,270,566,836,273,142,60,292,262,1695,722,473,305,292,91
WALKESA01,1997,Samaki,Walker,DAL,N,41,1027,365,96,206,302,24,30,40,61,127,321,156,99,53,1,0
WALLABE01,1997,Ben,Wallace,WAS,N,67,1124,205,112,212,324,18,61,72,28,116,164,85,98,35,0,0
WALLAJO01,1997,John,Wallace,TOR,N,82,2361,1147,117,256,373,110,62,101,172,239,979,468,293,210,2,1
WALLARA01,1997,Rasheed,Wallace,POR,N,77,2896,1124,132,346,478,195,75,88,167,268,875,466,278,184,39,8
WALTERE01,1997,Rex,Walters,TOT,N,38,235,80,5,19,24,35,8,1,27,28,53,24,28,26,22,6
WALTERE01,1997,Rex,Walters,MIA,N,19,108,38,2,13,15,14,3,1,10,11,24,13,11,9,8,3
WALTERE01,1997,Rex,Walters,PHI,N,19,127,42,3,6,9,21,5,0,17,17,29,11,17,17,14,3
WARDCH01,1997,Charlie,Ward,NYK,N,82,2317,642,32,242,274,466,144,37,175,195,516,235,113,91,215,81
WASHIER01,1997,Eric,Washington,DEN,N,66,1539,511,47,80,127,78,53,24,72,143,498,201,83,65,137,44
WEATHCL01,1997,Clarence,Weatherspoon,GSW,N,31,1035,331,89,169,258,49,42,22,50,86,277,127,103,77,0,0
WEATHCL01,1997,Clarence,Weatherspoon,PHI,N,48,1290,405,109,227,336,40,43,52,69,108,331,141,174,123,0,0
WEATHCL01,1997,Clarence,Weatherspoon,TOT,N,79,2325,736,198,396,594,89,85,74,119,194,608,268,277,200,0,0
WEBBECH01,1997,Chris,Webber,WAS,N,71,2809,1555,176,498,674,273,111,124,185,269,1341,647,333,196,205,65
WEBBSP01,1997,Spud,Webb,ORL,N,4,34,12,2,1,3,5,1,0,7,6,12,5,2,2,1,0
WELLSBU01,1997,Bubba,Wells,DAL,N,39,394,128,22,46,68,34,15,4,31,40,116,48,43,31,6,1
WENNIBI01,1997,Bill,Wennington,CHI,N,48,467,167,32,48,80,19,4,5,16,77,172,75,21,17,0,0
WESLEDA01,1997,David,Wesley,CHA,N,81,2845,1054,49,164,213,529,140,30,226,229,864,383,288,229,170,59
WESTDO01,1997,Doug,West,MIN,N,38,688,157,23,59,82,45,11,5,21,97,171,64,40,29,2,0
WESTMA01,1997,Mark,West,IND,N,15,105,23,6,9,15,2,2,4,8,15,21,10,6,3,0,0
WHEATDE01,1997,Dejuan,Wheat,MIN,N,34,150,57,3,8,11,25,6,2,9,12,50,20,15,9,17,8
WHITEDO01,1997,Donald,Whiteside,ATL,N,3,16,2,0,1,1,1,0,0,1,0,2,1,2,0,1,0
WHITNCH01,1997,Chris,Whitney,WAS,N,82,1073,422,16,99,115,196,34,6,65,106,355,126,129,118,169,52
WILKIGE01,1997,Gerald,Wilkins,ORL,N,72,1255,389,16,73,89,84,33,7,75,78,439,145,98,69,114,30
WILLIAA01,1997,Aaron,Williams,SEA,N,65,757,298,48,100,148,14,19,37,51,119,221,116,85,66,1,0
WILLIAL01,1997,Alvin,Williams,TOR,N,13,207,41,5,16,21,20,8,1,8,19,44,16,11,7,4,2
WILLIAL01,1997,Alvin,Williams,TOT,N,54,1071,324,24,57,81,103,38,3,58,79,282,125,90,65,28,9
WILLIAL01,1997,Alvin,Williams,POR,N,41,864,283,19,41,60,83,30,2,50,60,238,109,79,58,24,7
WILLIBR01,1997,Brandon,Williams,GSW,N,9,140,37,4,11,15,3,6,3,9,18,50,16,4,2,9,3
WILLIBU01,1997,Buck,Williams,NYK,N,41,738,202,78,106,184,21,17,15,38,93,149,75,71,52,0,0
WILLICO02,1997,Corliss,Williamson,SAC,N,79,2813,1401,162,284,446,230,76,48,199,252,1134,561,443,279,9,0
WILLIER01,1997,Eric,Williams,DEN,N,4,145,79,10,11,21,12,4,0,9,9,61,24,45,31,0,0
WILLIHE01,1997,Herb,Williams,NYK,N,27,178,37,6,23,29,4,6,9,5,34,43,18,8,1,0,0
WILLIHO01,1997,Hotrod,Williams,PHO,N,71,1333,255,107,205,312,48,34,60,28,135,202,95,93,65,0,0
WILLIJA01,1997,Jayson,Williams,NJN,N,65,2343,837,443,440,883,67,45,49,95,236,645,321,293,195,4,0
WILLIJE01,1997,Jerome,Williams,DET,N,77,1305,410,170,209,379,48,51,10,60,144,288,151,166,108,1,0
WILLIKE01,1997,Kevin,Willis,HOU,N,81,2528,1305,232,447,679,78,55,38,170,235,1041,531,305,242,7,1
WILLILO01,1997,Lorenzo,Williams,WAS,N,14,111,26,16,10,26,3,2,3,2,17,17,13,2,0,0,0
WILLIMI01,1997,Michael,Williams,MIN,N,25,161,64,2,12,14,32,9,2,16,24,48,16,33,32,4,0
WILLIMO01,1997,Monty,Williams,SAS,N,72,1314,453,67,112,179,89,34,24,83,133,368,165,182,122,2,1
WILLISC01,1997,Scott,Williams,PHI,N,58,801,237,87,124,211,29,17,21,30,132,213,93,63,51,5,0
WILLITR01,1997,Travis,Williams,CHA,N,39,365,136,53,39,92,20,18,5,30,55,119,56,46,24,1,0
WILLIWA01,1997,Walt,Williams,TOT,N,59,1470,608,50,150,200,122,59,35,92,161,544,210,125,108,219,80
WILLIWA01,1997,Walt,Williams,POR,N,31,594,260,23,59,82,53,19,12,40,61,225,85,65,59,90,31
WILLIWA01,1997,Walt,Williams,TOR,N,28,876,348,27,91,118,69,40,23,52,100,319,125,60,49,129,49
WINGADA01,1997,David,Wingate,SEA,N,58,546,150,19,60,79,37,21,3,37,58,140,66,29,15,7,3
WINGFDO01,1997,Donton,Wingfield,POR,N,3,9,1,2,2,4,0,0,0,1,2,3,0,2,1,0,0
WOLFJO01,1997,Joe,Wolf,DEN,N,57,621,87,36,90,126,30,20,5,22,92,121,40,10,5,10,2
WRIGHLO02,1997,Lorenzen,Wright,LAC,N,69,2067,623,180,425,605,55,55,87,81,237,542,241,214,141,2,0
WRIGHSH01,1997,Sharone,Wright,TOR,N,7,44,16,1,8,9,4,0,0,2,7,14,7,4,2,0,0
ZIDEKGE01,1997,George,Zidek,SEA,N,6,22,11,0,4,4,1,0,0,1,5,14,3,4,4,2,1
ZIDEKGE01,1997,George,Zidek,DEN,N,6,42,18,4,9,13,1,0,2,3,5,15,4,12,10,0,0
ZIDEKGE01,1997,George,Zidek,TOT,N,12,64,29,4,13,17,2,0,2,4,10,29,7,16,14,2,1
ABDULTA01,1998,Tariq,Abdul-wahad,SAC,N,49,1205,454,72,114,186,50,50,16,70,121,407,177,136,94,21,6
ABDURSH01,1998,Shareef,Abdur-rahim,VAN,N,50,2021,1152,114,260,374,172,69,55,186,137,893,386,439,369,36,11
ALEXACO01,1998,Cory,Alexander,DEN,N,36,778,261,7,67,74,119,35,5,69,77,260,97,44,37,105,30
ALLENRA02,1998,Ray,Allen,MIL,N,50,1719,856,57,155,212,178,53,7,122,117,673,303,195,176,208,74
ALUMAPE01,1998,Peter,Aluma,SAC,N,2,5,2,1,1,2,0,1,1,2,4,2,1,0,0,0,0
ANDERDE01,1998,Derek,Anderson,CLE,N,38,978,409,20,89,109,145,48,4,82,73,314,125,165,138,69,21
ANDERKE02,1998,Kenny,Anderson,BOS,N,34,1010,412,24,79,103,193,33,2,71,78,357,161,101,84,24,6
ANDERNI01,1998,Nick,Anderson,ORL,N,47,1581,701,51,226,277,91,64,15,83,72,640,253,162,99,277,96
ANDERSH01,1998,Shandon,Anderson,UTA,N,50,1072,427,49,83,132,56,39,10,66,89,363,162,125,89,41,14
ANSTECH01,1998,Chris,Anstey,DAL,N,41,470,134,35,62,97,27,18,13,26,98,139,50,48,34,7,0
ANTHOGR01,1998,Greg,Anthony,POR,N,50,806,319,14,49,63,100,66,3,55,75,251,104,89,62,125,49
ARMSTBJ01,1998,B.j.,Armstrong,ORL,N,22,180,48,1,22,23,34,9,0,15,15,45,19,11,9,7,1
ARMSTBJ01,1998,B.j.,Armstrong,CHA,N,10,178,57,1,15,16,27,3,0,10,16,43,21,10,9,8,6
ARMSTBJ01,1998,B.j.,Armstrong,TOT,N,32,358,105,2,37,39,61,12,0,25,31,88,40,21,18,15,7
ARMSTDA01,1998,Darrell,Armstrong,ORL,N,50,1502,690,53,127,180,335,108,4,158,90,522,230,178,161,189,69
ASKINKE01,1998,Keith,Askins,MIA,N,33,415,53,10,34,44,10,17,3,13,58,62,20,8,5,29,8
AUGMOST01,1998,Stacey,Augmon,POR,N,48,874,208,47,78,125,58,57,18,30,81,174,78,76,52,2,0
AUSTIIS01,1998,Isaac,Austin,ORL,N,49,1259,477,83,154,237,89,47,35,114,125,453,185,157,105,7,2
AVENTAN01,1998,Anthony,Avent,UTA,N,5,44,9,8,4,12,1,2,0,7,6,13,4,2,1,0,0
BAILETH01,1998,Thurl,Bailey,UTA,N,43,543,181,36,58,94,26,9,28,27,78,175,78,34,25,2,0
BAILETO01,1998,Toby,Bailey,PHO,N,27,249,78,24,30,54,13,9,2,11,24,86,34,13,9,5,1
BAKERMA01,1998,Mark,Baker,TOR,N,1,2,0,0,0,0,0,0,0,1,0,1,0,0,0,0,0
BAKERVI01,1998,Vin,Baker,SEA,N,34,1162,468,86,125,211,56,32,34,76,121,437,198,160,72,3,0
BARKLCH01,1998,Charles,Barkley,HOU,N,42,1526,676,167,349,516,192,43,13,100,89,502,240,267,192,25,4
BARRODA01,1998,Dana,Barros,BOS,N,50,1156,464,16,89,105,208,52,5,88,64,371,168,73,64,160,64
BARRYBR01,1998,Brent,Barry,CHI,N,37,1181,412,39,105,144,116,42,11,72,98,356,141,101,78,172,52
BARRYDR01,1998,Drew,Barry,SEA,N,17,183,37,3,17,20,29,7,1,12,24,32,10,13,9,24,8
BARRYJO01,1998,Jon,Barry,SAC,N,43,736,213,25,71,96,112,53,5,47,61,138,59,84,71,79,24
BATTITO01,1998,Tony,Battie,BOS,N,50,1121,335,96,204,300,53,29,71,45,159,283,147,61,41,3,0
BECKCO01,1998,Corey,Beck,TOT,N,24,180,45,6,22,28,20,9,2,13,26,39,18,15,8,1,1
BECKCO01,1998,Corey,Beck,DET,N,8,30,10,3,2,5,0,2,0,2,5,8,4,2,2,0,0
BECKCO01,1998,Corey,Beck,CHA,N,16,150,35,3,20,23,20,7,2,11,21,31,14,13,6,1,1
BENJABE01,1998,Benoit,Benjamin,PHI,N,6,33,4,3,5,8,1,0,0,3,6,7,2,0,0,0,0
BENJACO01,1998,Corey,Benjamin,CHI,N,31,320,118,15,25,40,10,11,8,21,46,117,44,40,27,14,3
BENNEMA01,1998,Mario,Bennett,CHI,N,3,19,7,2,3,5,0,1,0,1,4,6,2,4,3,0,0
BESTTR01,1998,Travis,Best,IND,N,49,1043,346,19,61,80,169,42,4,62,111,305,127,83,70,59,22
BIBBYMI01,1998,Mike,Bibby,VAN,N,50,1758,662,30,106,136,325,78,5,146,122,605,260,169,127,74,15
BILLUCH01,1998,Chauncey,Billups,DEN,N,45,1488,624,24,72,96,173,58,14,98,115,495,191,172,157,235,85
BLAYLMO01,1998,Mookie,Blaylock,ATL,N,48,1763,640,45,179,224,278,99,9,115,61,651,247,91,69,251,77
BLOUNCO01,1998,Corie,Blount,LAL,N,14,162,32,24,22,46,2,1,4,6,27,33,13,12,6,1,0
BLOUNCO01,1998,Corie,Blount,CLE,N,20,368,68,34,71,105,10,18,12,15,47,67,23,42,22,0,0
BLOUNCO01,1998,Corie,Blount,TOT,N,34,530,100,58,93,151,12,19,16,21,74,100,36,54,28,1,0
BOGUEMU01,1998,Muggsy,Bogues,GSW,N,36,714,183,16,57,73,134,43,1,47,44,154,76,36,31,6,0
BOHANET01,1998,Etdrick,Bohannon,WAS,N,2,4,0,0,0,0,0,0,0,0,0,0,0,0,0,0,0
BOOTHKE01,1998,Keith,Booth,CHI,N,39,432,120,25,68,93,38,22,11,39,60,151,49,42,21,10,1
BOWENBR01,1998,Bruce,Bowen,BOS,N,30,494,70,15,37,52,28,21,9,13,51,93,26,24,11,26,7
BOYKIEA01,1998,Earl,Boykins,TOT,N,22,221,65,7,10,17,33,6,0,20,20,79,30,3,2,18,3
BOYKIEA01,1998,Earl,Boykins,CLE,N,17,170,44,6,7,13,27,5,0,13,17,58,20,3,2,13,2
BOYKIEA01,1998,Earl,Boykins,NJN,N,5,51,21,1,3,4,6,1,0,7,3,21,10,0,0,5,1
BRADLSH01,1998,Shawn,Bradley,DAL,N,49,1294,420,130,262,392,40,35,159,56,153,348,167,115,86,4,0
BRANDTE01,1998,Terrell,Brandon,MIL,N,15,505,203,11,42,53,104,24,3,36,25,208,85,31,26,28,7
BRANDTE01,1998,Terrell,Brandon,MIN,N,21,712,298,16,65,81,205,39,7,38,57,299,127,47,39,19,5
BRANDTE01,1998,Terrell,Brandon,TOT,N,36,1217,501,27,107,134,309,63,10,74,82,507,212,78,65,47,12
BROWNCH01,1998,Chucky,Brown,CHA,N,48,1192,407,36,138,174,57,16,19,38,106,373,176,59,40,40,15
BROWNDE01,1998,Dee,Brown,TOR,N,49,1377,549,15,88,103,143,56,8,80,75,495,187,55,40,349,135
BROWNGE02,1998,Gerald,Brown,PHO,N,33,236,80,5,17,22,31,5,1,22,21,89,33,14,11,10,3
BROWNPJ01,1998,P.j.,Brown,MIA,N,50,1611,571,115,231,346,66,46,48,69,166,477,229,146,113,0,0
BROWNRA01,1998,Randy,Brown,CHI,N,39,1139,342,27,105,132,149,68,8,80,93,319,132,103,78,10,0
BRUNSRI01,1998,Rick,Brunson,NYK,N,17,95,17,3,7,10,19,9,0,12,8,21,6,18,5,5,0
BRYANKO01,1998,Kobe,Bryant,LAL,N,50,1896,996,53,211,264,190,72,50,157,153,779,362,292,245,101,27
BRYANMA01,1998,Mark,Bryant,CHI,N,45,1204,407,92,140,232,48,34,16,68,149,348,168,110,71,1,0
BUECHJU01,1998,Jud,Buechler,DET,N,50,1056,274,29,104,133,57,37,13,21,83,240,100,18,13,148,61
BULLAMA01,1998,Matt,Bullard,HOU,N,41,413,117,9,33,42,18,13,4,14,28,114,43,10,7,62,24
BURRESC01,1998,Scott,Burrell,NJN,N,32,706,212,32,87,119,45,40,11,23,82,208,75,42,34,72,28
BURTOWI01,1998,Willie,Burton,CHA,N,3,18,4,4,2,6,0,0,0,1,2,7,1,4,2,1,0
BUTLEMI01,1998,Mitchell,Butler,CLE,N,31,418,168,13,31,44,22,15,4,29,41,139,67,32,23,29,11
CAFFEJA01,1998,Jason,Caffey,GSW,N,35,876,308,79,126,205,18,24,9,75,113,277,123,98,62,1,0
CAMBYMA01,1998,Marcus,Camby,NYK,N,46,945,329,102,151,253,12,29,74,39,131,261,136,103,57,0,0
CAMPBEL01,1998,Elden,Campbell,CHA,N,32,1134,490,68,233,301,61,38,57,58,108,364,178,207,134,1,0
CAMPBEL01,1998,Elden,Campbell,TOT,N,49,1459,616,106,291,397,69,39,73,80,159,465,222,269,172,1,0
CAMPBEL01,1998,Elden,Campbell,LAL,N,17,325,126,38,58,96,8,1,16,22,51,101,44,62,38,0,0
CARRAN01,1998,Antoine,Carr,HOU,N,18,152,47,9,22,31,9,1,10,9,31,52,21,7,5,1,0
CARRCH01,1998,Chris,Carr,MIN,N,11,81,23,0,12,12,7,1,1,4,9,26,9,4,2,9,3
CARRCH01,1998,Chris,Carr,NJN,N,28,364,184,23,36,59,16,7,1,24,36,179,67,36,25,66,25
CARRCH01,1998,Chris,Carr,TOT,N,39,445,207,23,48,71,23,8,2,28,45,205,76,40,27,75,28
CARRCO01,1998,Cory,Carr,CHI,N,42,624,171,8,41,49,66,21,7,46,66,216,71,32,24,30,5
CARTEVI01,1998,Vince,Carter,TOR,N,50,1760,913,94,189,283,149,55,77,110,140,766,345,268,204,66,19
CASSESA01,1998,Sam,Cassell,TOT,N,8,199,127,5,10,15,36,9,0,20,22,93,39,50,47,10,2
CASSESA01,1998,Sam,Cassell,NJN,N,4,100,72,1,5,6,19,3,0,12,13,49,21,31,29,7,1
CASSESA01,1998,Sam,Cassell,MIL,N,4,99,55,4,5,9,17,6,0,8,9,44,18,19,18,3,1
CATOKE01,1998,Kelvin,Cato,POR,N,43,546,151,49,101,150,19,23,56,27,100,129,58,67,34,1,1
CAUSWDU01,1998,Duane,Causwell,MIA,N,19,137,44,14,21,35,2,0,11,18,32,35,20,12,4,0,0
CEBALCE01,1998,Cedric,Ceballos,DAL,N,13,352,163,23,62,85,12,7,5,28,23,140,59,49,34,28,11
CHAPMRE01,1998,Rex,Chapman,PHO,N,38,1183,459,12,92,104,109,34,9,54,46,459,165,91,76,151,53
CHEANCA01,1998,Calbert,Cheaney,WAS,N,50,1266,385,33,108,141,73,39,16,42,146,415,172,67,33,37,8
CHILCPE01,1998,Pete,Chilcutt,VAN,N,46,697,166,29,88,117,30,22,12,28,52,172,63,17,14,68,26
CHILDCH01,1998,Chris,Childs,NYK,N,48,1297,328,18,115,133,193,44,1,85,156,267,114,78,64,94,36
CHRISDO01,1998,Doug,Christie,TOR,N,50,1768,760,59,148,207,187,113,26,119,111,650,252,246,207,161,49
CLARKKE01,1998,Keon,Clark,DEN,N,28,409,93,36,60,96,10,10,31,21,52,80,36,37,21,1,0
CLOSSKE01,1998,Keith,Closs,LAC,N,15,87,32,5,20,25,0,3,9,6,14,23,12,10,8,1,0
COKERJO01,1998,John,Coker,WAS,N,14,98,31,7,15,22,0,1,2,2,17,31,13,6,5,0,0
COLEMDE01,1998,Derrick,Coleman,CHA,N,37,1178,486,76,252,328,78,24,42,90,96,406,168,190,143,33,7
COLESBI01,1998,Bimbo,Coles,GSW,N,48,1272,455,21,96,117,222,45,11,82,113,414,183,101,83,25,6
CONLOMA01,1998,Marty,Conlon,MIA,N,7,35,8,1,4,5,1,0,1,3,6,13,3,2,2,0,0
CORBITY01,1998,Tyrone,Corbin,ATL,N,47,1066,352,37,108,145,43,31,7,43,74,335,131,80,52,119,38
COTTOJA02,1998,James,Cotton,SEA,N,10,59,25,2,8,10,0,3,0,3,6,18,6,18,13,3,0
CRAWFCH01,1998,Chris,Crawford,ATL,N,42,784,288,37,53,90,24,10,13,48,106,255,110,70,57,33,11
CROSHAU01,1998,Austin,Croshere,IND,N,27,249,92,16,29,45,10,7,8,23,32,75,32,23,20,29,8
CROTTJO01,1998,John,Crotty,POR,N,3,19,12,0,1,1,5,2,0,0,1,8,4,3,3,1,1
CROTTJO01,1998,John,Crotty,SEA,N,24,363,147,8,22,30,58,9,0,33,30,116,47,47,40,35,13
CROTTJO01,1998,John,Crotty,TOT,N,27,382,159,8,23,31,63,11,0,33,31,124,51,50,43,36,14
CUMMITE01,1998,Terry,Cummings,GSW,N,50,1011,454,95,160,255,58,46,10,58,168,424,186,114,81,1,1
CUNNIWI01,1998,Willi,Cunningham,TOR,N,1,1,0,0,0,0,0,0,0,0,0,0,0,0,0,0,0
CUNNIWI01,1998,Willi,Cunningham,TOT,N,16,162,6,13,15,28,1,1,11,5,30,18,3,2,0,0,0
CUNNIWI01,1998,Willi,Cunningham,NJN,N,15,161,6,13,15,28,1,1,11,5,30,18,3,2,0,0,0
CURLEBI01,1998,Bill,Curley,MIN,N,35,372,78,20,31,51,14,17,9,10,83,72,29,22,19,5,1
CURRYDE01,1998,Dell,Curry,MIL,N,42,864,423,18,67,85,48,36,3,45,42,336,163,34,28,145,69
CURRYMI01,1998,Michael,Curry,MIL,N,50,1146,244,19,89,108,78,42,7,37,135,206,90,79,63,15,1
DAMPIER01,1998,Erick,Dampier,GSW,N,50,1414,442,164,218,382,54,26,58,92,165,414,161,204,120,0,0
DANIEAN01,1998,Antonio,Daniels,SAS,N,47,614,220,13,41,54,106,30,6,44,39,183,83,65,49,17,5
DAVIDKO01,1998,Kornel,David,CHI,N,50,902,308,70,103,173,40,23,17,48,88,243,109,111,90,1,0
DAVISAN01,1998,Antonio,Davis,IND,N,49,1271,463,116,228,344,33,22,42,50,136,348,164,192,135,0,0
DAVISBE01,1998,Ben,Davis,NYK,N,8,21,17,9,2,11,3,0,0,1,4,17,7,6,3,0,0
DAVISDA01,1998,Dale,Davis,IND,N,50,1374,398,155,261,416,22,20,57,43,115,302,161,123,76,0,0
DAVISHU01,1998,Hubert,Davis,DAL,N,50,1378,457,3,83,86,89,21,3,57,76,397,174,50,44,144,65
DAVISMA01,1998,Mark,Davis,MIA,N,4,35,9,2,5,7,1,1,0,7,12,6,2,6,5,0,0
DAVISRI01,1998,Ricky,Davis,CHA,N,46,557,209,40,44,84,58,30,7,54,46,200,81,59,45,12,2
DAVISTE01,1998,Terry,Davis,WAS,N,37,578,126,50,89,139,10,11,3,16,79,92,49,38,28,0,0
DECLEAN01,1998,Andrew,Declercq,BOS,N,14,258,75,33,30,63,10,13,9,22,51,57,28,29,19,0,0
DECLEAN01,1998,Andrew,Declercq,CLE,N,33,844,296,71,121,192,21,37,20,32,110,219,110,112,76,0,0
DECLEAN01,1998,Andrew,Declercq,TOT,N,47,1102,371,104,151,255,31,50,29,54,161,276,138,141,95,0,0
DEHERTE01,1998,Terry,Dehere,TOT,N,26,291,83,7,17,24,27,7,3,16,30,85,31,7,5,39,16
DEHERTE01,1998,Terry,Dehere,VAN,N,22,271,74,5,17,22,26,5,3,14,28,74,27,7,5,34,15
DEHERTE01,1998,Terry,Dehere,SAC,N,4,20,9,2,0,2,1,2,0,2,2,11,4,0,0,5,1
DELEBI01,1998,Bison,Dele,DET,N,49,1177,513,92,180,272,71,38,40,111,181,431,216,118,81,1,0
DELKTO01,1998,Tony,Delk,GSW,N,36,630,246,11,43,54,95,16,6,45,47,253,92,71,46,66,16
DELNEVI01,1998,Vinny,Delnegro,MIL,N,48,1093,281,14,88,102,174,33,3,55,62,270,114,50,40,30,13
DICKEMI01,1998,Michael,Dickerson,HOU,N,50,1558,547,26,57,83,95,27,11,66,90,462,215,72,46,164,71
DIVACVL01,1998,Vlade,Divac,SAC,N,50,1761,714,140,361,501,215,44,51,131,166,557,262,255,179,43,11
DOLEAMI01,1998,Michael,Doleac,ORL,N,49,780,304,66,82,148,20,19,17,26,117,267,125,80,54,0,0
DOUGLSH01,1998,Sherman,Douglas,LAC,N,30,842,247,16,42,58,124,27,3,61,54,219,96,87,55,11,0
DREWBR01,1998,Bryce,Drew,HOU,N,34,441,118,3,29,32,52,12,4,31,61,129,47,8,8,49,16
DUDLECH02,1998,Chris,Dudley,NYK,N,46,685,115,79,114,193,7,13,38,24,116,109,48,40,19,0,0
DUMARJO01,1998,Joe,Dumars,DET,N,38,1116,428,12,56,68,134,23,2,53,51,350,144,61,51,221,89
DUNCATI01,1998,Tim,Duncan,SAS,N,50,1963,1084,159,412,571,121,45,126,146,147,845,418,358,247,7,1
EDWARBL01,1998,Blue,Edwards,MIA,N,24,283,77,7,26,33,30,17,5,21,23,72,32,13,9,10,4
EISLEHO01,1998,Howard,Eisley,UTA,N,50,1038,368,12,82,94,185,30,2,109,122,314,140,80,67,50,21
ELIEMA01,1998,Mario,Elie,SAS,N,47,1291,455,36,101,137,89,46,12,61,91,331,156,119,103,107,40
ELLIOSE01,1998,Sean,Elliott,SAS,N,50,1509,561,35,178,213,117,26,17,71,104,507,208,140,106,119,39
ELLISDA01,1998,Dale,Ellis,SEA,N,48,1232,495,25,90,115,38,25,3,45,77,395,174,70,53,217,94
ELLISLA01,1998,Laphonso,Ellis,ATL,N,20,539,204,25,84,109,18,8,7,34,48,190,80,61,43,5,1
EVANSBR01,1998,Brian,Evans,NJN,N,11,121,30,4,13,17,14,3,3,2,7,34,11,4,4,11,4
EVANSBR01,1998,Brian,Evans,MIN,N,5,24,4,2,0,2,1,2,0,0,1,10,2,0,0,2,0
EVANSBR01,1998,Brian,Evans,TOT,N,16,145,34,6,13,19,15,5,3,2,8,44,13,4,4,13,4
EWINGPA01,1998,Patrick,Ewing,NYK,N,38,1300,657,74,303,377,43,30,100,99,105,568,247,231,163,2,0
FEICKJA01,1998,Jamie,Feick,MIL,N,2,3,0,0,2,2,0,0,0,0,0,1,0,0,0,0,0
FEICKJA01,1998,Jamie,Feick,TOT,N,28,852,177,112,176,288,24,25,18,34,73,134,67,60,43,0,0
FEICKJA01,1998,Jamie,Feick,NJN,N,26,849,177,112,174,286,24,25,18,34,73,133,67,60,43,0,0
FERREDU01,1998,Duane,Ferrell,GSW,N,8,46,5,5,1,6,0,1,1,1,4,14,1,4,3,0,0
FERRYDA01,1998,Danny,Ferry,CLE,N,50,1058,349,16,86,102,53,23,10,39,113,296,141,33,29,97,38
FINLEMI01,1998,Michael,Finley,DAL,N,50,2051,1009,69,194,263,218,66,15,107,96,876,389,226,186,136,45
FISHEDE01,1998,Derek,Fisher,LAL,N,50,1131,296,21,70,91,197,61,1,77,95,263,99,79,60,97,38
FORTSDA01,1998,Danny,Fortson,DEN,N,50,1417,550,210,371,581,32,31,22,77,212,386,191,231,168,3,0
FOSTEGR01,1998,Greg,Foster,UTA,N,42,458,118,28,55,83,25,6,8,24,63,138,52,21,13,4,1
FOXRI01,1998,Rick,Fox,LAL,N,44,944,394,26,63,89,89,28,10,56,114,330,148,89,66,95,32
FOYLEAD01,1998,Adonal,Foyle,GSW,N,44,614,129,79,115,194,18,15,43,31,90,121,52,51,25,0,0
FULLETO02,1998,Todd,Fuller,UTA,N,42,462,142,28,73,101,6,6,14,27,60,124,56,50,30,0,0
FUNDELA01,1998,Lawrence,Funderburke,SAC,N,47,936,420,101,121,222,30,22,23,52,77,299,167,120,85,5,1
GARNEKE01,1998,Kevin,Garnett,MIN,N,47,1780,977,166,323,489,202,78,83,135,152,900,414,206,145,14,4
GARNEMA01,1998,Marlon,Garnett,BOS,N,24,205,51,3,18,21,18,5,1,12,18,51,15,20,15,23,6
GARREDE01,1998,Dean,Garrett,MIN,N,49,1054,270,99,158,257,28,30,45,29,113,231,116,51,38,0,0
GARRIPA01,1998,Pat,Garrity,PHO,N,39,538,217,26,49,75,18,8,3,20,62,170,85,56,40,18,7
GATLICH01,1998,Chris,Gatling,NJN,N,18,281,84,21,44,65,12,8,4,29,40,97,36,24,12,1,0
GATLICH01,1998,Chris,Gatling,MIL,N,30,494,188,31,83,114,20,24,6,33,78,168,81,69,25,7,1
GATLICH01,1998,Chris,Gatling,TOT,N,48,775,272,52,127,179,32,32,10,62,118,265,117,93,37,8,1
GAZEAN01,1998,Andrew,Gaze,SAS,N,19,58,21,2,3,5,6,2,1,4,7,25,8,0,0,16,5
GEIGEMA01,1998,Matt,Geiger,PHI,N,50,1540,674,137,225,362,58,39,40,101,157,555,266,177,141,5,1
GILLIAR01,1998,Armen,Gilliam,MIL,N,34,668,281,33,93,126,19,22,12,36,48,223,101,101,79,1,0
GILLKE01,1998,Kendall,Gill,NJN,N,50,1606,588,61,183,244,123,134,26,71,162,593,236,167,114,17,2
GRANTBR01,1998,Brian,Grant,POR,N,48,1525,550,173,297,470,67,21,34,96,136,382,183,226,184,0,0
GRANTGA01,1998,Gary,Grant,POR,N,2,7,0,0,0,0,3,1,0,0,0,1,0,0,0,0,0
GRANTHA01,1998,Harvey,Grant,PHI,N,47,798,146,36,74,110,23,20,16,21,73,168,62,29,21,6,1
GRANTHO01,1998,Horace,Grant,ORL,N,50,1660,443,117,234,351,90,46,60,44,99,456,198,70,47,2,0
GRANTPA01,1998,Paul,Grant,TOT,N,6,13,4,1,0,1,0,1,0,2,4,6,2,0,0,0,0
GRANTPA01,1998,Paul,Grant,MIL,N,2,5,2,0,0,0,0,1,0,1,0,2,1,0,0,0,0
GRANTPA01,1998,Paul,Grant,MIN,N,4,8,2,1,0,1,0,0,0,1,4,4,1,0,0,0,0
GRAYED01,1998,Ed,Gray,ATL,N,30,337,146,7,21,28,12,12,1,29,30,182,53,37,28,42,12
GREENAC01,1998,A.c.,Green,DAL,N,50,924,246,82,146,228,25,28,8,19,69,256,108,52,30,8,0
GREENLI01,1998,Litterial,Green,CLE,N,1,2,0,0,0,0,0,0,0,0,0,1,0,0,0,0,0
GUGLITO01,1998,Tom,Gugliotta,PHO,N,43,1563,729,131,250,381,121,59,21,88,110,573,277,218,173,7,2
HAMMOTO01,1998,Tom,Hammonds,MIN,N,49,716,212,54,82,136,20,8,7,32,88,179,82,75,48,0,0
HARDAAN01,1998,Anfernee,Hardaway,ORL,N,50,1944,791,74,210,284,266,111,23,150,111,717,301,211,149,140,40
HARDATI01,1998,Tim,Hardaway,MIA,N,48,1772,835,15,137,152,352,57,6,131,102,752,301,149,121,311,112
HARPEDE01,1998,Derek,Harper,LAL,N,45,1120,309,13,54,67,187,44,4,52,66,291,120,32,26,117,43
HARPERO01,1998,Ron,Harper,CHI,N,35,1107,392,49,131,180,115,60,35,65,80,390,147,101,71,85,27
HARPRMA01,1998,Matt,Harpring,ORL,N,50,1114,408,88,126,214,45,30,6,73,112,320,148,143,102,25,10
HARRIAL01,1998,Al,Harrington,IND,N,21,160,45,20,19,39,5,4,2,11,26,56,18,15,9,5,0
HARRILU01,1998,Lucious,Harris,NJN,N,36,602,193,21,46,67,31,18,7,18,52,181,73,48,36,50,11
HARRIOT01,1998,Othella,Harrington,HOU,N,41,903,400,72,174,246,15,6,25,61,103,304,156,122,88,0,0
HAWKIHE01,1998,Hersey,Hawkins,SEA,N,50,1644,516,51,150,201,123,80,18,80,90,408,171,132,119,180,55
HAWKIMI01,1998,Michael,Hawkins,SAC,N,24,203,36,10,15,25,27,3,1,13,14,40,14,3,3,19,5
HENDEAL01,1998,Alan,Henderson,ATL,N,38,1142,474,100,150,250,28,33,19,58,96,423,187,149,100,1,0
HENDECE02,1998,Cedric,Henderson,CLE,N,50,1517,454,45,152,197,113,58,24,97,136,453,189,91,74,12,2
HENDEJR01,1998,J.r.,Henderson,VAN,N,30,331,97,20,27,47,22,9,4,18,29,96,35,45,25,5,2
HENDRMA01,1998,Mark,Hendrickson,NJN,N,22,399,120,27,41,68,13,12,1,15,39,88,39,50,42,1,0
HENSOST01,1998,Steve,Henson,DET,N,4,25,4,0,0,0,3,1,0,3,1,2,1,2,2,0,0
HERRECA01,1998,Carl,Herrera,VAN,N,4,42,6,5,3,8,3,0,0,4,3,13,3,2,0,0,0
HERRECA01,1998,Carl,Herrera,DEN,N,24,265,59,20,34,54,1,12,7,12,37,63,27,9,5,1,0
HERRECA01,1998,Carl,Herrera,TOT,N,28,307,65,25,37,62,4,12,7,16,40,76,30,11,5,1,0
HILLGR01,1998,Grant,Hill,DET,N,50,1852,1053,65,290,355,300,80,27,184,114,802,384,379,285,14,0
HILLTY01,1998,Tyrone,Hill,TOT,N,38,1104,325,115,172,287,35,34,16,59,145,268,122,150,81,0,0
HILLTY01,1998,Tyrone,Hill,PHI,N,21,587,179,64,89,153,18,16,8,35,77,150,72,69,35,0,0
HILLTY01,1998,Tyrone,Hill,MIL,N,17,517,146,51,83,134,17,18,8,24,68,118,50,81,46,0,0
HOIBEFR01,1998,Fred,Hoiberg,IND,N,12,87,19,2,9,11,4,0,0,3,11,21,6,6,6,9,1
HONEYJE01,1998,Jerald,Honeycutt,MIL,N,3,12,5,0,1,1,0,1,0,1,6,5,2,2,1,3,0
HONEYJE01,1998,Jerald,Honeycutt,PHI,N,13,90,25,3,8,11,3,4,2,8,10,27,7,8,6,14,5
HONEYJE01,1998,Jerald,Honeycutt,TOT,N,16,102,30,3,9,12,3,5,2,9,16,32,9,10,7,17,5
HORNAJE01,1998,Jeff,Hornacek,UTA,N,48,1435,587,33,127,160,192,52,14,82,95,449,214,140,125,81,34
HORRYRO01,1998,Robert,Horry,LAL,N,38,744,188,56,96,152,56,36,39,49,103,146,67,46,34,45,20
HOUSTAL01,1998,Allan,Houston,NYK,N,50,1815,813,20,132,152,137,35,9,130,115,703,294,195,168,140,57
HOWARJU01,1998,Juwan,Howard,WAS,N,36,1430,682,90,203,293,107,42,14,95,130,604,286,146,110,3,0
HUDSOTR01,1998,Troy,Hudson,LAC,N,25,524,169,15,40,55,92,11,2,38,28,150,60,38,34,47,15
HUGHELA01,1998,Larry,Hughes,PHI,N,50,988,455,83,106,189,77,44,14,68,97,414,170,151,107,52,8
HUNTELI01,1998,Lindsey,Hunter,DET,N,49,1755,582,26,142,168,193,86,8,92,126,524,228,89,67,153,59
ILGAUZY01,1998,Zydrunas,Ilgauskas,CLE,N,5,171,76,17,27,44,4,4,7,9,24,57,29,30,18,0,0
IVERSAL01,1998,Allen,Iverson,PHI,N,48,1990,1284,66,170,236,223,110,7,167,98,1056,435,474,356,199,58
JACKSBO01,1998,Bobby,Jackson,MIN,N,50,941,353,43,92,135,167,39,3,75,75,348,141,79,61,27,10
JACKSJA01,1998,Jaren,Jackson,SAS,N,47,861,301,21,78,99,49,41,9,37,63,284,108,39,32,147,53
JACKSJI01,1998,Jim,Jackson,POR,N,49,1175,414,36,123,159,128,43,6,82,80,370,152,101,85,90,25
JACKSMA01,1998,Mark,Jackson,IND,N,49,1382,373,33,151,184,386,42,3,99,58,329,138,79,65,103,32
JACKSRA02,1998,Randall,Jackson,WAS,N,27,271,114,30,24,54,8,3,11,26,29,108,46,32,21,7,1
JACOBSA01,1998,Sam,Jacobson,LAL,N,2,12,8,0,3,3,0,0,0,1,2,5,3,2,2,1,0
JAMESJE01,1998,Jerome,James,SAC,N,16,42,24,6,11,17,1,2,6,9,11,24,9,12,6,0,0
JAMISAN01,1998,Antawn,Jamison,GSW,N,47,1058,449,131,170,301,34,38,16,68,102,394,178,153,90,10,3
JOHNSAN02,1998,Anthony,Johnson,ATL,N,49,885,244,16,59,75,107,35,7,65,67,225,91,82,57,19,5
JOHNSAV01,1998,Avery,Johnson,SAS,N,50,1672,487,22,96,118,369,51,11,112,101,461,218,88,50,12,1
JOHNSED03,1998,Eddie,Johnson,HOU,N,3,18,12,0,2,2,1,0,0,2,3,13,6,0,0,1,0
JOHNSER01,1998,Ervin,Johnson,MIL,N,50,1027,256,120,200,320,19,29,57,47,151,189,96,105,64,0,0
JOHNSLA01,1998,Larry,Johnson,NYK,N,49,1639,587,91,193,284,119,34,10,89,147,458,210,164,134,92,33
JONESCH02,1998,Charles,Jones,CHI,N,29,476,108,9,33,42,41,18,5,29,30,123,39,22,11,61,19
JONESDA01,1998,Damon,Jones,NJN,N,11,131,49,2,11,13,13,7,0,5,7,44,14,13,11,29,10
JONESDA01,1998,Damon,Jones,TOT,N,24,344,125,6,38,44,42,13,0,17,23,119,43,17,14,62,25
JONESDA01,1998,Damon,Jones,BOS,N,13,213,76,4,27,31,29,6,0,12,16,75,29,4,3,33,15
JONESED01,1998,Eddie,Jones,LAL,N,20,724,271,20,56,76,61,35,24,21,42,227,96,80,59,64,20
JONESED01,1998,Eddie,Jones,CHA,N,30,1157,509,30,88,118,125,90,34,72,86,368,164,191,153,78,28
JONESED01,1998,Eddie,Jones,TOT,N,50,1881,780,50,144,194,186,125,58,93,128,595,260,271,212,142,48
JONESPO01,1998,Popeye,Jones,BOS,N,18,206,54,28,24,52,15,5,0,7,31,51,20,17,14,1,0
JORDAAD01,1998,Adonis,Jordan,MIL,N,4,18,6,0,0,0,3,3,0,2,0,4,2,4,2,2,0
JORDARE01,1998,Reggie,Jordan,MIN,N,27,296,51,27,32,59,41,12,5,14,38,54,15,38,21,0,0
KEEFEAD01,1998,Adam,Keefe,UTA,N,44,642,174,51,91,142,28,16,12,33,63,124,56,89,62,4,0
KEMPSH01,1998,Shawn,Kemp,CLE,N,42,1475,862,131,257,388,101,48,45,127,159,575,277,389,307,2,1
KERNEJO01,1998,Jonathan,Kerner,ORL,N,1,5,0,0,0,0,0,0,0,0,2,1,0,0,0,0,0
KERRST01,1998,Steve,Kerr,SAS,N,44,734,192,6,38,44,49,23,3,22,28,174,68,35,31,80,25
KERSEJE01,1998,Jerome,Kersey,SAS,N,45,699,145,42,88,130,41,37,14,30,92,200,68,14,6,14,3
KIDDJA01,1998,Jason,Kidd,PHO,N,50,2060,846,87,252,339,539,114,19,150,108,698,310,239,181,123,45
KINGCH01,1998,Chris,King,UTA,N,8,42,4,1,10,11,1,2,1,4,8,7,2,4,0,0,0
KINGGE03,1998,Gerard,King,SAS,N,19,63,23,6,8,14,4,2,1,4,12,14,6,18,11,0,0
KITTLKE01,1998,Kerry,Kittles,NJN,N,46,1570,592,52,139,191,116,79,26,66,82,613,227,114,88,158,50
KLEINJO01,1998,Joe,Kleine,PHO,N,31,374,68,27,40,67,12,8,1,10,46,74,30,12,8,2,0
KNIGHBR01,1998,Brevin,Knight,CLE,N,39,1186,373,16,115,131,302,70,7,105,115,315,134,141,105,5,0
KNIGHNE01,1998,Negele,Knight,TOR,N,6,56,8,1,5,6,8,1,0,7,5,8,3,4,2,1,0
KNIGHTR01,1998,Travis,Knight,LAL,N,37,525,156,34,94,128,31,21,27,35,108,130,67,29,22,1,0
KUKOCTO01,1998,Toni,Kukoc,CHI,N,44,1654,828,65,245,310,235,49,11,121,82,750,315,215,159,137,39
LAETTCH01,1998,Christian,Laettner,DET,N,16,337,121,21,33,54,24,15,12,19,30,106,38,57,44,3,1
LAFRERA01,1998,Raef,Lafrentz,DEN,N,12,387,166,33,58,91,8,9,17,9,38,129,59,48,36,31,12
LANGAN01,1998,Andrew,Lang,CHI,N,21,386,80,33,60,93,13,5,12,17,43,99,32,23,16,0,0
LANGAN02,1998,Antonio,Lang,CLE,N,10,65,13,6,10,16,1,2,1,4,13,6,4,9,5,0,0
LARUERU01,1998,Rusty,Larue,CHI,N,43,732,203,9,47,56,63,33,3,34,66,217,78,17,17,89,30
LEGLETI01,1998,Tim,Legler,WAS,N,30,377,119,8,32,40,21,4,3,14,42,115,51,6,3,35,14
LENARVO01,1998,Voshon,Lenard,MIA,N,12,190,82,4,12,16,10,3,1,7,18,79,31,11,8,35,12
LEWISRA01,1998,Rashard,Lewis,SEA,N,20,145,47,13,12,25,4,8,1,20,19,52,19,14,8,6,1
LIVINRA01,1998,Randy,Livingston,PHO,N,1,22,12,0,2,2,3,2,0,1,1,8,5,2,2,0,0
LONGGR01,1998,Grant,Long,ATL,N,50,1380,489,100,196,296,53,57,16,74,143,359,151,235,184,18,3
LONGLLU01,1998,Luc,Longley,PHO,N,39,933,339,59,162,221,45,23,21,53,119,290,140,76,59,0,0
LOPEZFE01,1998,Felipe,Lopez,VAN,N,47,1218,437,69,97,166,62,49,14,82,128,379,169,135,87,44,12
LUETY01,1998,Tyronn,Lue,LAL,N,15,188,75,2,4,6,25,5,0,11,28,65,28,21,12,16,7
LYNCHGE01,1998,George,Lynch,PHI,N,43,1315,356,110,169,279,76,85,22,79,142,349,147,84,53,23,9
MACKSA01,1998,Sam,Mack,HOU,N,25,506,230,7,35,42,32,15,3,13,41,172,81,28,23,111,45
MACKSA01,1998,Sam,Mack,TOT,N,44,1083,472,14,81,95,55,35,4,33,94,384,167,58,51,219,87
MACKSA01,1998,Sam,Mack,VAN,N,19,577,242,7,46,53,23,20,1,20,53,212,86,30,28,108,42
MACLEDO01,1998,Don,Maclean,SEA,N,17,365,185,18,47,65,16,5,5,25,34,159,63,80,50,33,9
MACONMA01,1998,Mark,Macon,DET,N,7,69,9,3,2,5,4,5,1,6,6,20,4,0,0,3,1
MAHORRI01,1998,Rick,Mahorn,PHI,N,16,127,13,7,16,23,2,5,1,6,22,18,5,8,3,0,0
MAJERDA01,1998,Dan,Majerle,MIA,N,48,1624,337,21,187,208,150,38,7,55,100,298,118,46,33,203,68
MALONKA01,1998,Karl,Malone,UTA,N,49,1832,1164,107,356,463,201,62,28,162,134,797,393,480,378,1,0
MALONMA01,1998,Matt,Maloney,HOU,N,15,186,21,2,8,10,21,4,0,14,7,28,5,11,10,15,1
MANNIDA01,1998,Danny,Manning,PHO,N,50,1184,453,62,157,219,113,36,38,69,129,386,187,112,78,9,1
MARBUST01,1998,Stephon,Marbury,TOT,N,49,1895,1044,37,105,142,437,59,8,164,125,883,378,278,222,197,66
MARBUST01,1998,Stephon,Marbury,MIN,N,18,661,319,17,45,62,167,29,5,55,44,304,124,87,63,39,8
MARBUST01,1998,Stephon,Marbury,NJN,N,31,1234,725,20,60,80,270,30,3,109,81,579,254,191,159,158,58
MARKSSE01,1998,Sean,Marks,TOR,N,8,28,11,0,1,1,0,1,0,3,3,8,5,2,1,0,0
MARSHDO01,1998,Donyell,Marshall,GSW,N,48,1250,530,115,227,342,66,47,37,80,123,494,208,121,88,72,26
MARTIDA01,1998,Darrick,Martin,LAC,N,37,941,296,5,43,48,144,43,4,67,82,278,102,76,61,106,31
MASHBJA01,1998,Jamal,Mashburn,MIA,N,24,855,356,24,122,146,75,20,3,60,58,297,134,104,75,30,13
MASSETO01,1998,Tony,Massenburg,VAN,N,43,1143,481,83,174,257,23,26,39,64,108,388,189,155,103,2,0
MAXWEVE01,1998,Vernon,Maxwell,SAC,N,46,1007,492,13,72,85,76,30,3,67,111,421,164,114,84,231,80
MAYBELE01,1998,Lee,Mayberry,VAN,N,9,126,20,0,3,3,23,7,0,11,13,19,7,5,4,10,2
MCCARKE01,1998,Kelly,Mccarty,DEN,N,2,4,4,2,1,3,0,0,0,2,0,3,2,0,0,0,0
MCCARWA01,1998,Walter,Mccarty,BOS,N,32,659,181,36,79,115,40,24,13,40,88,177,64,57,40,50,13
MCCLOGE01,1998,George,Mccloud,PHO,N,48,1245,428,34,128,162,79,45,14,49,127,324,142,87,75,166,69
MCCOYJE01,1998,Jelani,Mccoy,SEA,N,26,331,133,27,52,79,4,11,20,10,42,76,56,42,21,0,0
MCDYEAN01,1998,Antonio,Mcdyess,DEN,N,50,1937,1061,168,369,537,82,73,115,138,175,882,415,338,230,9,1
MCGRATR01,1998,Tracy,Mcgrady,TOR,N,49,1106,458,120,158,278,113,52,66,80,94,385,168,157,114,35,8
MCILVJI01,1998,Jim,Mcilvaine,NJN,N,22,269,48,31,23,54,2,9,32,13,59,51,22,6,4,0,0
MCINNJE01,1998,Jeff,Mcinnis,WAS,N,35,427,130,9,12,21,73,19,1,30,36,134,50,28,21,35,9
MCKEYDE01,1998,Derrick,Mckey,IND,N,13,244,60,18,23,41,13,12,4,12,24,52,23,17,14,1,0
MCKIEAA01,1998,Aaron,Mckie,PHI,N,50,959,240,27,113,140,100,63,3,57,90,237,95,62,44,31,6
MCLEORO01,1998,Roshown,Mcleod,ATL,N,34,348,162,12,38,50,14,2,1,23,24,163,62,45,37,10,1
MERCERO01,1998,Ron,Mercer,BOS,N,41,1551,698,37,118,155,104,67,12,89,81,707,305,105,83,30,5
MEYERLO01,1998,Loren,Meyer,DEN,N,14,70,16,4,12,16,1,0,3,4,22,28,7,2,1,5,1
MILICMA01,1998,Marko,Milic,PHO,N,11,53,16,3,2,5,2,3,1,6,7,20,8,0,0,1,0
MILLEAN01,1998,Anthony,Miller,HOU,N,29,249,70,26,41,67,7,7,5,9,34,60,28,22,14,1,0
MILLEBR01,1998,Brad,Miller,CHA,N,38,469,238,35,82,117,22,9,18,32,65,138,78,102,81,2,1
MILLEOL01,1998,Oliver,Miller,SAC,N,4,35,10,7,1,8,0,0,2,4,3,11,5,0,0,0,0
MILLERE01,1998,Reggie,Miller,IND,N,50,1787,920,25,110,135,112,37,9,76,101,671,294,247,226,275,106
MILLSCH01,1998,Chris,Mills,GSW,N,47,1395,483,49,188,237,103,39,14,58,125,453,186,96,79,115,32
MILLSTE01,1998,Terry,Mills,MIA,N,1,29,9,3,1,4,0,1,0,3,3,8,3,2,1,4,2
MINORGR01,1998,Greg,Minor,BOS,N,44,765,214,31,86,117,50,20,6,38,69,204,85,48,36,28,8
MITCHSA01,1998,Sam,Mitchell,MIN,N,50,1344,561,55,127,182,98,35,16,34,111,522,213,165,126,38,9
MOBLECU01,1998,Cuttino,Mobley,HOU,N,49,1456,487,22,89,111,121,44,23,79,98,405,172,110,90,148,53
MOHAMNA01,1998,Nazr,Mohammed,PHI,N,26,121,42,18,19,37,2,5,4,12,22,42,15,21,12,0,0
MONTRER01,1998,Eric,Montross,DET,N,46,577,95,45,94,139,14,12,27,16,107,80,42,32,11,1,0
MOOREMI01,1998,Mikki,Moore,DET,N,2,6,4,0,1,1,0,0,0,0,0,1,1,2,2,0,0
MORRICH01,1998,Chris,Morris,PHO,N,44,535,184,54,67,121,23,16,11,21,54,149,64,46,40,56,16
MOURNAL01,1998,Alonzo,Mourning,MIA,N,46,1753,924,166,341,507,74,34,180,139,161,634,324,423,276,2,0
MULLICH01,1998,Chris,Mullin,IND,N,50,1179,507,25,135,160,81,47,13,60,101,371,177,92,80,157,73
MURDOER01,1998,Eric,Murdock,NJN,N,15,401,119,3,32,35,66,22,2,29,35,114,45,26,21,22,8
MURESGH01,1998,Gheorghe,Muresan,NJN,N,1,1,0,0,0,0,0,0,0,1,0,1,0,0,0,0,0
MURRALA01,1998,Lamond,Murray,LAC,N,50,1317,612,59,136,195,61,58,20,99,107,578,226,157,126,103,34
MURRATR01,1998,Tracy,Murray,WAS,N,36,653,233,18,63,81,27,21,6,29,65,237,83,42,34,103,33
MUTOMDI01,1998,Dikembe,Mutombo,ATL,N,50,1829,541,192,418,610,57,16,147,94,145,338,173,285,195,0,0
NASHST01,1998,Steve,Nash,DAL,N,40,1269,315,32,82,114,219,37,2,83,98,314,114,46,38,131,49
NDIAYMA01,1998,Makhtar,Ndiaye,VAN,N,4,27,5,3,2,5,1,0,1,1,9,4,1,4,3,0,0
NESBYTY01,1998,Tyrone,Nesby,LAC,N,50,1288,503,0,175,175,82,77,20,53,143,405,182,133,104,96,35
NESTERA01,1998,Radoslav,Nesterovic,MIN,N,2,30,8,3,5,8,1,0,0,1,5,12,3,2,2,0,0
NEWMAJO01,1998,Johnny,Newman,CLE,N,50,949,303,15,60,75,41,28,12,41,126,251,106,84,68,61,23
NORRIMO01,1998,Moochie,Norris,SEA,N,12,140,38,4,16,20,24,7,0,16,17,40,13,16,6,15,6
NOWITDI01,1998,Dirk,Nowitzki,DAL,N,47,958,385,41,121,162,47,29,27,73,105,336,136,128,99,68,14
OAKLECH01,1998,Charles,Oakley,TOR,N,50,1633,348,96,278,374,168,46,21,96,182,327,140,83,67,5,1
OBANCH01,1998,Charles,O'bannon,DET,N,18,165,56,18,16,34,12,2,3,8,22,56,24,8,8,1,0
OLAJUHA01,1998,Hakeem,Olajuwon,HOU,N,50,1784,945,106,371,477,88,82,123,139,160,725,373,272,195,13,4
OLIVEJI01,1998,Jimmy,Oliver,PHO,N,2,11,3,0,0,0,0,0,0,0,2,3,1,0,0,1,1
OLLIEKE01,1998,Kevin,Ollie,ORL,N,1,4,1,0,1,1,0,0,0,0,1,1,0,2,1,0,0
OLLIEKE01,1998,Kevin,Ollie,SAC,N,7,68,12,0,6,6,3,3,1,3,8,13,4,5,4,0,0
OLLIEKE01,1998,Kevin,Ollie,TOT,N,8,72,13,0,7,7,3,3,1,3,9,14,4,7,5,0,0
OLOWOMI01,1998,Michael,Olowokandi,LAC,N,45,1279,401,120,237,357,25,27,55,85,137,399,172,118,57,0,0
ONEAJE01,1998,Jermaine,O'neal,POR,N,35,310,90,42,55,97,13,4,14,14,41,83,36,35,18,1,0
ONEASH01,1998,Shaquille,O'neal,LAL,N,49,1705,1289,187,338,525,114,36,82,122,155,885,510,498,269,1,0
OSTERGR01,1998,Greg,Ostertag,UTA,N,48,1340,273,105,243,348,23,12,131,45,140,208,99,121,75,0,0
OUTLABO01,1998,Bo,Outlaw,ORL,N,31,851,203,54,113,167,56,40,43,58,79,154,84,81,35,3,0
OVERTDO01,1998,Doug,Overton,TOT,N,24,244,92,7,14,21,23,5,1,20,18,84,36,20,18,7,2
OVERTDO01,1998,Doug,Overton,PHI,N,10,37,10,0,2,2,4,1,0,2,2,15,5,0,0,1,0
OVERTDO01,1998,Doug,Overton,ORL,N,6,33,18,1,1,2,3,1,0,3,2,12,6,6,6,2,0
OVERTDO01,1998,Doug,Overton,NJN,N,8,174,64,6,11,17,16,3,1,15,14,57,25,14,12,4,2
OWENSBI01,1998,Billy,Owens,SEA,N,21,451,163,35,45,80,38,12,4,33,37,165,65,35,28,11,5
PACKRO01,1998,Robert,Pack,DAL,N,25,468,222,9,27,36,81,20,1,49,41,174,75,88,72,4,0
PARKEAN01,1998,Anthony,Parker,PHI,N,2,3,2,0,0,0,0,0,0,0,0,1,1,0,0,0,0
PARKSCH01,1998,Cherokee,Parks,VAN,N,48,1118,266,75,168,243,36,28,28,49,114,275,118,55,30,1,0
PATTEAN01,1998,Andrae,Patterson,MIN,N,35,284,114,30,35,65,15,19,7,22,62,97,43,36,28,5,0
PATTERU01,1998,Ruben,Patterson,LAL,N,24,144,65,17,13,30,2,5,3,12,16,51,21,31,22,6,1
PAYTOGA01,1998,Gary,Payton,SEA,N,50,2008,1084,62,182,244,436,109,12,154,115,923,401,276,199,281,83
PEELEAN01,1998,Anthony,Peeler,MIN,N,28,810,270,30,54,84,78,35,6,38,60,272,103,41,30,114,34
PERDUWI01,1998,Will,Perdue,SAS,N,37,445,90,33,105,138,18,9,10,22,63,60,38,26,14,0,0
PERKISA01,1998,Sam,Perkins,IND,N,48,789,238,36,102,138,25,15,14,22,74,200,80,60,43,90,35
PERRYEL01,1998,Elliot,Perry,MIL,N,5,47,20,1,7,8,12,4,0,2,3,17,9,2,1,1,1
PERRYEL01,1998,Elliot,Perry,NJN,N,30,243,78,6,20,26,35,16,0,32,22,86,30,12,9,23,9
PERRYEL01,1998,Elliot,Perry,TOT,N,35,290,98,7,27,34,47,20,0,34,25,103,39,14,10,24,10
PERSOCH01,1998,Chuck,Person,CHA,N,50,990,303,17,115,132,60,20,8,41,90,289,112,32,24,157,55
PERSOWE01,1998,Wesley,Person,CLE,N,45,1342,503,19,123,142,80,37,16,41,52,437,198,53,32,200,75
PHILLBO01,1998,Bobby,Phills,CHA,N,43,1574,613,39,135,174,149,60,25,92,124,497,215,168,115,172,68
PIATKER01,1998,Eric,Piatkowski,LAC,N,49,1242,513,39,101,140,53,44,6,53,86,417,180,102,88,165,65
PIERCPA01,1998,Paul,Pierce,BOS,N,48,1632,791,117,192,309,115,82,50,113,139,647,284,195,139,204,84
PIPPESC01,1998,Scottie,Pippen,HOU,N,50,2011,726,63,260,323,293,98,37,159,118,604,261,183,132,212,72
POLLASC01,1998,Scot,Pollard,SAC,N,16,259,82,38,44,82,4,8,18,5,41,61,33,23,16,0,0
POLYNOL01,1998,Olden,Polynice,SEA,N,48,1481,368,184,241,425,43,20,30,49,150,358,169,94,29,1,1
POPEMA01,1998,Mark,Pope,IND,N,4,26,2,2,2,4,0,0,0,1,6,7,1,1,0,4,0
PORTETE01,1998,Terry,Porter,MIA,N,50,1365,525,13,127,140,146,48,11,74,97,370,172,148,123,141,58
POTAPVI01,1998,Vitaly,Potapenko,TOT,N,50,1394,499,114,218,332,75,35,36,100,169,412,204,155,91,1,0
POTAPVI01,1998,Vitaly,Potapenko,CLE,N,17,467,143,23,71,94,16,11,16,28,53,126,55,49,33,1,0
POTAPVI01,1998,Vitaly,Potapenko,BOS,N,33,927,356,91,147,238,59,24,20,72,116,286,149,106,58,0,0
PRICEBR01,1998,Brent,Price,HOU,N,40,806,292,18,60,78,113,33,1,65,90,207,100,61,46,112,46
RATLITH01,1998,Theo,Ratliff,PHI,N,50,1627,560,139,268,407,30,45,149,92,180,419,197,229,166,0,0
RECASEL01,1998,Eldridge,Recasner,CHA,N,44,708,222,20,57,77,91,17,1,58,66,184,82,39,34,60,24
REEVEBR01,1998,Bryant,Reeves,VAN,N,25,702,271,50,88,138,37,13,8,47,103,251,102,116,67,1,0
REEVEKH01,1998,Khalid,Reeves,DET,N,11,112,25,3,4,7,11,4,0,7,13,21,8,14,8,3,1
REIDDO01,1998,Don,Reid,DET,N,47,935,242,66,104,170,33,27,43,36,156,174,97,79,48,0,0
REIDJR01,1998,J.r.,Reid,CHA,N,16,556,243,21,92,113,25,22,10,28,63,169,88,84,67,0,0
REIDJR01,1998,J.r.,Reid,TOT,N,41,1029,369,45,167,212,48,37,10,51,135,277,132,137,105,1,0
REIDJR01,1998,J.r.,Reid,LAL,N,25,473,126,24,75,99,23,15,0,23,72,108,44,53,38,1,0
RESPESH01,1998,Shawn,Respert,PHO,N,12,99,37,2,11,13,8,5,0,5,10,36,13,10,7,13,4
RHODERO01,1998,Rodrick,Rhodes,HOU,N,3,33,9,2,2,4,1,1,0,5,5,8,2,6,5,0,0
RHODERO01,1998,Rodrick,Rhodes,TOT,N,13,156,43,9,8,17,11,5,2,20,21,52,13,25,16,7,1
RHODERO01,1998,Rodrick,Rhodes,VAN,N,10,123,34,7,6,13,10,4,2,15,16,44,11,19,11,7,1
RICEGL01,1998,Glen,Rice,LAL,N,27,985,472,9,90,99,71,17,6,45,67,396,171,90,77,135,53
RICHAPO01,1998,Pooh,Richardson,LAC,N,11,130,28,1,12,13,30,4,0,9,5,36,12,4,4,6,0
RICHMMI01,1998,Mitch,Richmond,WAS,N,50,1912,983,30,142,172,122,64,10,136,121,803,331,293,251,221,70
RIDERIS01,1998,Isaiah,Rider,POR,N,47,1385,651,59,137,196,104,25,9,95,100,605,249,147,111,111,42
RILEYER01,1998,Eric,Riley,BOS,N,35,337,78,36,63,99,13,9,26,26,73,54,28,31,22,0,0
ROBERST01,1998,Stanley,Roberts,HOU,N,6,33,14,4,7,11,0,0,1,4,2,13,5,8,4,0,0
ROBINCL02,1998,Clifford,Robinson,PHO,N,50,1740,819,69,158,227,128,75,59,88,154,629,299,234,163,139,58
ROBINDA01,1998,David,Robinson,SAS,N,49,1554,775,148,344,492,103,69,119,108,143,527,268,363,239,1,0
ROBINGL01,1998,Glenn,Robinson,MIL,N,47,1579,865,73,203,276,100,46,41,106,114,756,347,161,140,79,31
ROBINJA03,1998,James,Robinson,MIN,N,17,226,77,8,27,35,38,8,5,28,31,87,28,14,8,44,13
ROBINJA03,1998,James,Robinson,LAC,N,14,281,106,10,17,27,18,14,3,16,29,98,39,27,20,30,8
ROBINJA03,1998,James,Robinson,TOT,N,31,507,183,18,44,62,56,22,8,44,60,185,67,41,28,74,21
RODMADE01,1998,Dennis,Rodman,LAL,N,23,657,49,62,196,258,30,10,12,31,71,46,16,39,17,2,0
ROGERCA01,1998,Carlos,Rogers,POR,N,2,8,5,0,1,1,1,0,0,0,2,2,2,4,1,0,0
ROGERRO01,1998,Rodney,Rogers,LAC,N,47,968,348,65,114,179,77,47,22,66,140,297,131,101,68,63,18
ROOKSSE01,1998,Sean,Rooks,LAL,N,36,315,98,33,39,72,9,2,9,21,61,79,32,48,34,2,0
ROSEJA01,1998,Jalen,Rose,IND,N,49,1238,542,34,120,154,93,50,15,72,128,496,200,158,125,65,17
ROSEMA01,1998,Malik,Rose,SAS,N,47,608,284,90,92,182,29,40,22,56,120,201,93,146,98,1,0
RUSSEBR01,1998,Bryon,Russell,UTA,N,50,1770,622,65,201,266,74,76,15,76,154,468,217,171,136,147,52
SABONAR01,1998,Arvydas,Sabonis,POR,N,50,1349,606,88,305,393,119,34,63,85,147,478,232,175,135,24,7
SASSEJA01,1998,Jason,Sasser,VAN,N,6,39,11,2,5,7,2,2,0,2,4,11,5,2,1,0,0
SCHAYDA01,1998,Danny,Schayes,ORL,N,19,143,28,3,11,14,4,1,2,8,23,29,11,8,6,0,0
SCHINDU01,1998,Duane,Schintzius,BOS,N,16,67,11,7,12,19,8,0,3,10,17,16,4,4,3,0,0
SCHREDE01,1998,Detlef,Schrempf,SEA,N,50,1765,752,77,293,370,184,41,26,103,152,549,259,243,200,86,34
SCOTTDE01,1998,Dennis,Scott,MIN,N,21,532,191,5,33,38,32,12,2,14,32,157,70,27,22,68,29
SCOTTDE01,1998,Dennis,Scott,NYK,N,15,206,43,3,17,20,8,3,1,5,17,56,17,4,1,29,8
SCOTTDE01,1998,Dennis,Scott,TOT,N,36,738,234,8,50,58,40,15,3,19,49,213,87,31,23,97,37
SEALYMA01,1998,Malik,Sealy,MIN,N,31,731,251,23,69,92,36,30,5,33,68,231,95,61,55,23,6
SEIKARO01,1998,Rony,Seikaly,NJN,N,9,88,15,5,16,21,2,4,6,10,15,20,4,18,7,0,0
SHACKCH01,1998,Char,Shackleford,CHA,N,32,367,107,41,88,129,13,5,13,27,66,90,44,29,19,0,0
SHAWBR01,1998,Brian,Shaw,POR,N,1,5,0,0,1,1,1,0,0,1,1,1,0,0,0,0,0
SHAWCA01,1998,Casey,Shaw,PHI,N,9,14,2,3,0,3,0,0,0,2,2,8,1,0,0,0,0
SHEPPJE01,1998,Jeff,Sheppard,ATL,N,18,185,40,6,16,22,16,3,0,7,12,39,15,13,8,7,2
SIMONMI01,1998,Miles,Simon,ORL,N,5,19,2,1,1,2,0,1,0,3,1,5,1,0,0,2,0
SIMPKDI01,1998,Dickey,Simpkins,CHI,N,50,1448,456,110,229,339,65,36,13,72,128,324,150,242,156,1,0
SIMSAL01,1998,Alvin,Sims,PHO,N,4,25,11,3,1,4,5,2,0,6,2,10,4,5,2,1,1
SKINNBR01,1998,Brian,Skinner,LAC,N,21,258,86,20,33,53,1,10,13,19,20,71,33,33,20,0,0
SLATERE01,1998,Reggie,Slater,TOR,N,30,263,115,36,34,70,5,3,3,25,50,81,31,85,53,0,0
SMITHCH03,1998,Charles,Smith,LAC,N,23,317,84,7,17,24,13,17,14,20,35,97,35,16,7,33,7
SMITHJO01,1998,Joe,Smith,MIN,N,43,1418,588,154,200,354,68,32,66,66,147,522,223,188,142,3,0
SMITHMI01,1998,Michael,Smith,VAN,N,48,1098,230,135,215,350,48,46,18,60,107,144,77,128,76,1,0
SMITHST01,1998,Steve,Smith,ATL,N,36,1314,672,50,101,151,118,36,11,99,100,540,217,225,191,139,47
SMITSRI01,1998,Rik,Smits,IND,N,49,1271,728,73,202,275,52,18,52,75,159,633,310,132,108,2,0
SNOWER01,1998,Eric,Snow,PHI,N,48,1716,413,25,137,162,301,100,1,111,149,348,149,150,110,21,5
SPENCFE01,1998,Felton,Spencer,GSW,N,26,159,42,18,28,46,0,5,10,9,41,33,15,26,12,0,0
SPREWLA01,1998,Latrell,Sprewell,NYK,N,37,1233,606,41,115,156,91,46,2,79,65,518,215,191,155,77,21
STACKJE01,1998,Jerry,Stackhouse,DET,N,42,1188,607,26,81,107,118,34,19,121,79,488,181,247,210,126,35
STACKRY01,1998,Ryan,Stack,CLE,N,18,199,47,19,15,34,5,2,11,9,31,37,14,20,19,0,0
STARKJO01,1998,John,Starks,GSW,N,50,1686,690,33,130,163,235,69,5,83,135,728,269,100,74,269,78
STEPAVL01,1998,Vladimir,Stepania,SEA,N,23,313,127,27,48,75,12,10,23,32,58,125,53,40,21,3,0
STEWAMI01,1998,Michael,Stewart,TOR,N,42,394,61,43,56,99,5,4,28,12,76,53,22,25,17,0,0
STITHBR01,1998,Bryant,Stith,DEN,N,46,1194,320,30,77,107,82,28,15,45,65,290,114,71,61,106,31
STOCKJO01,1998,John,Stockton,UTA,N,50,1410,553,31,115,146,374,81,13,110,107,410,200,169,137,50,16
STOJAPR01,1998,Predrag,Stojakovic,SAC,N,48,1025,402,43,100,143,72,41,7,53,43,373,141,74,63,178,57
STOUDDA01,1998,Damon,Stoudamire,POR,N,50,1673,631,41,126,167,312,49,4,110,81,629,249,122,89,142,44
STRICER01,1998,Erick,Strickland,DAL,N,33,567,249,12,71,83,64,40,2,36,44,221,89,65,53,59,18
STRICMA01,1998,Mark,Strickland,MIA,N,32,357,119,26,52,78,9,7,8,13,28,101,50,26,19,1,0
STRICRO01,1998,Rod,Strickland,WAS,N,44,1632,690,56,156,212,434,76,5,142,91,603,251,236,176,42,12
STRONDE01,1998,Derek,Strong,ORL,N,44,695,223,66,95,161,17,15,7,37,64,180,76,99,71,2,0
SUNDOBR01,1998,Bruno,Sundov,DAL,N,3,11,4,0,0,0,1,0,0,1,4,7,2,0,0,0,0
SURABO01,1998,Bob,Sura,CLE,N,50,841,214,21,81,102,152,46,14,67,98,210,70,103,65,45,9
TAYLOJO01,1998,Johnny,Taylor,DEN,N,36,724,207,30,71,101,24,28,17,34,97,198,82,23,17,68,26
TAYLOMA01,1998,Maurice,Taylor,LAC,N,46,1505,773,100,142,242,67,16,29,120,179,675,311,206,150,6,1
THOMAJO01,1998,John,Thomas,TOR,N,39,593,169,65,69,134,15,17,9,21,82,123,71,48,27,1,0
THOMAKU01,1998,Kurt,Thomas,NYK,N,50,1182,406,82,204,286,55,45,17,73,159,368,170,108,66,1,0
THOMATI01,1998,Tim,Thomas,MIL,N,33,624,280,42,51,93,31,23,9,31,86,212,105,88,54,49,16
THOMATI01,1998,Tim,Thomas,TOT,N,50,812,358,49,77,126,46,26,12,46,107,279,132,112,73,68,21
THOMATI01,1998,Tim,Thomas,PHI,N,17,188,78,7,26,33,15,3,3,15,21,67,27,24,19,19,5
THORPOT01,1998,Otis,Thorpe,WAS,N,49,1539,554,96,238,334,101,42,19,88,196,440,240,106,74,2,0
TRAYLRO01,1998,Robert,Traylor,MIL,N,49,786,259,80,102,182,38,44,44,42,140,201,108,80,43,1,0
TRENTGA01,1998,Gary,Trent,DAL,N,45,1362,719,127,224,351,77,29,23,66,122,602,287,235,145,5,0
VANEXNI01,1998,Nick,Vanexel,DEN,N,50,1802,826,14,99,113,368,40,3,121,90,769,306,175,142,234,72
VANHOKE01,1998,Keith,Vanhorn,NJN,N,42,1576,916,114,244,358,65,43,53,133,134,752,322,298,256,53,16
VAUGHDA02,1998,David,Vaughn,NJN,N,10,103,34,13,21,34,1,2,8,11,22,24,13,10,8,0,0
VAUGHJA01,1998,Jacque,Vaughn,UTA,N,19,87,44,1,10,11,12,5,0,14,14,30,11,24,20,8,2
VAUGHLO01,1998,Loy,Vaught,DET,N,37,481,127,36,110,146,11,15,6,17,54,155,59,14,9,1,0
VRANKST01,1998,Stojko,Vrankovic,LAC,N,2,12,2,4,2,6,0,0,0,0,2,4,1,0,0,0,0
WALKEAN01,1998,Antoine,Walker,BOS,N,42,1549,784,106,253,359,130,63,28,119,142,735,303,202,113,176,65
WALKESA01,1998,Samaki,Walker,DAL,N,39,568,229,46,97,143,6,9,16,37,87,190,88,98,53,1,0
WALLABE01,1998,Ben,Wallace,WAS,N,46,1231,277,137,247,384,18,50,90,36,111,199,115,132,47,0,0
WALLAJO01,1998,John,Wallace,TOR,N,48,812,411,54,117,171,46,12,43,70,92,354,153,150,105,0,0
WALLARA01,1998,Rasheed,Wallace,POR,N,49,1414,628,57,184,241,60,48,54,80,175,476,242,179,131,31,13
WALTERE01,1998,Rex,Walters,MIA,N,33,506,101,10,40,50,58,10,3,32,63,95,35,23,19,38,12
WARDCH01,1998,Charlie,Ward,NYK,N,50,1556,378,23,149,172,271,103,8,131,105,334,135,78,55,149,53
WASHIER01,1998,Eric,Washington,DEN,N,38,761,205,35,54,89,30,25,18,34,87,184,73,32,22,97,37
WATSOJA01,1998,Jamie,Watson,MIA,N,3,18,2,0,1,1,1,0,0,1,1,2,1,0,0,0,0
WEATHCL01,1998,Clarence,Weatherspoon,MIA,N,49,1040,397,72,171,243,34,28,17,61,107,264,141,143,115,0,0
WEBBECH01,1998,Chris,Webber,SAC,N,42,1719,839,149,396,545,173,60,89,148,145,778,378,174,79,34,4
WELLSBO01,1998,Bonzi,Wells,POR,N,7,35,31,4,5,9,3,1,1,6,5,20,11,18,8,3,1
WENNIBI01,1998,Bill,Wennington,CHI,N,38,451,143,20,59,79,18,13,12,17,79,178,62,22,18,1,1
WESLEDA01,1998,David,Wesley,CHA,N,50,1848,706,23,138,161,322,100,10,142,130,545,243,191,159,170,61
WESTDO01,1998,Doug,West,VAN,N,14,294,81,5,20,25,19,16,7,12,38,65,31,25,19,2,0
WESTMA01,1998,Mark,West,ATL,N,49,499,60,49,76,125,13,4,22,17,81,59,22,45,16,0,0
WHEATDE01,1998,Dejuan,Wheat,VAN,N,46,590,208,11,34,45,102,26,2,48,59,193,73,55,40,60,22
WHEELTY01,1998,Tyson,Wheeler,DEN,N,1,3,4,0,0,0,2,0,0,0,1,1,1,2,1,1,1
WHITEJA01,1998,Jahidi,White,WAS,N,20,191,49,23,35,58,1,3,11,16,39,32,17,35,15,0,0
WHITNCH01,1998,Chris,Whitney,WAS,N,39,441,187,8,39,47,69,18,2,36,49,156,64,31,27,95,32
WILKIDO01,1998,Dominique,Wilkins,ORL,N,27,252,134,30,41,71,16,4,1,23,19,132,50,42,29,19,5
WILKIGE01,1998,Gerald,Wilkins,ORL,N,3,28,2,0,1,1,1,0,0,3,3,9,0,2,2,0,0
WILLIAA01,1998,Aaron,Williams,SEA,N,40,458,158,54,74,128,22,14,24,30,75,123,52,74,54,1,0
WILLIAL01,1998,Alvin,Williams,TOR,N,50,1051,248,19,63,82,130,51,12,56,94,237,95,52,44,42,14
WILLIBR01,1998,Brandon,Williams,SAS,N,3,4,2,1,0,1,0,0,0,0,0,0,0,4,2,0,0
WILLICO02,1998,Corliss,Williamson,SAC,N,50,1374,659,85,121,206,66,30,8,75,118,555,269,188,120,5,1
WILLIER01,1998,Eric,Williams,DEN,N,38,780,277,34,47,81,37,27,8,49,76,219,80,139,111,26,6
WILLIHE01,1998,Herb,Williams,NYK,N,6,34,10,3,3,6,0,0,2,2,2,8,4,2,2,0,0
WILLIHO01,1998,Hotrod,Williams,DAL,N,25,403,29,36,47,83,15,13,18,13,49,33,11,10,7,0,0
WILLIJA01,1998,Jayson,Williams,NJN,N,30,1020,242,147,213,360,33,24,60,46,126,218,97,85,48,2,0
WILLIJA02,1998,Jason,Williams,SAC,N,50,1805,641,14,139,153,299,95,1,143,91,617,231,105,79,323,100
WILLIJE01,1998,Jerome,Williams,DET,N,50,1154,355,158,191,349,23,63,7,41,108,248,124,159,107,0,0
WILLIKE01,1998,Kevin,Willis,TOR,N,42,1216,504,109,241,350,67,28,28,86,134,447,187,155,130,2,0
WILLIMI01,1998,Michael,Williams,TOR,N,2,15,2,1,0,1,0,0,0,1,1,5,1,0,0,0,0
WILLIMO01,1998,Monty,Williams,DEN,N,1,6,1,0,0,0,0,0,0,0,0,2,0,2,1,0,0
WILLISC01,1998,Scott,Williams,TOT,N,7,46,14,3,11,14,1,3,2,4,9,17,5,7,4,0,0
WILLISC01,1998,Scott,Williams,MIL,N,5,29,14,2,10,12,0,1,1,2,5,15,5,7,4,0,0
WILLISC01,1998,Scott,Williams,PHI,N,2,17,0,1,1,2,1,2,1,2,4,2,0,0,0,0,0
WILLISH01,1998,Shammond,Williams,ATL,N,2,4,3,0,0,0,1,0,0,0,0,1,0,4,3,0,0
WILLITR01,1998,Travis,Williams,CHA,N,8,62,15,6,13,19,2,2,1,6,10,13,6,4,3,0,0
WILLIWA01,1998,Walt,Williams,POR,N,48,1044,446,36,107,143,80,37,28,63,101,347,147,107,89,144,63
WINGADA01,1998,David,Wingate,NYK,N,20,92,14,3,5,8,5,4,0,6,10,16,7,0,0,0,0
WINTETR01,1998,Trevor,Winter,MIN,N,1,5,0,1,2,3,0,0,0,0,5,0,0,0,0,0,0
WOLFJO01,1998,Joe,Wolf,CHA,N,3,12,0,0,1,1,0,0,0,0,6,1,0,2,0,0,0
WORKMHA01,1998,Haywoode,Workman,MIL,N,29,815,200,14,88,102,172,32,1,63,53,170,73,47,37,47,17
WRIGHLO02,1998,Lorenzen,Wright,LAC,N,48,1135,319,142,219,361,33,26,36,48,162,260,119,117,81,1,0
YOUNGKO01,1998,Korleone,Young,DET,N,3,15,13,2,2,4,1,0,0,1,3,10,5,2,2,4,1
ABDULTA01,1999,Tariq,Abdul-wahad,DEN,N,15,373,134,24,28,52,26,6,12,19,31,131,51,42,31,2,1
ABDULTA01,1999,Tariq,Abdul-wahad,ORL,N,46,1205,563,77,162,239,72,53,16,87,116,515,223,151,115,21,2
ABDULTA01,1999,Tariq,Abdul-wahad,TOT,N,61,1578,697,101,190,291,98,59,28,106,147,646,274,193,146,23,3
ABDURSH01,1999,Shareef,Abdur-rahim,VAN,N,82,3223,1663,218,607,825,271,89,87,249,244,1277,594,551,446,96,29
ALEXACO01,1999,Cory,Alexander,DEN,N,29,329,82,8,34,42,58,24,2,28,39,98,28,22,17,35,9
ALLENRA02,1999,Ray,Allen,MIL,N,82,3070,1809,83,276,359,308,110,19,183,187,1411,642,398,353,407,172
ALSTORA01,1999,Rafer,Alston,MIL,N,27,361,60,5,18,23,70,12,0,29,29,95,27,4,3,14,3
AMAECJO01,1999,John,Amaechi,ORL,N,80,1684,836,62,204,266,95,35,37,139,161,700,306,291,223,6,1
ANDERDE01,1999,Derek,Anderson,LAC,N,64,2201,1080,80,178,258,220,90,11,167,149,860,377,309,271,178,55
ANDERKE02,1999,Kenny,Anderson,BOS,N,82,2593,1149,55,170,225,420,139,8,130,230,986,434,253,196,220,85
ANDERNI01,1999,Nick,Anderson,SAC,N,72,2094,781,83,256,339,123,94,16,95,118,782,306,76,37,397,132
ANDERSH01,1999,Shandon,Anderson,HOU,N,82,2700,1009,91,293,384,239,96,32,194,182,778,368,253,194,225,79
ANSTECH01,1999,Chris,Anstey,CHI,N,73,1007,439,90,190,280,65,29,25,80,180,364,161,147,116,6,1
ANTHOGR01,1999,Greg,Anthony,POR,N,82,1548,514,17,116,133,208,59,9,85,143,416,169,114,88,233,88
ARMSTBJ01,1999,B.j.,Armstrong,CHI,N,27,583,201,2,45,47,78,7,1,40,34,186,83,25,22,29,13
ARMSTDA01,1999,Darrell,Armstrong,ORL,N,82,2590,1330,65,205,270,501,169,9,248,137,1119,484,247,225,403,137
ARTESRO01,1999,Ron,Artest,CHI,N,72,2238,866,62,246,308,202,119,39,166,159,759,309,279,188,191,60
ATKINCH01,1999,Chucky,Atkins,ORL,N,82,1626,782,20,106,126,306,52,3,142,137,741,314,133,97,163,57
AUGMOST01,1999,Stacey,Augmon,POR,N,59,692,203,42,74,116,53,27,11,38,69,175,83,55,37,2,0
AUSTIIS01,1999,Isaac,Austin,WAS,N,59,1173,397,64,218,282,74,17,38,107,128,352,151,137,94,4,1
AVENTAN01,1999,Anthony,Avent,LAC,N,49,377,81,23,51,74,11,16,15,24,62,96,29,32,23,0,0
AVERYWI01,1999,William,Avery,MIN,N,59,484,154,8,32,40,88,14,2,42,60,181,56,36,24,63,18
BAILETO01,1999,Toby,Bailey,PHO,N,46,449,163,26,46,72,30,13,4,24,55,140,58,65,45,10,2
BAKERVI01,1999,Vin,Baker,SEA,N,79,2849,1311,227,378,605,148,47,66,213,288,1129,514,412,281,8,2
BARKLCH01,1999,Charles,Barkley,HOU,N,20,620,289,71,138,209,63,14,4,44,48,222,106,110,71,26,6
BARRODA01,1999,Dana,Barros,BOS,N,72,1139,517,13,86,99,133,31,4,66,80,435,196,76,66,144,59
BARRYBR01,1999,Brent,Barry,SEA,N,80,2726,945,50,322,372,291,103,31,142,228,707,327,157,127,399,164
BARRYDR01,1999,Drew,Barry,TOT,N,16,159,41,0,12,12,33,2,0,13,23,33,15,5,4,18,7
BARRYDR01,1999,Drew,Barry,GSW,N,8,85,22,0,8,8,17,2,0,6,14,18,9,2,1,9,3
BARRYDR01,1999,Drew,Barry,ATL,N,8,74,19,0,4,4,16,0,0,7,9,15,6,3,3,9,4
BARRYJO01,1999,Jon,Barry,SAC,N,62,1281,495,38,121,159,150,75,7,85,104,346,161,116,107,154,66
BATTITO01,1999,Tony,Battie,BOS,N,82,1505,541,152,258,410,63,47,70,67,249,459,219,151,102,8,1
BENDEJO01,1999,Jonathan,Bender,IND,N,24,130,64,4,17,21,3,1,5,7,18,70,23,24,16,12,2
BENJABE01,1999,Benoit,Benjamin,CLE,N,3,8,2,0,1,1,0,0,1,0,1,3,1,0,0,0,0
BENJACO01,1999,Corey,Benjamin,CHI,N,48,862,370,21,67,88,54,31,22,74,122,350,145,82,49,89,31
BENNEMA01,1999,Mario,Bennett,LAC,N,1,3,0,1,1,2,0,0,0,0,1,3,0,0,0,0,0
BESTTR01,1999,Travis,Best,IND,N,82,1691,733,16,126,142,272,76,5,107,204,561,271,190,156,93,35
BIBBYMI01,1999,Mike,Bibby,VAN,N,82,3155,1190,73,233,306,665,132,15,247,171,1031,459,250,195,212,77
BILLUCH01,1999,Chauncey,Billups,DEN,N,13,305,112,8,26,34,39,10,2,24,27,101,34,44,37,41,7
BLAYLMO01,1999,Mookie,Blaylock,GSW,N,73,2459,822,55,215,270,489,146,22,143,122,837,327,95,67,301,101
BLOUNCO01,1999,Corie,Blount,PHO,N,38,446,107,52,61,113,10,15,7,28,78,89,44,33,19,2,0
BOGUEMU01,1999,Muggsy,Bogues,TOR,N,80,1731,410,25,110,135,299,65,4,59,119,358,157,87,79,51,17
BOHANET01,1999,Etdrick,Bohannon,NYK,N,2,5,3,1,0,1,0,0,0,2,1,0,0,4,3,0,0
BOHANET01,1999,Etdrick,Bohannon,LAC,N,11,113,26,12,18,30,5,2,6,8,24,13,7,20,12,0,0
BOHANET01,1999,Etdrick,Bohannon,TOT,N,13,118,29,13,18,31,5,2,6,10,25,13,7,24,15,0,0
BOOTHCA01,1999,Calvin,Booth,WAS,N,11,143,42,15,17,32,7,3,14,6,23,46,16,14,10,0,0
BORRELA01,1999,Lazaro,Borrell,SEA,N,17,167,62,14,26,40,10,6,3,6,9,63,28,11,6,3,0
BOWDLCA01,1999,Cal,Bowdler,ATL,N,46,423,122,22,63,85,14,14,9,21,46,115,49,38,24,1,0
BOWENBR01,1999,Bruce,Bowen,PHI,N,42,311,59,14,22,36,16,9,5,5,37,73,26,12,6,2,1
BOWENBR01,1999,Bruce,Bowen,TOT,N,69,878,196,27,69,96,34,23,15,19,118,194,72,43,25,58,27
BOWENBR01,1999,Bruce,Bowen,MIA,N,27,567,137,13,47,60,18,14,10,14,81,121,46,31,19,56,26
BOWENRY01,1999,Ryan,Bowen,DEN,N,52,589,131,75,39,114,20,39,13,14,95,117,46,53,38,9,1
BOWMAIR01,1999,Ira,Bowman,PHI,N,11,20,5,0,2,2,1,1,0,1,0,2,2,2,1,0,0
BOYKIEA01,1999,Earl,Boykins,ORL,N,1,8,6,1,0,1,3,0,0,0,0,4,3,0,0,0,0
BOYKIEA01,1999,Earl,Boykins,CLE,N,25,253,132,11,14,25,45,12,1,17,23,112,53,23,18,20,8
BOYKIEA01,1999,Earl,Boykins,TOT,N,26,261,138,12,14,26,48,12,1,17,23,116,56,23,18,20,8
BRADLSH01,1999,Shawn,Bradley,DAL,N,77,1901,647,160,337,497,60,71,190,74,260,555,266,149,114,5,1
BRAMLAJ01,1999,A.j.,Bramlett,CLE,N,8,61,8,12,10,22,0,1,0,3,13,21,4,0,0,0,0
BRANDEL01,1999,Elton,Brand,CHI,N,81,2999,1627,348,462,810,155,66,132,228,259,1306,630,536,367,2,0
BRANDTE01,1999,Terrell,Brandon,MIN,N,71,2587,1212,44,194,238,629,134,30,184,158,1042,486,208,187,132,53
BROWNCH01,1999,Chucky,Brown,TOT,N,63,1096,334,35,132,167,66,20,18,45,114,328,148,52,36,10,2
BROWNCH01,1999,Chucky,Brown,SAS,N,30,602,190,11,66,77,41,8,10,28,53,176,82,31,25,3,1
BROWNCH01,1999,Chucky,Brown,CHA,N,33,494,144,24,66,90,25,12,8,17,61,152,66,21,11,7,1
BROWNDE01,1999,Dee,Brown,TOR,N,38,673,264,9,45,54,86,24,5,39,62,258,93,16,11,187,67
BROWNMA01,1999,Marcus,Brown,DET,N,6,45,10,3,4,7,3,0,0,3,8,14,4,2,2,7,0
BROWNPJ01,1999,P.j.,Brown,MIA,N,80,2302,764,216,384,600,145,65,61,100,264,671,322,159,120,1,0
BROWNRA01,1999,Randy,Brown,CHI,N,59,1625,379,23,121,144,202,61,15,105,120,435,157,84,62,6,3
BRUNSRI01,1999,Rick,Brunson,NYK,N,37,289,71,3,24,27,49,9,1,31,35,70,29,18,11,13,2
BRYANKO01,1999,Kobe,Bryant,LAL,N,66,2524,1485,108,308,416,323,106,62,182,220,1183,554,403,331,144,46
BRYANMA01,1999,Mark,Bryant,CLE,N,75,1712,424,126,226,352,61,31,31,87,250,346,174,94,76,0,0
BUCKNGR01,1999,Greg,Buckner,DAL,N,48,923,275,56,118,174,55,38,20,36,148,233,111,63,43,26,10
BUECHJU01,1999,Jud,Buechler,DET,N,58,657,130,30,61,91,33,25,16,13,50,156,55,7,2,83,18
BUFORRO01,1999,Rodney,Buford,MIA,N,34,386,147,10,38,48,21,10,8,9,44,151,62,22,16,29,7
BULLAMA01,1999,Matt,Bullard,HOU,N,56,1024,382,13,125,138,63,19,13,36,85,340,139,30,25,177,79
BURRESC01,1999,Scott,Burrell,NJN,N,74,1336,451,65,191,256,72,67,44,38,173,419,165,50,39,232,82
CAFFEJA01,1999,Jason,Caffey,GSW,N,71,2159,852,189,293,482,119,62,20,170,269,675,323,345,206,2,0
CAGEMI01,1999,Michael,Cage,NJN,N,20,242,27,33,48,81,9,8,8,4,30,24,12,3,3,0,0
CAMBYMA01,1999,Marcus,Camby,NYK,N,59,1548,601,174,287,461,49,43,116,72,204,471,226,221,148,2,1
CAMPBEL01,1999,Elden,Campbell,CHA,N,78,2538,987,168,422,590,129,56,150,127,269,829,370,358,247,6,0
CARRAN01,1999,Antoine,Carr,VAN,N,21,221,67,8,24,32,7,3,6,9,42,64,28,14,11,0,0
CARRCH01,1999,Chris,Carr,GSW,N,7,74,39,5,8,13,3,0,1,5,12,33,11,19,16,8,1
CARRCH01,1999,Chris,Carr,CHI,N,50,1092,492,36,124,160,81,30,14,112,101,463,185,106,91,93,31
CARRCH01,1999,Chris,Carr,TOT,N,57,1166,531,41,132,173,84,30,15,117,113,496,196,125,107,101,32
CARTEAN01,1999,Anthony,Carter,MIA,N,79,1859,498,48,151,199,378,93,5,173,167,509,201,124,93,23,3
CARTEVI01,1999,Vince,Carter,TOR,N,82,3126,2107,150,326,476,322,110,92,178,263,1696,788,551,436,236,95
CASSESA01,1999,Sam,Cassell,MIL,N,81,2899,1506,69,232,301,729,102,8,267,255,1170,545,445,390,90,26
CATOKE01,1999,Kelvin,Cato,HOU,N,65,1581,567,102,287,389,26,33,124,71,175,402,216,208,135,4,0
CAUSWDU01,1999,Duane,Causwell,MIA,N,25,185,66,11,36,47,2,2,16,10,42,37,20,38,26,0,0
CEBALCE01,1999,Cedric,Ceballos,DAL,N,69,2064,1147,172,290,462,90,56,24,125,165,1002,447,248,209,134,44
CELESJO01,1999,John,Celestand,LAL,N,16,185,37,1,10,11,20,7,0,16,22,45,15,6,5,9,2
CHAPMRE01,1999,Rex,Chapman,PHO,N,53,957,348,10,70,80,62,22,1,38,70,320,124,78,59,123,41
CHEANCA01,1999,Calbert,Cheaney,BOS,N,67,1309,267,23,115,138,80,44,14,46,158,273,120,21,9,54,18
CHILCPE01,1999,Pete,Chilcutt,TOT,N,56,601,120,46,85,131,27,15,10,20,73,127,53,8,8,26,6
CHILCPE01,1999,Pete,Chilcutt,CLE,N,6,30,0,4,5,9,1,0,0,0,3,2,0,0,0,0,0
CHILCPE01,1999,Pete,Chilcutt,UTA,N,26,224,47,15,28,43,10,5,4,9,31,62,22,2,2,10,1
CHILCPE01,1999,Pete,Chilcutt,LAC,N,24,347,73,27,52,79,16,10,6,11,39,63,31,6,6,16,5
CHILDCH01,1999,Chris,Childs,NYK,N,71,1675,376,17,130,147,285,36,4,105,240,357,146,59,47,104,37
CHRISDO01,1999,Doug,Christie,TOR,N,73,2264,903,63,222,285,321,102,43,144,167,764,311,216,182,275,99
CLARKKE01,1999,Keon,Clark,DEN,N,81,1850,694,162,343,505,71,45,114,125,231,528,286,176,121,8,1
CLOSSKE01,1999,Keith,Closs,LAC,N,57,820,238,65,114,179,25,13,73,34,80,197,96,78,46,3,0
COLEMDE01,1999,Derrick,Coleman,CHA,N,74,2347,1239,124,508,632,175,34,130,173,195,979,446,377,296,141,51
COLESBI01,1999,Bimbo,Coles,ATL,N,80,1924,645,30,142,172,290,58,11,103,178,607,276,104,85,39,8
CONLOMA01,1999,Marty,Conlon,LAC,N,3,9,2,1,1,2,0,0,0,0,1,2,1,0,0,0,0
CORBITY01,1999,Tyrone,Corbin,SAC,N,54,941,219,40,125,165,60,36,5,29,99,247,88,39,33,44,10
CRAWFCH01,1999,Chris,Crawford,ATL,N,55,668,252,51,48,99,33,17,16,37,83,229,91,81,63,27,7
CROSHAU01,1999,Austin,Croshere,IND,N,81,1885,835,135,381,516,89,44,60,121,203,653,288,231,196,174,63
CROTTJO01,1999,John,Crotty,DET,N,69,937,325,17,58,75,128,27,5,54,104,251,106,93,80,80,33
CUMMITE01,1999,Terry,Cummings,GSW,N,22,398,184,45,62,107,21,13,8,27,74,177,76,39,32,0,0
CUMMIVO01,1999,Vonteego,Cummings,GSW,N,75,1793,706,57,127,184,247,91,13,132,174,655,265,169,127,151,49
CURLEBI01,1999,Bill,Curley,HOU,N,4,50,12,4,4,8,0,2,0,4,10,11,6,0,0,0,0
CURLEBI01,1999,Bill,Curley,GSW,N,24,259,64,14,28,42,14,11,4,17,51,57,23,25,18,1,0
CURLEBI01,1999,Bill,Curley,TOT,N,28,309,76,18,32,50,14,13,4,21,61,68,29,25,18,1,0
CURRYDE01,1999,Dell,Curry,TOR,N,67,1095,507,11,89,100,89,32,9,40,66,454,194,32,24,242,95
CURRYMI01,1999,Michael,Curry,DET,N,82,1611,506,21,83,104,87,33,5,73,209,379,182,168,141,5,1
DAMPIER01,1999,Erick,Dampier,GSW,N,21,495,167,48,86,134,19,8,15,29,75,173,70,51,27,0,0
DANIEAN01,1999,Antonio,Daniels,SAS,N,68,1195,420,16,70,86,177,55,5,58,73,344,163,101,72,66,22
DAVIDKO01,1999,Kornel,David,CLE,N,6,31,11,4,4,8,1,4,1,2,7,9,4,4,3,3,0
DAVIDKO01,1999,Kornel,David,TOT,N,32,474,179,26,55,81,17,17,3,33,56,157,67,56,45,6,0
DAVIDKO01,1999,Kornel,David,CHI,N,26,443,168,22,51,73,16,13,2,31,49,148,63,52,42,3,0
DAVISAN01,1999,Antonio,Davis,TOR,N,79,2479,910,235,461,696,105,38,100,121,267,712,313,371,284,0,0
DAVISBA01,1999,Baron,Davis,CHA,N,82,1523,486,48,117,165,309,97,19,140,201,433,182,153,97,111,25
DAVISBE01,1999,Ben,Davis,PHO,N,5,22,4,3,6,9,2,1,1,3,2,6,2,0,0,0,0
DAVISDA01,1999,Dale,Davis,IND,N,74,2127,743,256,473,729,64,52,94,91,203,602,302,203,139,0,0
DAVISEM01,1999,Emanual,Davis,SEA,N,54,701,217,15,85,100,70,38,5,44,72,220,80,38,26,103,31
DAVISHU01,1999,Hubert,Davis,DAL,N,79,1817,583,17,117,134,141,24,3,70,109,464,217,77,67,167,82
DAVISMA01,1999,Mark,Davis,GSW,N,23,464,143,31,53,84,38,25,4,40,52,137,56,47,31,2,0
DAVISRI01,1999,Ricky,Davis,CHA,N,48,570,227,29,54,83,62,30,8,46,39,187,94,51,39,4,0
DAYTO01,1999,Todd,Day,PHO,N,58,941,396,31,98,129,65,44,22,50,127,330,130,108,72,165,64
DECLEAN01,1999,Andrew,Declercq,CLE,N,82,1831,544,156,283,439,58,63,66,108,275,443,225,160,94,0,0
DELKTO01,1999,Tony,Delk,SAC,N,46,682,296,36,52,88,55,35,5,32,58,279,120,59,47,40,9
DELNEVI01,1999,Vinny,Delnegro,MIL,N,67,1211,349,9,98,107,160,36,0,48,81,325,153,39,35,24,8
DIALDE01,1999,Derrick,Dial,SAS,N,8,95,40,14,12,26,5,1,1,6,10,46,17,5,3,12,3
DICKEMI01,1999,Michael,Dickerson,VAN,N,82,3103,1496,78,201,279,208,116,45,165,226,1270,554,324,269,291,119
DIVACVL01,1999,Vlade,Divac,SAC,N,82,2374,1005,174,482,656,244,103,103,190,251,764,384,333,230,26,7
DOLEAMI01,1999,Michael,Doleac,ORL,N,81,1335,565,89,245,334,63,29,34,65,224,535,242,95,80,2,1
DOUGLSH01,1999,Sherman,Douglas,NJN,N,20,309,120,13,16,29,34,17,0,24,26,90,45,28,25,16,5
DREWBR01,1999,Bryce,Drew,HOU,N,72,1293,420,23,80,103,162,41,1,66,79,413,158,53,45,163,59
DUDLECH02,1999,Chris,Dudley,NYK,N,47,459,55,63,73,136,5,7,21,18,95,67,23,27,9,0,0
DUNCATI01,1999,Tim,Duncan,SAS,N,74,2875,1716,262,656,918,234,66,165,242,210,1281,628,603,459,11,1
EISLEHO01,1999,Howard,Eisley,UTA,N,82,2096,708,23,147,170,347,59,9,132,223,675,282,102,84,163,60
EKEZIOB01,1999,Obinna,Ekezie,VAN,N,39,351,125,34,58,92,8,9,4,26,61,88,41,64,43,0,0
ELIEMA01,1999,Mario,Elie,SAS,N,79,2217,590,48,201,249,193,73,9,130,156,457,195,149,126,186,74
ELLIOSE01,1999,Sean,Elliott,SAS,N,19,391,114,6,41,47,28,12,2,19,34,106,38,32,25,37,13
ELLISDA01,1999,Dale,Ellis,MIL,N,18,324,123,7,27,34,6,6,0,7,23,101,47,9,6,65,23
ELLISDA01,1999,Dale,Ellis,CHA,N,24,240,55,6,16,22,8,7,0,13,22,58,19,4,3,35,14
ELLISDA01,1999,Dale,Ellis,TOT,N,42,564,178,13,43,56,14,13,0,20,45,159,66,13,9,100,37
ELLISLA01,1999,Laphonso,Ellis,ATL,N,58,1309,487,98,192,290,59,32,25,52,133,464,209,95,66,21,3
ELLISPE01,1999,Pervis,Ellison,BOS,N,30,269,53,29,38,67,13,10,8,13,67,43,19,21,15,0,0
ESCHMEV01,1999,Evan,Eschmeyer,NJN,N,31,373,91,40,68,108,21,8,21,21,84,72,38,30,15,0,0
EWINGPA01,1999,Patrick,Ewing,NYK,N,62,2035,929,140,464,604,58,36,84,142,196,775,361,283,207,2,0
FARMETO01,1999,Tony,Farmer,GSW,N,74,1199,465,118,177,295,74,66,16,82,167,312,127,265,203,44,8
FEICKJA01,1999,Jamie,Feick,NJN,N,81,2241,459,264,491,755,68,43,38,59,206,423,181,133,94,3,3
FERRYDA01,1999,Danny,Ferry,CLE,N,63,1326,463,55,183,238,67,22,24,55,181,380,189,57,52,75,33
FINLEMI01,1999,Michael,Finley,DAL,N,82,3464,1855,122,396,518,438,109,32,196,171,1636,748,317,260,247,99
FISHEDE01,1999,Derek,Fisher,LAL,N,78,1803,491,22,121,143,216,80,3,75,150,483,167,145,105,166,52
FORTSDA01,1999,Danny,Fortson,BOS,N,55,856,419,141,225,366,29,20,5,67,180,265,140,189,139,0,0
FOSTEGR01,1999,Greg,Foster,SEA,N,60,718,203,16,91,107,41,10,18,28,105,224,91,28,18,15,3
FOSTEJE01,1999,Jeff,Foster,IND,N,19,86,43,12,20,32,5,5,1,2,18,23,13,25,17,1,0
FOXRI01,1999,Rick,Fox,LAL,N,82,1473,534,63,135,198,138,52,26,87,203,498,206,78,63,181,59
FOYLEAD01,1999,Adonal,Foyle,GSW,N,76,1654,420,174,250,424,42,26,136,71,218,380,193,90,34,0,0
FRANCST01,1999,Steve,Francis,HOU,N,77,2776,1388,152,257,409,507,118,29,306,231,1117,497,365,287,310,107
FULLETO02,1999,Todd,Fuller,CHA,N,41,399,134,36,74,110,5,9,8,27,46,122,51,53,32,0,0
FUNDELA01,1999,Lawrence,Funderburke,SAC,N,75,1026,483,98,136,234,33,32,20,40,91,352,184,163,115,2,0
GARNEKE01,1999,Kevin,Garnett,MIN,N,81,3243,1857,223,733,956,401,120,126,268,205,1526,759,404,309,81,30
GARREDE01,1999,Dean,Garrett,MIN,N,56,604,114,41,99,140,19,8,40,21,94,108,48,26,18,0,0
GARRIKI01,1999,Kiwane,Garris,ORL,N,3,23,4,0,1,1,2,0,0,1,0,10,2,0,0,1,0
GARRIPA01,1999,Pat,Garrity,ORL,N,82,1479,675,44,166,210,58,31,19,85,197,585,258,111,80,197,79
GATLICH01,1999,Chris,Gatling,ORL,N,45,1041,598,91,206,297,40,48,10,105,142,462,210,245,171,23,7
GATLICH01,1999,Chris,Gatling,TOT,N,85,1811,1014,154,348,502,71,82,23,169,246,802,365,373,266,70,18
GATLICH01,1999,Chris,Gatling,DEN,N,40,770,416,63,142,205,31,34,13,64,104,340,155,128,95,47,11
GEIGEMA01,1999,Matt,Geiger,PHI,N,65,1406,629,154,233,387,39,29,22,91,194,589,260,140,109,4,0
GEORGDE01,1999,Devean,George,LAL,N,49,345,155,29,46,75,12,10,4,21,54,144,56,41,27,47,16
GILLIAR01,1999,Armen,Gilliam,UTA,N,50,782,333,72,137,209,42,12,16,55,83,305,133,86,67,1,0
GILLKE01,1999,Kendall,Gill,NJN,N,76,2355,993,82,201,283,210,139,41,89,211,956,396,255,181,78,20
GLOVEDI01,1999,Dion,Glover,ATL,N,30,446,195,15,23,38,27,15,4,28,28,171,66,70,51,45,12
GRANTBR01,1999,Brian,Grant,POR,N,63,1322,459,121,223,344,64,32,28,84,166,352,173,166,112,2,1
GRANTGA01,1999,Gary,Grant,POR,N,3,24,12,0,3,3,1,1,0,2,3,14,6,0,0,0,0
GRANTHO01,1999,Horace,Grant,SEA,N,76,2688,612,167,424,591,188,55,60,61,192,599,266,111,80,4,0
GRAYDE01,1999,Devin,Gray,HOU,N,21,124,49,11,14,25,5,5,3,4,22,37,15,29,19,0,0
GREENAC01,1999,A.c.,Green,LAL,N,82,1929,413,160,326,486,80,53,18,53,127,387,173,95,66,4,1
GRIFFAD01,1999,Adrian,Griffin,BOS,N,72,1927,485,128,244,372,177,116,15,93,222,413,175,158,119,57,16
GUGLITO01,1999,Tom,Gugliotta,PHO,N,54,1767,738,141,284,425,124,80,31,106,152,645,310,151,117,8,1
HAMDA01,1999,Darvin,Ham,MIL,N,35,792,177,85,87,172,42,29,29,29,102,128,71,78,35,1,0
HAMILRI01,1999,Richard,Hamilton,WAS,N,71,1373,639,38,91,129,108,28,6,84,142,605,254,133,103,77,28
HAMILTH01,1999,Thomas,Hamilton,HOU,N,22,273,82,31,59,90,15,4,14,28,25,79,35,23,12,0,0
HAMMOTO01,1999,Tom,Hammonds,MIN,N,56,372,117,34,67,101,10,8,3,21,55,97,42,56,33,0,0
HARDAAN01,1999,Anfernee,Hardaway,PHO,N,60,2253,1015,91,256,347,315,94,38,153,164,798,378,286,226,102,33
HARDATI01,1999,Tim,Hardaway,MIA,N,52,1672,696,25,125,150,385,49,4,119,112,638,246,133,110,256,94
HARPERO01,1999,Ron,Harper,LAL,N,80,2042,557,96,241,337,270,85,39,132,164,531,212,147,100,106,33
HARPRMA01,1999,Matt,Harpring,ORL,N,4,63,16,5,7,12,8,5,1,1,7,17,4,7,6,2,2
HARRIAL01,1999,Al,Harrington,IND,N,50,854,328,47,112,159,38,25,9,65,130,264,121,111,78,34,8
HARRILU01,1999,Lucious,Harris,NJN,N,77,1510,513,53,134,187,100,65,6,42,98,463,198,99,79,115,38
HARRIOT01,1999,Othella,Harrington,VAN,N,82,2677,1076,196,367,563,97,36,58,217,287,830,420,298,236,2,0
HARVEAN01,1999,Antonio,Harvey,POR,N,19,137,41,8,25,33,5,1,6,12,20,30,17,12,7,0,0
HAWKIHE01,1999,Hersey,Hawkins,CHI,N,61,1622,480,31,144,175,134,74,15,100,146,375,159,119,107,141,55
HAWKIMI01,1999,Michael,Hawkins,CHA,N,12,36,8,0,7,7,13,0,0,3,2,13,3,2,1,5,1
HENDEAL01,1999,Alan,Henderson,ATL,N,82,2775,1083,265,306,571,77,81,54,139,233,930,429,334,224,10,1
HENDECE02,1999,Cedric,Henderson,CLE,N,61,1107,328,34,106,140,55,39,17,68,99,326,129,104,69,15,1
HENDRMA01,1999,Mark,Hendrickson,NJN,N,5,24,1,1,1,2,3,0,0,0,1,1,0,2,1,0,0
HENDRMA01,1999,Mark,Hendrickson,CLE,N,10,47,12,2,9,11,3,2,1,3,7,7,5,2,2,0,0
HENDRMA01,1999,Mark,Hendrickson,TOT,N,15,71,13,3,10,13,6,2,1,3,8,8,5,4,3,0,0
HERRECH01,1999,Chris,Herren,DEN,N,45,597,141,12,40,52,111,15,2,42,74,124,45,40,27,67,24
HILLGR01,1999,Grant,Hill,DET,N,74,2776,1906,97,393,490,385,103,43,240,190,1422,696,604,480,98,34
HILLTY01,1999,Tyrone,Hill,PHI,N,68,2155,815,220,405,625,52,64,27,124,243,656,318,259,179,1,0
HOIBEFR01,1999,Fred,Hoiberg,CHI,N,31,845,279,7,103,110,85,40,2,43,66,230,89,76,69,94,32
HOODDE01,1999,Derek,Hood,CHA,N,2,4,0,0,1,1,0,0,0,0,0,3,0,0,0,0,0
HORNAJE01,1999,Jeff,Hornacek,UTA,N,77,2133,953,49,133,182,202,66,16,113,149,728,358,180,171,138,66
HORRYRO01,1999,Robert,Horry,LAL,N,76,1685,436,133,228,361,118,84,80,73,189,363,159,113,89,94,29
HOUSTAL01,1999,Allan,Houston,NYK,N,82,3169,1614,38,233,271,224,65,14,186,219,1271,614,334,280,243,106
HOWARJU01,1999,Juwan,Howard,WAS,N,82,2909,1220,132,338,470,247,67,21,225,299,1108,509,275,202,7,0
HUDSOTR01,1999,Troy,Hudson,LAC,N,62,1592,545,28,120,148,242,43,0,108,65,541,204,95,77,193,60
HUGHELA01,1999,Larry,Hughes,PHI,N,50,1018,501,52,107,159,75,54,12,95,94,461,192,142,106,51,11
HUGHELA01,1999,Larry,Hughes,TOT,N,82,2324,1226,113,236,349,205,115,28,195,191,1147,459,377,279,125,29
HUGHELA01,1999,Larry,Hughes,GSW,N,32,1306,725,61,129,190,130,61,16,100,97,686,267,235,173,74,18
HUGHERI01,1999,Rick,Hughes,DAL,N,21,224,82,24,25,49,9,3,1,14,30,72,35,26,12,1,0
HUNTELI01,1999,Lindsey,Hunter,DET,N,82,2919,1043,35,215,250,327,129,22,145,216,892,379,154,117,389,168
IVERSAL01,1999,Allen,Iverson,PHI,N,70,2853,1989,71,196,267,328,144,5,230,162,1733,729,620,442,261,89
JACKSBO01,1999,Bobby,Jackson,MIN,N,73,1034,369,50,103,153,172,48,7,58,114,346,140,98,76,46,13
JACKSJA01,1999,Jaren,Jackson,SAS,N,81,1691,513,34,147,181,118,54,7,66,157,488,186,51,33,306,108
JACKSJE01,1999,Jermaine,Jackson,DET,N,7,73,7,1,10,11,4,3,0,7,7,11,1,8,5,1,0
JACKSJI01,1999,Jim,Jackson,ATL,N,79,2767,1317,101,293,394,230,57,10,185,167,1235,507,212,186,303,117
JACKSMA01,1999,Mark,Jackson,IND,N,81,2190,660,63,233,296,650,76,10,174,111,570,246,98,79,221,89
JACKSRA02,1999,Randall,Jackson,DAL,N,1,1,0,0,0,0,0,0,0,0,0,0,0,0,0,0,0
JACOBSA01,1999,Sam,Jacobson,LAL,N,3,18,10,0,1,1,2,1,0,2,1,9,5,2,0,0,0
JACOBSA01,1999,Sam,Jacobson,GSW,N,49,663,245,25,45,70,30,29,3,31,112,203,103,39,30,24,9
JACOBSA01,1999,Sam,Jacobson,TOT,N,52,681,255,25,46,71,32,30,3,33,113,212,108,41,30,24,9
JAMESTI01,1999,Tim,James,MIA,N,4,23,11,3,1,4,2,0,3,2,1,14,5,3,1,0,0
JAMISAN01,1999,Antawn,Jamison,GSW,N,43,1556,841,172,187,359,90,30,15,113,115,756,356,208,127,7,2
JAMISHA01,1999,Harold,Jamison,MIA,N,12,74,18,16,5,21,4,2,1,4,17,20,7,18,4,0,0
JOHNSAN02,1999,Anthony,Johnson,TOT,N,56,637,154,21,30,51,72,33,4,32,58,164,62,39,28,11,2
JOHNSAN02,1999,Anthony,Johnson,ATL,N,38,423,92,15,24,39,59,23,2,24,41,103,36,24,19,6,1
JOHNSAN02,1999,Anthony,Johnson,ORL,N,18,214,62,6,6,12,13,10,2,8,17,61,26,15,9,5,1
JOHNSAV01,1999,Avery,Johnson,SAS,N,82,2571,919,33,125,158,491,76,18,140,150,850,402,155,114,9,1
JOHNSDE02,1999,Demarco,Johnson,NYK,N,5,37,6,3,4,7,0,1,0,3,5,9,3,0,0,0,0
JOHNSER01,1999,Ervin,Johnson,MIL,N,80,2129,383,233,415,648,44,81,127,80,298,279,144,157,95,1,0
JOHNSKE01,1999,Kevin,Johnson,PHO,N,6,113,40,0,16,16,24,2,0,7,6,28,16,7,7,1,1
JOHNSLA01,1999,Larry,Johnson,NYK,N,70,2281,750,87,293,380,175,42,7,94,205,652,282,167,128,174,58
JONESCH02,1999,Charles,Jones,LAC,N,56,662,188,17,45,62,94,30,5,28,46,201,66,23,17,118,39
JONESDA01,1999,Damon,Jones,GSW,N,13,196,68,0,16,16,39,6,0,15,13,54,25,9,7,23,11
JONESDA01,1999,Damon,Jones,DAL,N,42,416,165,12,27,39,57,12,1,25,21,154,55,39,25,91,30
JONESDA01,1999,Damon,Jones,TOT,N,55,612,233,12,43,55,96,18,1,40,34,208,80,48,32,114,41
JONESED01,1999,Eddie,Jones,CHA,N,72,2807,1446,81,262,343,305,192,49,160,176,1119,478,419,362,341,128
JONESJU01,1999,Jumaine,Jones,PHI,N,33,138,57,16,22,38,5,6,5,14,10,58,22,18,11,4,2
JONESPO01,1999,Popeye,Jones,DEN,N,40,330,104,41,62,103,19,3,6,13,50,104,44,19,14,3,2
JORDARE01,1999,Reggie,Jordan,WAS,N,36,243,41,16,25,41,32,12,2,19,29,53,17,13,7,1,0
KEEFEAD01,1999,Adam,Keefe,UTA,N,62,604,135,45,91,136,34,17,13,46,90,130,53,36,29,1,0
KEMPSH01,1999,Shawn,Kemp,CLE,N,82,2492,1463,231,494,725,138,100,96,291,371,1160,484,635,493,6,2
KERRST01,1999,Steve,Kerr,SAS,N,32,268,89,3,16,19,12,4,0,7,14,74,32,11,9,31,16
KERSEJE01,1999,Jerome,Kersey,SAS,N,72,1310,321,58,167,225,69,67,47,51,161,354,146,41,29,9,0
KETNELA01,1999,Lari,Ketner,CHI,N,6,41,10,0,7,7,1,1,1,3,8,10,4,2,2,0,0
KETNELA01,1999,Lari,Ketner,CLE,N,16,91,24,12,15,27,0,3,3,7,12,22,9,10,6,0,0
KETNELA01,1999,Lari,Ketner,TOT,N,22,132,34,12,22,34,1,4,4,10,20,32,13,12,8,0,0
KIDDJA01,1999,Jason,Kidd,PHO,N,67,2616,959,96,387,483,678,134,28,226,148,855,350,245,203,166,56
KINGGE03,1999,Gerard,King,WAS,N,62,1060,327,84,166,250,49,34,15,41,132,277,139,66,49,0,0
KITTLKE01,1999,Kerry,Kittles,NJN,N,62,1896,807,46,179,225,142,79,19,56,120,698,305,127,101,240,96
KLEINJO01,1999,Joe,Kleine,POR,N,7,31,11,0,6,6,2,1,0,2,7,11,4,3,3,0,0
KNIGHBR01,1999,Brevin,Knight,CLE,N,65,1754,602,38,155,193,458,107,21,157,185,558,230,184,140,10,2
KNIGHTR01,1999,Travis,Knight,LAL,N,63,410,109,46,83,129,23,6,23,26,88,118,46,28,17,0,0
KUKOCTO01,1999,Toni,Kukoc,TOT,N,56,1784,830,75,198,273,265,77,28,146,112,728,297,265,192,168,44
KUKOCTO01,1999,Toni,Kukoc,PHI,N,32,916,398,38,105,143,141,33,9,71,61,340,149,110,74,90,26
KUKOCTO01,1999,Toni,Kukoc,CHI,N,24,868,432,37,93,130,124,44,19,75,51,388,148,155,118,78,18
LAETTCH01,1999,Christian,Laettner,DET,N,82,2443,1002,175,378,553,186,83,45,186,326,801,379,292,237,24,7
LAFRERA01,1999,Raef,Lafrentz,DEN,N,81,2435,1006,170,471,641,97,42,180,96,292,879,392,236,162,183,60
LANGAN01,1999,Andrew,Lang,NYK,N,19,244,59,16,44,60,3,8,6,5,31,64,28,7,3,0,0
LANGAN02,1999,Antonio,Lang,TOR,N,7,32,3,0,5,5,1,4,1,1,7,5,0,4,3,0,0
LANGAN02,1999,Antonio,Lang,PHI,N,3,6,3,0,0,0,1,0,0,0,1,1,1,1,1,0,0
LANGAN02,1999,Antonio,Lang,TOT,N,10,38,6,0,5,5,2,4,1,1,8,6,1,5,4,0,0
LANGDTR01,1999,Trajan,Langdon,CLE,N,10,145,49,4,11,15,11,5,0,6,16,40,15,11,11,19,8
LARUERU01,1999,Rusty,Larue,CHI,N,4,129,37,1,9,10,11,7,0,7,9,43,15,7,5,14,2
LEGLETI01,1999,Tim,Legler,GSW,N,23,284,77,4,19,23,24,4,1,6,33,78,28,18,14,21,7
LENARVO01,1999,Voshon,Lenard,MIA,N,53,1434,629,37,116,153,136,41,15,80,127,560,228,106,84,228,89
LEWISQU01,1999,Quincy,Lewis,UTA,N,74,896,283,46,67,113,40,24,15,46,158,298,111,52,38,63,23
LEWISRA01,1999,Rashard,Lewis,SEA,N,82,1575,674,127,209,336,70,62,36,78,163,566,275,123,84,120,40
LIVINRA01,1999,Randy,Livingston,PHO,N,79,1081,381,25,105,130,170,49,13,92,129,373,155,62,52,55,19
LONGGR01,1999,Grant,Long,VAN,N,42,920,203,86,148,234,43,45,10,49,108,167,74,71,55,4,0
LONGLLU01,1999,Luc,Longley,PHO,N,72,1417,452,100,223,323,77,22,42,136,221,399,186,97,80,0,0
LOPEZFE01,1999,Felipe,Lopez,VAN,N,65,781,292,59,65,124,44,32,17,53,94,261,111,109,67,18,3
LUETY01,1999,Tyronn,Lue,LAL,N,8,146,48,2,10,12,17,3,0,9,17,39,19,8,6,8,4
LYNCHGE01,1999,George,Lynch,PHI,N,75,2416,722,216,366,582,136,119,38,120,231,644,297,183,113,36,15
MACCUTO01,1999,Todd,Macculloch,PHI,N,56,528,206,48,98,146,13,11,37,26,94,161,89,54,28,0,0
MACKSA01,1999,Sam,Mack,GSW,N,23,333,114,7,32,39,24,18,1,19,45,122,37,20,19,64,21
MACLEDO01,1999,Don,Maclean,PHO,N,16,143,42,6,17,23,8,2,1,8,24,49,18,6,4,6,2
MAGGECO01,1999,Corey,Maggette,ORL,N,77,1370,646,123,180,303,61,24,26,138,169,469,224,261,196,11,2
MAJERDA01,1999,Dan,Majerle,MIA,N,69,2308,506,27,306,333,206,89,17,62,156,422,170,69,56,304,110
MALONKA01,1999,Karl,Malone,UTA,N,82,2947,2095,169,610,779,304,79,71,231,229,1476,752,739,589,8,2
MALONMA01,1999,Matt,Maloney,CHI,N,51,1175,327,10,54,64,138,32,3,63,42,318,114,45,37,174,62
MANNIDA01,1999,Danny,Manning,MIL,N,72,1217,333,50,158,208,73,62,29,55,183,339,149,52,34,4,1
MARBUST01,1999,Stephon,Marbury,NJN,N,74,2881,1640,61,179,240,622,112,15,270,195,1317,569,536,436,233,66
MARIOSH01,1999,Shawn,Marion,PHO,N,51,1260,520,105,227,332,69,38,53,51,113,471,222,85,72,22,4
MARKSSE01,1999,Sean,Marks,TOR,N,5,12,8,0,2,2,0,1,1,3,3,6,2,4,4,1,0
MARSHDO01,1999,Donyell,Marshall,GSW,N,64,2071,910,189,448,637,167,68,68,123,180,840,331,255,199,138,49
MARSHDO02,1999,Donny,Marshall,CLE,N,6,39,11,0,1,1,0,2,0,3,7,11,3,6,5,3,0
MARTIDA01,1999,Darrick,Martin,SAC,N,71,893,402,7,37,44,122,28,2,62,89,350,133,119,98,124,38
MASHBJA01,1999,Jamal,Mashburn,MIA,N,76,2828,1328,64,317,381,298,79,14,180,215,1158,515,239,186,278,112
MASONAN01,1999,Anthony,Mason,CHA,N,82,3133,948,145,554,699,367,74,29,160,220,661,317,421,314,1,0
MASSETO01,1999,Tony,Massenburg,HOU,N,10,109,46,7,20,27,3,2,5,9,13,36,16,16,14,0,0
MAXWEVE01,1999,Vernon,Maxwell,SEA,N,47,989,513,15,64,79,75,38,9,53,83,490,169,148,108,223,67
MCCARWA01,1999,Walter,Mccarty,BOS,N,61,879,229,33,77,110,70,24,23,67,83,230,78,54,39,110,34
MCCLOGE01,1999,George,Mccloud,DEN,N,78,2118,787,72,213,285,246,48,26,134,180,638,266,181,148,283,107
MCCOYJE01,1999,Jelani,Mccoy,SEA,N,58,746,249,54,125,179,24,15,46,45,127,177,102,91,45,0,0
MCDYEAN01,1999,Antonio,Mcdyess,DEN,N,81,2698,1551,234,451,685,159,69,139,230,316,1211,614,516,323,2,0
MCGRATR01,1999,Tracy,Mcgrady,TOR,N,79,2462,1213,188,313,501,263,90,151,160,201,1018,459,392,277,65,18
MCILVJI01,1999,Jim,Mcilvaine,NJN,N,66,1048,157,106,124,230,36,26,117,38,205,154,64,56,29,0,0
MCINNJE01,1999,Jeff,Mcinnis,LAC,N,25,597,180,18,54,72,89,15,2,27,55,186,80,17,13,21,7
MCKEYDE01,1999,Derrick,Mckey,IND,N,32,634,139,29,106,135,35,29,13,19,81,108,43,56,43,23,10
MCKIEAA01,1999,Aaron,Mckie,PHI,N,82,1952,653,47,199,246,240,108,18,113,194,593,244,146,121,121,44
MCLEORO01,1999,Roshown,Mcleod,ATL,N,44,860,318,41,97,138,52,16,5,59,84,332,131,70,54,13,2
MERCERO01,1999,Ron,Mercer,TOT,N,68,2377,1148,64,186,250,158,75,23,151,151,1080,460,270,213,48,15
MERCERO01,1999,Ron,Mercer,DEN,N,37,1408,678,29,123,152,104,33,15,87,75,612,272,151,119,39,15
MERCERO01,1999,Ron,Mercer,ORL,N,31,969,470,35,63,98,54,42,8,64,76,468,188,119,94,9,0
MILLEAN01,1999,Anthony,Miller,HOU,N,35,476,130,49,115,164,16,11,10,19,68,97,52,51,26,0,0
MILLEAN02,1999,Andre,Miller,CLE,N,82,2093,914,85,195,280,476,84,17,166,194,755,339,292,226,49,10
MILLEBR01,1999,Brad,Miller,CHA,N,55,961,423,113,180,293,45,23,35,48,111,293,135,195,153,2,0
MILLEOL01,1999,Oliver,Miller,PHO,N,51,1088,323,87,174,261,68,42,80,74,132,233,137,73,49,0,0
MILLERE01,1999,Reggie,Miller,IND,N,81,2987,1470,50,189,239,187,85,25,129,126,1041,466,406,373,404,165
MILLSCH01,1999,Chris,Mills,GSW,N,20,649,322,46,77,123,47,18,4,25,60,292,123,84,68,30,8
MILLSTE01,1999,Terry,Mills,DET,N,82,1842,548,50,340,390,85,38,24,46,242,488,214,34,25,242,95
MISKIJA01,1999,Jason,Miskiri,CHA,N,1,3,0,0,0,0,1,0,0,0,2,1,0,0,0,1,0
MITCHSA01,1999,Sam,Mitchell,MIN,N,66,1227,427,28,110,138,111,27,14,44,116,376,168,92,81,23,10
MOBLECU01,1999,Cuttino,Mobley,HOU,N,81,2496,1277,59,229,288,208,87,32,186,171,1016,437,353,299,292,104
MOHAMNA01,1999,Nazr,Mohammed,PHI,N,28,190,54,16,34,50,2,4,12,18,29,54,21,22,12,0,0
MONTRER01,1999,Eric,Montross,DET,N,51,332,40,18,54,72,7,6,9,22,81,55,17,12,6,0,0
MOOREMI01,1999,Mikki,Moore,DET,N,29,488,228,44,68,112,17,9,31,23,104,140,87,68,54,0,0
MOURNAL01,1999,Alonzo,Mourning,MIA,N,79,2748,1718,215,538,753,123,40,294,217,308,1184,652,582,414,4,0
MULLICH01,1999,Chris,Mullin,IND,N,47,582,242,14,62,76,37,28,9,28,60,187,80,41,37,110,45
MURDOER01,1999,Eric,Murdock,LAC,N,40,693,225,15,62,77,108,47,5,58,67,205,79,80,51,42,16
MURESGH01,1999,Gheorghe,Muresan,NJN,N,30,267,105,24,44,68,9,0,12,16,52,90,41,38,23,0,0
MURRALA01,1999,Lamond,Murray,CLE,N,74,2365,1175,127,296,423,132,105,36,184,208,1019,460,268,204,139,51
MURRATR01,1999,Tracy,Murray,WAS,N,80,1831,813,63,208,271,72,45,24,84,185,670,290,141,120,263,113
MUTOMDI01,1999,Dikembe,Mutombo,ATL,N,82,2984,942,304,853,1157,105,27,269,174,248,573,322,421,298,0,0
NASHST01,1999,Steve,Nash,DAL,N,56,1532,481,34,87,121,272,37,3,102,122,363,173,85,75,149,60
NESBYTY01,1999,Tyrone,Nesby,LAC,N,73,2317,973,82,193,275,121,75,31,102,205,915,364,191,151,281,94
NESTERA01,1999,Radoslav,Nesterovic,MIN,N,82,1723,471,135,244,379,93,21,85,71,262,433,206,103,59,2,0
NEWMAJO01,1999,Johnny,Newman,NJN,N,82,1763,820,39,115,154,65,53,11,89,207,623,278,229,192,190,72
NORRIMO01,1999,Moochie,Norris,HOU,N,30,502,207,16,52,68,94,23,1,30,32,159,69,73,57,29,12
NOWITDI01,1999,Dirk,Nowitzki,DAL,N,82,2938,1435,102,430,532,203,63,68,141,256,1118,515,348,289,306,116
OAKLECH01,1999,Charles,Oakley,TOR,N,80,2431,548,117,423,540,253,102,45,154,294,560,234,85,66,41,14
ODOMLA01,1999,Lamar,Odom,LAC,N,76,2767,1259,159,436,595,317,91,95,258,291,1024,449,420,302,164,59
OLAJUHA01,1999,Hakeem,Olajuwon,HOU,N,44,1049,455,65,209,274,61,41,70,73,88,421,193,112,69,2,0
OLLIEKE01,1999,Kevin,Ollie,PHI,N,40,290,72,4,27,31,46,10,0,10,27,49,22,37,28,0,0
OLOWOMI01,1999,Michael,Olowokandi,LAC,N,80,2493,783,194,462,656,38,35,140,177,304,756,330,189,123,0,0
ONEAJE01,1999,Jermaine,O'neal,POR,N,70,859,273,97,132,229,18,11,55,47,127,222,108,98,57,1,0
ONEASH01,1999,Shaquille,O'neal,LAL,N,79,3163,2344,336,742,1078,299,36,239,223,255,1665,956,824,432,1,0
OSTERGR01,1999,Greg,Ostertag,UTA,N,81,1606,367,172,310,482,18,20,172,79,196,267,124,187,119,1,0
OUTLABO01,1999,Bo,Outlaw,ORL,N,82,2336,491,202,338,540,245,114,148,129,201,343,206,159,79,3,0
OVERTDO01,1999,Doug,Overton,BOS,N,48,432,152,14,19,33,53,10,0,20,46,154,61,21,20,28,10
OWENSBI01,1999,Billy,Owens,GSW,N,16,386,103,36,73,109,38,7,5,24,47,100,38,42,25,7,2
OWENSBI01,1999,Billy,Owens,PHI,N,46,919,271,63,129,192,59,26,16,61,119,258,112,64,38,27,9
OWENSBI01,1999,Billy,Owens,TOT,N,62,1305,374,99,202,301,97,33,21,85,166,358,150,106,63,34,11
PACKRO01,1999,Robert,Pack,DAL,N,29,665,259,7,35,42,168,31,3,76,44,230,96,78,63,11,4
PADGESC01,1999,Scott,Padgett,UTA,N,47,432,120,24,64,88,25,14,8,22,55,140,44,27,19,44,13
PALACMI01,1999,Milt,Palacio,VAN,N,53,394,108,17,34,51,48,20,0,44,32,98,43,37,22,2,0
PARKEAN01,1999,Anthony,Parker,ORL,N,17,186,57,0,27,27,10,8,4,11,13,57,24,11,8,14,1
PARKSCH01,1999,Cherokee,Parks,VAN,N,56,808,168,55,128,183,35,29,45,28,115,145,72,37,24,1,0
PATTEAN01,1999,Andrae,Patterson,MIN,N,5,20,6,1,1,2,1,1,0,1,4,4,3,0,0,0,0
PATTERU01,1999,Ruben,Patterson,SEA,N,81,2097,942,218,216,434,126,94,40,144,190,661,354,321,222,27,12
PAYTOGA01,1999,Gary,Payton,SEA,N,82,3425,1982,100,429,529,732,153,18,224,178,1666,747,423,311,520,177
PEELEAN01,1999,Anthony,Peeler,MIN,N,82,2073,804,58,174,232,195,62,10,85,171,725,316,109,87,255,85
PERDUWI01,1999,Will,Perdue,CHI,N,67,1012,168,88,174,262,65,14,42,78,126,168,59,105,50,0,0
PERKISA01,1999,Sam,Perkins,IND,N,81,1620,537,64,225,289,68,31,33,63,136,441,184,97,80,218,89
PERRYEL01,1999,Elliot,Perry,NJN,N,60,803,317,13,48,61,139,39,1,60,47,294,128,62,50,39,11
PERSOCH01,1999,Chuck,Person,SEA,N,37,340,102,6,47,53,22,5,2,12,56,123,37,8,4,95,24
PERSOWE01,1999,Wesley,Person,CLE,N,79,2056,727,44,223,267,146,40,19,60,119,654,280,77,61,250,106
PHILLBO01,1999,Bobby,Phills,CHA,N,28,825,381,17,54,71,79,41,8,48,72,335,152,65,47,91,30
PIATKER01,1999,Eric,Piatkowski,LAC,N,75,1712,654,74,148,222,81,44,13,57,140,573,238,100,85,243,93
PIERCPA01,1999,Paul,Pierce,BOS,N,73,2583,1427,83,313,396,221,152,62,178,237,1099,486,450,359,280,96
PIPPESC01,1999,Scottie,Pippen,POR,N,82,2749,1022,114,399,513,406,117,41,208,208,860,388,223,160,263,86
POLLASC01,1999,Scot,Pollard,SAC,N,76,1336,412,168,236,404,43,55,59,50,213,283,149,159,114,0,0
POLYNOL01,1999,Olden,Polynice,UTA,N,82,1819,435,166,287,453,37,30,84,70,260,398,203,90,28,2,1
PORTETE01,1999,Terry,Porter,SAS,N,68,1613,641,24,167,191,221,50,9,100,79,463,207,170,137,207,90
POSEYJA01,1999,James,Posey,DEN,N,81,2052,662,85,232,317,146,98,33,95,207,536,230,150,120,220,82
POTAPVI01,1999,Vitaly,Potapenko,BOS,N,79,1797,723,182,317,499,77,41,29,145,239,615,307,160,109,1,0
PRICEBR01,1999,Brent,Price,VAN,N,41,424,141,8,29,37,69,17,1,47,63,119,41,39,34,68,25
PROFILA01,1999,Laron,Profit,WAS,N,33,225,49,2,24,26,25,7,4,19,26,59,21,10,4,17,3
RADOJAL01,1999,Alex,Radojevic,TOR,N,3,24,7,2,6,8,1,2,1,5,5,7,2,6,3,0,0
RATLITH01,1999,Theo,Ratliff,PHI,N,57,1795,676,140,295,435,36,32,171,108,185,491,247,236,182,0,0
RECASEL01,1999,Eldridge,Recasner,CHA,N,7,28,7,0,4,4,5,0,0,0,1,7,3,0,0,4,1
REEVEBR01,1999,Bryant,Reeves,VAN,N,69,1773,611,126,264,390,82,33,38,119,245,562,252,165,107,4,0
REEVEKH01,1999,Khalid,Reeves,CHI,N,3,48,11,2,2,4,13,2,0,6,8,12,3,5,5,3,0
REIDDO01,1999,Don,Reid,DET,N,21,165,35,5,20,25,1,5,12,11,45,34,16,6,3,0,0
REIDDO01,1999,Don,Reid,TOT,N,38,498,144,31,71,102,11,24,31,23,118,112,60,34,24,0,0
REIDDO01,1999,Don,Reid,WAS,N,17,333,109,26,51,77,10,19,19,12,73,78,44,28,21,0,0
REIDJR01,1999,J.r.,Reid,MIL,N,34,602,150,29,88,117,18,19,5,20,81,127,53,56,43,7,1
RHODERO01,1999,Rodrick,Rhodes,DAL,N,1,8,0,1,0,1,0,2,0,2,0,3,0,0,0,0,0
RICEGL01,1999,Glen,Rice,LAL,N,80,2530,1272,56,271,327,176,47,12,114,179,980,421,396,346,229,84
RICHMMI01,1999,Mitch,Richmond,WAS,N,74,2397,1285,37,176,213,185,110,13,154,191,1049,447,340,298,241,93
RIDERIS01,1999,Isaiah,Rider,ATL,N,60,2084,1158,63,195,258,219,41,6,168,132,1072,449,260,204,180,56
ROBERRY01,1999,Ryan,Robertson,SAC,N,1,25,5,0,0,0,0,0,0,0,0,6,2,1,1,2,0
ROBERST01,1999,Stanley,Roberts,PHI,N,5,51,10,6,9,15,3,1,1,2,15,16,5,3,0,1,0
ROBINCL02,1999,Clifford,Robinson,PHO,N,80,2839,1478,105,254,359,224,90,61,166,239,1142,530,381,298,324,120
ROBINDA01,1999,David,Robinson,SAS,N,80,2557,1427,193,577,770,142,97,183,164,247,1031,528,511,371,2,0
ROBINED01,1999,Eddie,Robinson,CHA,N,67,1112,471,54,130,184,32,48,25,39,67,386,212,64,47,4,0
ROBINGL01,1999,Glenn,Robinson,MIL,N,81,2909,1693,107,378,485,193,78,41,223,212,1461,690,283,227,237,86
RODMADE01,1999,Dennis,Rodman,DAL,N,12,389,34,48,123,171,14,2,1,19,41,31,12,14,10,1,0
ROGERCA01,1999,Carlos,Rogers,HOU,N,53,1101,422,98,177,275,42,14,34,63,77,324,170,137,81,14,1
ROGERRO01,1999,Rodney,Rogers,PHO,N,82,2286,1130,138,309,447,170,94,47,163,290,881,428,249,159,262,115
ROGERRO02,1999,Roy,Rogers,DEN,N,40,355,89,33,47,80,9,2,38,10,36,88,35,41,19,1,0
ROOKSSE01,1999,Sean,Rooks,DAL,N,71,1001,309,82,166,248,68,29,52,70,169,283,122,89,65,0,0
ROSEJA01,1999,Jalen,Rose,IND,N,80,2978,1457,42,345,387,320,84,49,188,234,1196,563,307,254,196,77
ROSEMA01,1999,Malik,Rose,SAS,N,74,1341,496,133,202,335,47,35,52,99,232,385,176,198,143,3,1
RUFFIMI01,1999,Michael,Ruffin,CHI,N,71,975,159,117,133,250,44,26,26,59,170,138,58,88,43,0,0
RUSSEBR01,1999,Bryon,Russell,UTA,N,82,2900,1159,99,328,427,158,128,23,101,255,914,408,316,237,268,106
SABONAR01,1999,Arvydas,Sabonis,POR,N,66,1688,778,97,416,513,118,43,78,97,184,598,302,198,167,19,7
SALLEJO01,1999,John,Salley,LAL,N,45,303,71,20,45,65,26,8,14,18,67,69,25,28,21,0,0
SCHREDE01,1999,Detlef,Schrempf,POR,N,77,1662,574,79,253,332,197,37,17,100,182,433,187,215,179,52,21
SCOTTDE01,1999,Dennis,Scott,VAN,N,66,1263,369,16,90,106,69,28,9,30,104,333,125,57,48,189,71
SEALYMA01,1999,Malik,Sealy,MIN,N,82,2392,929,119,233,352,197,76,19,110,197,780,371,218,177,35,10
SHAWBR01,1999,Brian,Shaw,LAL,N,74,1249,305,45,171,216,201,35,14,75,105,322,123,54,41,58,18
SIMPKDI01,1999,Dickey,Simpkins,CHI,N,69,1651,287,124,248,372,100,22,22,128,217,274,111,120,65,1,0
SKINNBR01,1999,Brian,Skinner,LAC,N,33,775,179,63,138,201,11,16,44,37,75,134,68,65,43,0,0
SMITHJO01,1999,Joe,Smith,MIN,N,78,1975,774,186,298,484,88,45,85,119,302,623,289,258,195,1,1
SMITHMI01,1999,Michael,Smith,WAS,N,46,1145,289,121,210,331,56,27,23,45,127,192,108,101,73,1,0
SMITHST01,1999,Steve,Smith,POR,N,82,2689,1225,123,190,313,209,71,31,117,214,900,420,340,289,241,96
SMITSRI01,1999,Rik,Smits,IND,N,79,1852,1018,94,307,401,85,20,100,108,249,890,431,211,156,1,0
SNOWER01,1999,Eric,Snow,PHI,N,82,2866,651,42,219,261,624,140,8,162,243,597,257,177,126,45,11
SPENCFE01,1999,Felton,Spencer,SAS,N,26,149,50,15,24,39,3,6,8,9,32,33,15,30,20,0,0
SPREWLA01,1999,Latrell,Sprewell,NYK,N,82,3276,1524,49,300,349,332,109,22,226,184,1305,568,397,344,127,44
STACKJE01,1999,Jerry,Stackhouse,DET,N,82,3148,1939,118,197,315,365,103,36,311,188,1447,619,758,618,288,83
STACKRY01,1999,Ryan,Stack,CLE,N,25,198,52,15,30,45,5,4,11,17,47,51,17,27,18,1,0
STARKJO01,1999,John,Starks,CHI,N,4,82,30,0,10,10,11,5,1,3,9,34,11,5,5,10,3
STARKJO01,1999,John,Starks,GSW,N,33,1108,485,10,81,91,170,37,3,64,93,508,192,54,45,161,56
STARKJO01,1999,John,Starks,TOT,N,37,1190,515,10,91,101,181,42,4,67,102,542,203,59,50,171,59
STEPAVL01,1999,Vladimir,Stepania,SEA,N,30,202,75,21,26,47,3,10,11,22,44,79,29,36,17,6,0
STEPHJO01,1999,Joe,Stephens,VAN,N,13,181,41,13,23,36,11,7,3,6,9,51,19,4,3,8,0
STEWAMI01,1999,Michael,Stewart,TOR,N,42,389,58,33,61,94,6,5,19,17,81,53,20,32,18,0,0
STITHBR01,1999,Bryant,Stith,DEN,N,45,691,253,23,61,84,61,18,12,33,56,189,86,77,64,56,17
STOCKJO01,1999,John,Stockton,UTA,N,82,2432,990,45,170,215,703,143,15,179,192,725,363,257,221,121,43
STOJAPR01,1999,Predrag,Stojakovic,SAC,N,74,1749,877,74,202,276,106,52,7,88,97,717,321,153,135,267,100
STOUDDA01,1999,Damon,Stoudamire,POR,N,78,2372,974,61,182,243,405,77,1,149,173,894,386,145,122,212,80
STRICER01,1999,Erick,Strickland,DAL,N,68,2025,867,69,254,323,211,105,13,102,190,730,316,195,162,186,73
STRICMA01,1999,Mark,Strickland,MIA,N,58,663,284,44,96,140,22,15,18,24,68,224,122,56,40,0,0
STRICRO01,1999,Rod,Strickland,WAS,N,69,2188,869,73,186,259,519,94,18,187,147,762,327,305,214,21,1
STRONDE01,1999,Derek,Strong,ORL,N,20,148,54,11,33,44,4,5,2,12,15,48,21,14,11,4,1
SUNDOBR01,1999,Bruno,Sundov,DAL,N,14,61,26,5,7,12,2,2,2,4,16,31,12,2,2,0,0
SURABO01,1999,Bob,Sura,CLE,N,73,2216,1009,50,238,288,284,91,19,148,201,815,356,251,175,332,122
SZCZEWA01,1999,Wally,Szczerbiak,MIN,N,73,2171,845,89,183,272,201,58,23,83,175,669,342,161,133,78,28
TABAKZA01,1999,Zan,Tabak,IND,N,18,114,37,16,16,32,4,3,9,11,13,34,16,8,5,0,0
TAYLOJO01,1999,Johnny,Taylor,DEN,N,1,5,0,0,1,1,0,0,0,0,1,2,0,9,0,0,0
TAYLOJO01,1999,Johnny,Taylor,TOT,N,6,34,11,2,4,6,1,1,1,2,5,14,5,9,0,1,1
TAYLOJO01,1999,Johnny,Taylor,ORL,N,5,29,11,2,3,5,1,1,1,2,4,12,5,0,0,1,1
TAYLOMA01,1999,Maurice,Taylor,LAC,N,62,2227,1060,96,304,400,101,51,48,169,217,988,458,201,143,8,1
TERRYJA01,1999,Jason,Terry,ATL,N,81,1888,657,24,142,166,346,90,10,156,133,600,249,140,113,157,46
THOMAJA01,1999,Jamel,Thomas,GSW,N,4,27,6,1,2,3,4,1,0,4,2,8,3,0,0,2,0
THOMAJA01,1999,Jamel,Thomas,BOS,N,3,19,11,1,1,2,2,0,0,1,0,10,5,1,1,1,0
THOMAJA01,1999,Jamel,Thomas,TOT,N,7,46,17,2,3,5,6,1,0,5,2,18,8,1,1,3,0
THOMAJO01,1999,John,Thomas,TOR,N,55,477,114,37,38,75,9,12,14,14,106,107,49,41,16,1,0
THOMAKE01,1999,Kenny,Thomas,HOU,N,72,1797,594,147,290,437,113,54,22,112,167,531,212,209,138,122,32
THOMAKU01,1999,Kurt,Thomas,NYK,N,80,1971,641,144,361,505,82,51,42,105,278,535,270,128,100,3,1
THOMATI01,1999,Tim,Thomas,MIL,N,80,2093,945,100,232,332,113,59,31,129,227,753,347,243,188,182,63
THORPOT01,1999,Otis,Thorpe,MIA,N,51,777,279,56,110,166,33,26,9,59,136,243,125,48,29,3,0
TRAYLRO01,1999,Robert,Traylor,MIL,N,44,447,157,50,65,115,20,25,25,27,79,122,58,68,41,4,0
TRENTGA01,1999,Gary,Trent,DAL,N,11,301,151,20,32,52,22,8,3,25,28,142,70,21,11,2,0
TURKCMI01,1999,Mirsad,Turkcan,NYK,N,7,25,4,2,8,10,1,2,0,1,4,10,2,0,0,2,0
TURKCMI01,1999,Mirsad,Turkcan,TOT,N,17,90,33,13,20,33,5,3,1,8,14,38,14,8,5,6,0
TURKCMI01,1999,Mirsad,Turkcan,MIL,N,10,65,29,11,12,23,4,1,1,7,10,28,12,8,5,4,0
TURNEWA01,1999,Wayne,Turner,BOS,N,3,41,4,1,2,3,5,0,0,3,4,6,1,6,2,0,0
VANEXNI01,1999,Nick,Vanexel,DEN,N,79,2950,1275,34,277,311,714,68,11,221,148,1213,473,240,196,401,133
VANHOKE01,1999,Keith,Vanhorn,NJN,N,80,2782,1535,200,476,676,158,64,60,245,258,1257,559,393,333,228,84
VAUGHJA01,1999,Jacque,Vaughn,UTA,N,78,884,289,11,54,65,121,32,0,77,92,262,109,76,57,34,14
VAUGHLO01,1999,Loy,Vaught,DET,N,43,292,75,26,65,91,11,6,4,11,45,89,32,16,11,3,0
VINSOFR01,1999,Fred,Vinson,SEA,N,8,40,13,0,1,1,0,3,0,4,2,17,5,2,1,7,2
WALKEAN01,1999,Antoine,Walker,BOS,N,82,3003,1680,199,453,652,305,117,32,259,263,1506,648,445,311,285,73
WALKESA01,1999,Samaki,Walker,SAS,N,71,980,360,77,195,272,38,10,35,64,108,305,137,126,86,0,0
WALLABE01,1999,Ben,Wallace,ORL,N,81,1951,389,211,439,650,67,71,130,71,164,330,166,117,57,0,0
WALLAJO01,1999,John,Wallace,NYK,N,60,798,392,42,93,135,22,10,14,63,103,332,155,102,82,3,0
WALLARA01,1999,Rasheed,Wallace,POR,N,81,2845,1325,129,437,566,142,87,107,157,216,1045,542,331,233,50,8
WALTERE01,1999,Rex,Walters,MIA,N,33,389,93,8,28,36,65,6,0,29,44,91,38,16,12,20,5
WARDCH01,1999,Charlie,Ward,NYK,N,72,1986,528,22,206,228,300,95,16,102,176,447,189,58,48,264,102
WEATHCL01,1999,Clarence,Weatherspoon,MIA,N,78,1615,565,128,321,449,93,51,49,100,165,419,215,183,135,0,0
WEBBECH01,1999,Chris,Webber,SAC,N,75,2880,1834,189,599,788,345,120,128,218,264,1548,748,414,311,95,27
WELLSBO01,1999,Bonzi,Wells,POR,N,66,1162,580,78,104,182,97,69,12,97,153,480,236,129,88,53,20
WENNIBI01,1999,Bill,Wennington,SAC,N,7,56,14,5,14,19,1,2,2,1,13,20,6,2,2,0,0
WESLEDA01,1999,David,Wesley,CHA,N,82,2760,1116,39,186,225,463,109,11,159,186,955,407,275,214,248,88
WESTDO01,1999,Doug,West,VAN,N,38,581,152,18,53,71,43,12,8,19,80,145,59,40,34,3,0
WESTMA01,1999,Mark,West,PHO,N,22,127,15,6,25,31,2,2,4,6,23,12,5,8,5,0,0
WHITEJA01,1999,Jahidi,White,WAS,N,80,1537,569,202,351,553,15,31,83,94,234,450,228,211,113,0,0
WHITNCH01,1999,Chris,Whitney,WAS,N,82,1627,642,20,114,134,313,55,5,107,166,521,217,132,112,255,96
WILLIAA01,1999,Aaron,Williams,WAS,N,81,1545,616,159,250,409,58,43,92,80,234,450,235,201,146,3,0
WILLIAL01,1999,Alvin,Williams,TOR,N,55,779,292,27,58,85,126,34,11,47,78,287,114,65,48,55,16
WILLICO02,1999,Corliss,Williamson,SAC,N,76,1707,785,122,168,290,82,38,19,110,192,622,311,212,163,0,0
WILLIER01,1999,Eric,Williams,BOS,N,68,1378,489,55,101,156,93,44,16,66,165,386,165,169,134,72,25
WILLIJA02,1999,Jason,Williams,SAC,N,81,2760,999,22,208,230,589,117,8,296,140,973,363,170,128,505,145
WILLIJE01,1999,Jerome,Williams,DET,N,82,2102,689,277,512,789,68,95,21,105,196,456,257,284,175,3,0
WILLIKE01,1999,Kevin,Willis,TOR,N,79,1679,604,201,281,482,49,36,48,98,256,569,236,164,131,3,1
WILLILO01,1999,Lorenzo,Williams,WAS,N,8,76,14,12,13,25,1,3,6,3,13,9,7,0,0,0,0
WILLIMO01,1999,Monty,Williams,ORL,N,75,1501,651,96,154,250,106,46,17,109,187,538,263,166,123,5,2
WILLISC01,1999,Scott,Williams,MIL,N,68,1488,518,177,271,448,28,40,66,65,230,425,212,129,94,0,0
WILLISH01,1999,Shammond,Williams,SEA,N,43,517,225,12,40,52,78,18,0,40,39,225,84,51,33,81,24
WILLIWA01,1999,Walt,Williams,HOU,N,76,1859,827,69,237,306,157,49,44,113,190,681,312,123,101,261,102
WILLODE01,1999,Dedri,Willoughby,CHI,N,25,508,190,11,40,51,66,23,2,37,32,179,61,51,39,98,29
WINGADA01,1999,David,Wingate,NYK,N,7,32,2,1,1,2,3,1,2,2,7,9,1,0,0,0,0
WORKMHA01,1999,Haywoode,Workman,MIL,N,23,248,66,1,16,17,44,11,0,14,23,62,23,13,9,29,11
WORKMHA01,1999,Haywoode,Workman,TOR,N,13,102,20,0,9,9,17,9,0,4,14,28,8,2,1,14,3
WORKMHA01,1999,Haywoode,Workman,TOT,N,36,350,86,1,25,26,61,20,0,18,37,90,31,15,10,43,14
WRIGHLO02,1999,Lorenzen,Wright,ATL,N,75,1205,448,117,188,305,21,29,40,66,203,361,180,135,87,3,1
YOUNGTI01,1999,Tim,Young,GSW,N,25,137,54,13,22,35,5,2,1,9,18,39,13,36,28,0,0
ABDULMA01,2000,Mahmo,Abdul-rauf,VAN,N,41,486,266,5,20,25,76,9,1,26,50,246,120,29,22,14,4
ABDULTA01,2000,Tariq,Abdul-wahad,DEN,N,29,420,111,14,45,59,22,14,13,34,54,111,43,36,21,10,4
ABDURSH01,2000,Shareef,Abdur-rahim,VAN,N,81,3241,1663,175,560,735,250,90,77,231,238,1280,604,531,443,64,12
ALEXACO01,2000,Cory,Alexander,ORL,N,24,222,52,0,25,25,36,16,0,25,29,56,18,18,12,16,4
ALEXACO02,2000,Courtney,Alexander,WAS,N,27,910,458,22,58,80,41,29,2,54,63,395,177,105,90,36,14
ALEXACO02,2000,Courtney,Alexander,DAL,N,38,472,160,20,43,63,21,16,3,21,76,178,62,45,33,10,3
ALEXACO02,2000,Courtney,Alexander,TOT,N,65,1382,618,42,101,143,62,45,5,75,139,573,239,150,123,46,17
ALLENRA02,2000,Ray,Allen,MIL,N,82,3129,1806,101,327,428,374,124,20,204,192,1309,628,392,348,467,202
ALSTORA01,2000,Rafer,Alston,MIL,N,37,288,77,4,27,31,68,13,0,20,27,84,30,13,9,30,8
AMAECJO01,2000,John,Amaechi,ORL,N,82,1710,650,77,191,268,74,28,29,124,175,592,237,279,176,7,0
ANDERDE01,2000,Derek,Anderson,SAS,N,82,2859,1269,75,288,363,301,120,14,165,188,993,413,402,342,253,101
ANDERKE02,2000,Kenny,Anderson,BOS,N,33,849,246,16,57,73,134,44,2,52,62,227,88,71,59,33,11
ANDERNI01,2000,Nick,Anderson,SAC,N,21,169,38,3,22,25,13,10,4,7,13,57,14,0,0,39,10
ANDERSH01,2000,Shandon,Anderson,HOU,N,82,2396,710,72,261,333,189,82,40,131,202,590,263,188,138,170,46
ANTHOGR01,2000,Greg,Anthony,POR,N,58,856,282,21,40,61,82,40,3,43,63,253,97,35,23,159,65
ARMSTDA01,2000,Darrell,Armstrong,ORL,N,75,2767,1189,94,249,343,524,135,13,200,155,1002,413,249,220,403,143
ARTESRO01,2000,Ron,Artest,CHI,N,76,2363,907,59,235,294,228,152,45,159,254,815,327,280,210,148,43
ATKINCH01,2000,Chucky,Atkins,DET,N,81,2363,971,28,145,173,330,67,5,149,184,952,380,130,90,339,121
AUGMOST01,2000,Stacey,Augmon,POR,N,66,1182,311,60,99,159,98,48,21,48,105,266,127,87,57,4,0
AUSTIIS01,2000,Isaac,Austin,VAN,N,52,845,226,50,172,222,58,20,23,54,94,270,96,40,28,24,6
AVERYWI01,2000,William,Avery,MIN,N,55,463,154,5,24,29,75,13,4,45,48,144,55,36,28,59,16
BAGARDA01,2000,Dalibor,Bagaric,CHI,N,35,259,47,22,34,56,10,9,16,21,44,65,17,28,13,1,0
BAKERVI01,2000,Vin,Baker,SEA,N,76,2129,927,179,251,430,90,38,73,158,264,822,347,321,232,16,1
BARKLER01,2000,Erick,Barkley,POR,N,8,38,19,0,3,3,6,2,0,5,2,22,8,0,0,8,3
BARRODA01,2000,Dana,Barros,DET,N,60,1079,478,6,88,94,110,30,2,60,63,412,183,80,68,105,44
BARRYBR01,2000,Brent,Barry,SEA,N,67,1778,589,33,178,211,225,80,14,86,126,401,198,103,84,229,109
BARRYJO01,2000,Jon,Barry,SAC,N,62,1010,316,16,78,94,130,28,6,53,66,255,103,73,64,132,46
BATTITO01,2000,Tony,Battie,BOS,N,40,845,260,73,160,233,16,27,60,37,126,201,108,69,44,3,0
BELLRA01,2000,Raja,Bell,PHI,N,5,30,5,0,1,1,0,1,0,2,1,7,2,0,0,3,1
BENDEJO01,2000,Jonathan,Bender,IND,N,59,574,193,14,60,74,32,7,28,42,73,186,66,68,50,41,11
BENJACO01,2000,Corey,Benjamin,CHI,N,65,857,307,38,62,100,69,28,16,63,128,302,115,83,56,81,21
BENOIDA01,2000,David,Benoit,UTA,N,49,446,178,20,61,81,22,6,6,28,75,147,71,39,31,13,5
BESTTR01,2000,Travis,Best,IND,N,77,2457,918,38,184,222,473,110,11,127,246,788,347,226,187,97,37
BIBBYMI01,2000,Mike,Bibby,VAN,N,82,3190,1301,47,257,304,685,107,12,248,148,1157,525,188,143,285,108
BILLUCH01,2000,Chauncey,Billups,MIN,N,77,1790,713,32,126,158,260,51,11,111,178,587,248,171,144,194,73
BLAYLMO01,2000,Mookie,Blaylock,GSW,N,69,2352,760,71,201,272,462,163,20,128,134,801,317,76,53,225,73
BLOUNCO01,2000,Corie,Blount,GSW,N,38,918,259,146,169,315,51,29,17,55,90,247,107,68,43,8,2
BLOUNCO01,2000,Corie,Blount,TOT,N,68,1305,313,181,219,400,59,42,22,73,165,294,130,83,51,8,2
BLOUNCO01,2000,Corie,Blount,PHO,N,30,387,54,35,50,85,8,13,5,18,75,47,23,15,8,0,0
BLOUNMA01,2000,Mark,Blount,BOS,N,64,1098,248,97,134,231,32,39,76,62,183,200,101,66,46,0,0
BOGUEMU01,2000,Muggsy,Bogues,TOR,N,3,34,0,0,3,3,5,2,0,4,3,2,0,0,0,1,0
BOHANET01,2000,Etdrick,Bohannon,CLE,N,6,19,8,3,4,7,0,0,2,1,4,4,2,4,4,0,0
BOOTHCA01,2000,Calvin,Booth,DAL,N,15,293,112,24,48,72,19,12,30,17,55,84,46,33,20,0,0
BOOTHCA01,2000,Calvin,Booth,WAS,N,40,640,181,53,121,174,23,17,81,36,91,168,74,45,33,0,0
BOOTHCA01,2000,Calvin,Booth,TOT,N,55,933,293,77,169,246,42,29,111,53,146,252,120,78,53,0,0
BOWDLCA01,2000,Cal,Bowdler,ATL,N,44,375,140,30,47,77,4,10,21,11,45,114,53,40,33,5,1
BOWENBR01,2000,Bruce,Bowen,MIA,N,82,2685,623,45,200,245,132,83,53,74,269,581,211,161,98,307,103
BOWENRY01,2000,Ryan,Bowen,DEN,N,57,696,191,62,51,113,30,37,12,24,95,144,80,44,27,11,4
BOWMAIR01,2000,Ira,Bowman,ATL,N,3,19,0,1,1,2,7,0,0,1,0,2,0,0,0,0,0
BOYKIEA01,2000,Earl,Boykins,LAC,N,10,149,65,4,7,11,32,5,0,9,9,63,25,17,14,8,1
BRADLSH01,2000,Shawn,Bradley,DAL,N,82,2001,579,160,448,608,38,36,228,88,256,447,219,178,140,6,1
BRANDEL01,2000,Elton,Brand,CHI,N,74,2906,1490,285,461,746,240,71,118,219,243,1215,578,472,334,2,0
BRANDTE01,2000,Terrell,Brandon,MIN,N,78,2821,1250,60,238,298,583,161,21,155,138,1134,511,224,195,91,33
BROWNCH01,2000,Chucky,Brown,TOT,N,26,339,102,8,46,54,11,9,7,8,37,95,40,34,22,3,0
BROWNCH01,2000,Chucky,Brown,GSW,N,6,74,24,3,15,18,5,3,1,2,10,20,9,10,6,2,0
BROWNCH01,2000,Chucky,Brown,CLE,N,20,265,78,5,31,36,6,6,6,6,27,75,31,24,16,1,0
BROWNDE01,2000,Dee,Brown,ORL,N,7,155,48,0,11,11,12,4,0,7,10,44,16,5,4,32,12
BROWNPJ01,2000,P.j.,Brown,CHA,N,80,2811,676,257,485,742,127,78,92,108,260,561,249,209,178,4,0
BROWNRA01,2000,Randy,Brown,BOS,N,54,1238,223,23,76,99,154,62,10,56,132,237,100,40,23,3,0
BRUNSRI01,2000,Rick,Brunson,NYK,N,15,66,20,3,9,12,7,1,0,8,5,19,8,6,4,3,0
BRUNSRI01,2000,Rick,Brunson,BOS,N,7,142,26,2,7,9,24,7,1,9,16,35,10,9,4,11,2
BRUNSRI01,2000,Rick,Brunson,TOT,N,22,208,46,5,16,21,31,8,1,17,21,54,18,15,8,14,2
BRYANKO01,2000,Kobe,Bryant,LAL,N,68,2783,1938,104,295,399,338,114,43,220,222,1510,701,557,475,200,61
BRYANMA01,2000,Mark,Bryant,DAL,N,18,101,19,4,17,21,3,1,2,5,29,20,8,5,3,0,0
BUCKNGR01,2000,Greg,Buckner,DAL,N,37,820,229,60,97,157,49,33,9,27,118,192,84,81,59,7,2
BUECHJU01,2000,Jud,Buechler,DET,N,57,737,193,20,74,94,39,21,10,25,83,164,76,12,9,77,32
BUFORRO01,2000,Rodney,Buford,PHI,N,47,573,248,16,58,74,17,17,6,29,68,241,104,29,24,38,16
BULLAMA01,2000,Matt,Bullard,HOU,N,61,1000,354,22,108,130,42,10,9,12,76,305,129,14,10,213,86
BURRESC01,2000,Scott,Burrell,CHA,N,4,41,17,1,2,3,1,3,0,0,8,15,7,4,1,6,2
CAFFEJA01,2000,Jason,Caffey,MIL,N,70,1460,500,135,218,353,53,38,25,77,184,367,179,211,142,0,0
CAMBYMA01,2000,Marcus,Camby,NYK,N,63,2127,759,196,527,723,52,66,136,63,205,580,304,225,150,8,1
CAMPBEL01,2000,Elden,Campbell,CHA,N,78,2337,1022,157,451,608,104,60,140,144,280,834,367,406,288,6,0
CARDIBR01,2000,Brian,Cardinal,DET,N,15,126,31,8,15,23,3,7,2,9,27,31,10,18,11,5,0
CARRCH01,2000,Chris,Carr,BOS,N,35,309,169,11,33,44,11,4,3,19,45,112,53,60,46,37,17
CARTEAN01,2000,Anthony,Carter,MIA,N,72,1630,461,46,134,180,268,73,10,119,154,480,195,103,65,40,6
CARTEVI01,2000,Vince,Carter,TOR,N,75,2979,2070,176,240,416,291,114,82,167,205,1656,762,502,384,397,162
CASSESA01,2000,Sam,Cassell,MIL,N,76,2709,1381,46,244,290,580,88,8,220,214,1132,537,323,277,98,30
CATOKE01,2000,Kelvin,Cato,HOU,N,35,624,165,47,94,141,11,13,31,25,89,111,64,57,37,0,0
CAUSWDU01,2000,Duane,Causwell,MIA,N,31,384,76,23,60,83,5,8,18,23,67,85,32,25,12,0,0
CEBALCE01,2000,Cedric,Ceballos,DET,N,13,166,75,7,19,26,7,6,3,9,19,71,28,10,8,40,11
CEBALCE01,2000,Cedric,Ceballos,TOT,N,40,559,261,34,72,106,20,16,7,32,61,229,101,43,37,73,22
CEBALCE01,2000,Cedric,Ceballos,MIA,N,27,393,186,27,53,80,13,10,4,23,42,158,73,33,29,33,11
CHEANCA01,2000,Calbert,Cheaney,DEN,N,9,153,21,5,15,20,9,4,2,5,14,30,10,2,1,0,0
CHILDCH01,2000,Chris,Childs,NYK,N,51,1309,245,14,124,138,236,37,7,98,160,222,93,46,39,64,20
CHILDCH01,2000,Chris,Childs,TOR,N,26,550,117,10,54,64,119,22,8,58,82,113,42,25,21,42,12
CHILDCH01,2000,Chris,Childs,TOT,N,77,1859,362,24,178,202,355,59,15,156,242,335,135,71,60,106,32
CHRISDO01,2000,Doug,Christie,SAC,N,81,2939,996,95,260,355,289,183,45,154,224,788,311,312,280,250,94
CLARKKE01,2000,Keon,Clark,TOT,N,81,1720,640,136,298,434,72,32,154,90,244,519,249,240,142,1,0
CLARKKE01,2000,Keon,Clark,DEN,N,35,752,227,58,128,186,34,16,44,48,101,199,82,105,63,0,0
CLARKKE01,2000,Keon,Clark,TOR,N,46,968,413,78,170,248,38,16,110,42,143,320,167,135,79,1,0
CLEAVMA01,2000,Mateen,Cleaves,DET,N,78,1268,422,26,106,132,207,49,1,139,153,400,160,137,97,17,5
COKERJO01,2000,John,Coker,GSW,N,6,32,2,3,2,5,2,1,0,2,4,8,1,0,0,0,0
COLEMDE01,2000,Derrick,Coleman,CHA,N,34,683,277,46,138,184,39,10,21,42,53,255,97,92,63,51,20
COLESBI01,2000,Bimbo,Coles,CLE,N,47,804,232,9,39,48,138,27,6,59,87,239,91,56,48,16,2
COLLIJA02,2000,Jason,Collier,HOU,N,23,222,71,12,25,37,6,2,3,11,27,71,27,24,17,1,0
COLSOSE01,2000,Sean,Colson,ATL,N,3,14,0,0,3,3,3,0,0,2,0,5,0,0,0,1,0
COLSOSE01,2000,Sean,Colson,HOU,N,10,30,15,2,1,3,7,1,0,0,6,19,6,4,2,4,1
COLSOSE01,2000,Sean,Colson,TOT,N,13,44,15,2,4,6,10,1,0,2,6,24,6,4,2,5,1
CORBITY01,2000,Tyrone,Corbin,TOR,N,15,117,20,3,10,13,4,2,0,3,18,38,9,4,2,5,0
CRAWFCH01,2000,Chris,Crawford,ATL,N,47,901,318,28,82,110,37,21,16,62,117,270,122,83,68,22,6
CRAWFJA01,2000,Jamal,Crawford,CHI,N,61,1050,282,9,80,89,141,43,14,85,68,304,107,34,27,117,41
CROSHAU01,2000,Austin,Croshere,IND,N,81,1874,822,123,264,387,92,36,50,136,180,701,276,231,200,207,70
CROTTJO01,2000,John,Crotty,UTA,N,31,264,65,13,15,28,34,6,0,19,32,65,22,19,17,7,4
CUMMIVO01,2000,Vonteego,Cummings,GSW,N,66,1495,483,47,90,137,227,67,14,91,160,517,178,116,79,143,48
CURLEBI01,2000,Bill,Curley,DAL,N,5,15,3,0,0,0,0,1,1,2,4,4,1,4,1,1,0
CURLEBI01,2000,Bill,Curley,TOT,N,20,192,63,21,16,37,3,7,9,16,45,47,25,19,12,2,1
CURLEBI01,2000,Bill,Curley,GSW,N,15,177,60,21,16,37,3,6,8,14,41,43,24,15,11,1,1
CURRYDE01,2000,Dell,Curry,TOR,N,71,956,429,16,69,85,75,27,8,39,66,382,162,51,43,145,62
CURRYMI01,2000,Michael,Curry,DET,N,68,1485,356,21,100,121,132,27,3,61,173,319,145,73,62,9,4
DAMPIER01,2000,Erick,Dampier,GSW,N,43,1038,319,97,153,250,59,17,58,82,123,314,126,126,67,2,0
DANIEAN01,2000,Antonio,Daniels,SAS,N,79,2060,745,26,137,163,304,61,14,109,120,588,275,156,121,183,74
DAVIDKO01,2000,Kornel,David,TOR,N,17,140,42,9,24,33,4,2,3,7,20,29,15,13,12,0,0
DAVIDKO01,2000,Kornel,David,DET,N,10,69,20,6,13,19,3,4,1,4,8,22,10,0,0,0,0
DAVIDKO01,2000,Kornel,David,TOT,N,27,209,62,15,37,52,7,6,4,11,28,51,25,13,12,0,0
DAVISAN01,2000,Antonio,Davis,TOR,N,78,2729,1069,274,513,787,106,22,151,135,230,866,375,423,319,1,0
DAVISBA01,2000,Baron,Davis,CHA,N,82,3192,1131,129,279,408,598,170,36,226,267,957,409,337,228,274,85
DAVISDA01,2000,Dale,Davis,POR,N,81,2162,580,233,373,606,103,44,76,67,199,487,242,152,96,4,0
DAVISEM01,2000,Emanual,Davis,SEA,N,62,1290,361,28,126,154,137,64,12,77,101,318,133,55,45,127,50
DAVISHU01,2000,Hubert,Davis,TOT,N,66,1692,524,28,111,139,110,35,1,81,121,433,196,62,54,171,78
DAVISHU01,2000,Hubert,Davis,WAS,N,15,431,153,10,20,30,49,6,0,25,29,119,57,21,19,38,20
DAVISHU01,2000,Hubert,Davis,DAL,N,51,1261,371,18,91,109,61,29,1,56,92,314,139,41,35,133,58
DAVISRI01,2000,Ricky,Davis,MIA,N,7,70,32,1,6,7,11,5,2,5,7,29,12,8,7,1,1
DAVISTE01,2000,Terry,Davis,DEN,N,19,228,33,24,29,53,7,1,1,5,34,25,12,22,9,0,0
DAYTO01,2000,Todd,Day,MIN,N,31,345,132,10,27,37,28,10,7,24,52,118,44,23,18,69,26
DECLEAN01,2000,Andrew,Declercq,ORL,N,67,903,261,91,145,236,32,41,33,51,198,193,107,82,47,0,0
DELKTO01,2000,Tony,Delk,PHO,N,82,2288,1005,76,185,261,160,75,17,101,171,923,383,235,185,168,54
DELNEVI01,2000,Delnegro,Vinny,GSW,N,29,396,77,4,27,31,62,6,0,15,36,90,30,16,16,9,1
DELNEVI01,2000,Delnegro,Vinny,PHO,N,36,526,177,8,43,51,64,20,3,19,42,144,76,28,25,4,0
DELNEVI01,2000,Delnegro,Vinny,TOT,N,65,922,254,12,70,82,126,26,3,34,78,234,106,44,41,13,1
DIALDE01,2000,Derrick,Dial,SAS,N,33,207,86,12,26,38,21,4,6,12,22,83,36,21,12,10,2
DICKEMI01,2000,Michael,Dickerson,VAN,N,70,2618,1142,70,159,229,233,62,27,162,207,1020,425,270,206,230,86
DIVACVL01,2000,Vlade,Divac,SAC,N,81,2420,974,207,466,673,231,87,93,192,242,755,364,350,242,14,4
DOLEAMI01,2000,Michael,Doleac,ORL,N,77,1398,490,70,203,273,65,37,41,59,239,527,220,59,50,3,0
DOOLIKE01,2000,Keyon,Dooling,LAC,N,76,1237,449,8,81,89,177,41,11,94,107,362,148,179,125,80,28
DOUGLSH01,2000,Sherman,Douglas,NJN,N,59,1094,338,21,53,74,144,36,4,79,93,303,122,115,86,40,8
DREWBR01,2000,Bryce,Drew,CHI,N,48,1305,302,12,57,69,185,32,3,68,99,327,124,19,14,105,40
DUDLECH02,2000,Chris,Dudley,PHO,N,53,613,72,64,119,183,18,14,29,26,111,73,29,36,14,0,0
DUNCATI01,2000,Tim,Duncan,SAS,N,82,3174,1820,259,738,997,245,70,192,242,247,1406,702,662,409,27,7
EDNEYTY01,2000,Tyus,Edney,IND,N,24,263,106,5,19,24,54,17,0,25,17,91,35,39,35,6,1
EDWARKE01,2000,Kevin,Edwards,VAN,N,46,634,160,23,59,82,52,29,8,37,46,170,56,53,43,19,5
EISLEHO01,2000,Howard,Eisley,DAL,N,82,2426,741,23,174,197,295,99,12,102,218,675,265,126,104,269,107
EKEZIOB01,2000,Obinna,Ekezie,DAL,N,4,8,0,0,2,2,0,0,0,0,2,4,0,0,0,0,0
EKEZIOB01,2000,Obinna,Ekezie,WAS,N,29,273,101,31,45,76,9,5,5,14,46,77,32,53,37,0,0
EKEZIOB01,2000,Obinna,Ekezie,TOT,N,33,281,101,31,47,78,9,5,5,14,48,81,32,53,37,0,0
EL-AMKH01,2000,Khalid,El-amin,CHI,N,50,936,314,21,60,81,145,48,2,54,99,311,115,72,56,84,28
ELIEMA01,2000,Mario,Elie,PHO,N,68,1506,299,38,117,155,131,58,12,60,112,246,104,69,55,100,36
ELLIOSE01,2000,Sean,Elliott,SAS,N,52,1229,409,17,153,170,81,23,25,51,80,339,147,84,60,129,55
ELLISLA01,2000,Laphonso,Ellis,MIN,N,82,1948,772,199,295,494,93,67,74,108,290,642,298,214,169,22,7
ELLISPE01,2000,Pervis,Ellison,SEA,N,9,40,6,2,10,12,3,0,2,3,13,7,2,2,2,0,0
ESCHMEV01,2000,Evan,Eschmeyer,NJN,N,74,1331,251,135,231,366,40,41,58,53,220,200,92,102,67,0,0
EWINGPA01,2000,Patrick,Ewing,SEA,N,79,2107,760,124,461,585,92,53,91,151,229,684,294,251,172,2,0
FEICKJA01,2000,Jamie,Feick,NJN,N,6,149,22,12,44,56,5,8,3,7,15,23,8,12,6,0,0
FERRYDA01,2000,Danny,Ferry,SAS,N,80,1688,448,55,168,223,71,28,21,50,169,375,178,30,22,156,70
FINLEMI01,2000,Michael,Finley,DAL,N,82,3443,1765,109,316,425,360,118,32,190,174,1552,711,325,252,263,91
FISHEDE01,2000,Derek,Fisher,LAL,N,20,709,229,5,54,59,87,39,2,29,50,187,77,62,50,63,25
FIZERMA01,2000,Marcus,Fizer,CHI,N,72,1580,683,76,237,313,76,30,19,124,175,646,278,161,117,39,10
FORTSDA01,2000,Danny,Fortson,GSW,N,6,203,100,29,69,98,5,2,0,10,22,50,29,54,42,0,0
FOSTEGR01,2000,Greg,Foster,LAL,N,62,451,125,29,83,112,32,9,12,25,76,133,56,14,10,9,3
FOSTEJE01,2000,Jeff,Foster,IND,N,71,1152,249,144,245,389,33,39,28,52,152,213,100,91,47,7,2
FOXRI01,2000,Rick,Fox,LAL,N,82,2291,787,80,245,325,262,70,29,136,225,646,287,122,95,300,118
FOYLEAD01,2000,Adonal,Foyle,GSW,N,58,1457,342,156,249,405,48,31,156,79,136,375,156,68,30,0,0
FRANCST01,2000,Steve,Francis,HOU,N,80,3194,1591,190,363,553,517,141,31,265,274,1219,550,438,358,336,133
FULLETO02,2000,Todd,Fuller,MIA,N,10,77,28,7,11,18,1,3,2,3,10,35,10,8,8,0,0
FUNDELA01,2000,Lawrence,Funderburke,SAC,N,59,698,288,74,122,196,17,9,13,32,44,242,120,77,48,0,0
GARCERU01,2000,Ruben,Garces,TOT,N,13,73,16,16,13,29,5,3,2,5,14,22,7,8,2,0,0
GARCERU01,2000,Ruben,Garces,GSW,N,3,11,0,4,3,7,1,1,1,0,0,7,0,0,0,0,0
GARCERU01,2000,Ruben,Garces,PHO,N,10,62,16,12,10,22,4,2,1,5,14,15,7,8,2,0,0
GARNECH01,2000,Chris,Garner,GSW,N,8,149,19,2,10,12,18,7,1,9,18,37,7,6,5,7,0
GARNEKE01,2000,Kevin,Garnett,MIN,N,81,3202,1784,219,702,921,401,111,145,230,204,1475,704,467,357,66,19
GARREDE01,2000,Dean,Garrett,MIN,N,70,831,177,65,152,217,24,26,49,25,93,156,75,39,27,0,0
GARRIPA01,2000,Pat,Garrity,ORL,N,76,1579,628,51,159,210,51,40,15,68,241,576,223,98,85,224,97
GATLICH01,2000,Chris,Gatling,CLE,N,74,1670,842,99,292,391,61,52,27,119,185,733,329,228,156,92,28
GEIGEMA01,2000,Matt,Geiger,PHI,N,35,542,213,50,89,139,14,12,8,25,73,224,88,54,37,2,0
GEORGDE01,2000,Devean,George,LAL,N,59,593,182,35,75,110,19,15,15,34,87,207,64,55,39,68,15
GILLED01,2000,Eddie,Gill,NJN,N,8,152,39,0,9,9,24,4,1,10,9,41,16,5,4,9,3
GILLKE01,2000,Kendall,Gill,NJN,N,31,892,283,32,99,131,87,47,7,48,64,323,107,90,65,14,4
GLOVEDI01,2000,Dion,Glover,ATL,N,57,929,338,39,92,131,69,49,10,54,92,336,141,69,47,46,9
GOLDWAN01,2000,Anthony,Goldwire,DEN,N,20,201,82,1,11,12,34,9,0,15,13,80,30,17,13,34,9
GOODRST01,2000,Steve,Goodrich,CHI,N,12,133,19,7,14,21,6,2,1,8,14,18,7,7,4,3,1
GRANTBR01,2000,Brian,Grant,MIA,N,82,2771,1250,217,501,718,101,60,71,170,293,1010,484,354,282,1,0
GRANTGA01,2000,Gary,Grant,POR,N,4,17,10,0,0,0,1,0,0,0,1,7,5,0,0,0,0
GRANTHO01,2000,Horace,Grant,LAL,N,77,2390,657,220,325,545,121,51,61,48,181,569,263,169,131,3,0
GREENAC01,2000,A.c.,Green,MIA,N,82,1411,367,107,206,313,39,30,8,45,119,324,144,111,79,6,0
GRIFFAD01,2000,Adrian,Griffin,BOS,N,44,377,93,27,60,87,27,18,5,18,45,97,33,24,18,26,9
GUGLITO01,2000,Tom,Gugliotta,PHO,N,57,1159,362,76,179,255,55,47,21,50,109,380,149,77,61,12,3
GUYTOAJ01,2000,A.j.,Guyton,CHI,N,33,630,198,10,26,36,64,9,5,24,35,192,78,18,15,69,27
HAMDA01,2000,Darvin,Ham,MIL,N,29,540,109,56,65,121,25,17,21,33,85,80,39,49,29,3,2
HAMILRI01,2000,Richard,Hamilton,WAS,N,78,2519,1411,75,163,238,224,75,10,201,203,1249,547,319,277,146,40
HAMILZE01,2000,Zendon,Hamilton,LAC,N,3,19,9,3,5,8,0,0,0,2,4,9,2,8,5,0,0
HAMMOTO01,2000,Tom,Hammonds,MIN,N,7,30,7,2,2,4,1,0,0,3,8,10,3,2,1,0,0
HARDAAN01,2000,Anfernee,Hardaway,PHO,N,4,112,39,5,13,18,15,6,1,3,6,36,15,11,7,8,2
HARDATI01,2000,Tim,Hardaway,MIA,N,77,2613,1150,26,178,204,483,90,6,189,155,1042,408,181,145,517,189
HARPERO01,2000,Ron,Harper,LAL,N,47,1139,307,46,120,166,113,39,25,62,70,271,127,48,34,72,19
HARPRMA01,2000,Matt,Harpring,CLE,N,56,1615,623,90,152,242,102,42,17,90,161,524,238,165,134,52,13
HARRIAL01,2000,Al,Harrington,IND,N,78,1892,586,119,262,381,130,63,18,148,223,543,241,157,103,7,1
HARRILU01,2000,Lucious,Harris,NJN,N,73,2071,683,71,217,288,135,74,16,64,127,624,265,139,107,132,46
HARRIOT01,2000,Othella,Harrington,NYK,N,30,548,185,37,62,99,20,15,19,41,101,121,67,70,51,0,0
HARRIOT01,2000,Othella,Harrington,VAN,N,44,1267,480,102,187,289,36,19,26,104,136,386,180,154,120,3,0
HARRIOT01,2000,Othella,Harrington,TOT,N,74,1815,665,139,249,388,56,34,45,145,237,507,247,224,171,3,0
HARTJA01,2000,Jason,Hart,MIL,N,1,10,2,0,0,0,1,0,0,2,0,1,1,0,0,0,0
HARVEAN01,2000,Antonio,Harvey,POR,N,12,72,31,5,9,14,4,1,6,3,10,28,13,6,5,0,0
HARVEDO01,2000,Donnell,Harvey,DAL,N,18,65,22,6,14,20,2,3,1,7,15,14,8,16,6,0,0
HAWKIHE01,2000,Hersey,Hawkins,CHA,N,59,681,183,17,63,80,72,33,9,19,45,137,56,63,54,46,17
HAWKIMI01,2000,Michael,Hawkins,CLE,N,10,76,8,2,3,5,13,2,0,6,13,9,3,0,0,4,2
HENDEAL01,2000,Alan,Henderson,ATL,N,73,1810,769,180,226,406,50,51,29,126,164,671,298,271,173,1,0
HENDECE02,2000,Cedric,Henderson,CLE,N,55,961,235,19,71,90,79,29,23,63,101,262,102,46,30,8,1
HERRECH01,2000,Chris,Herren,BOS,N,25,408,83,4,17,21,56,14,0,20,43,96,29,12,9,55,16
HILLGR01,2000,Grant,Hill,ORL,N,4,133,55,8,17,25,25,5,2,11,9,43,19,26,16,1,1
HILLTY01,2000,Tyrone,Hill,PHI,N,76,2363,728,239,448,687,48,37,27,127,242,587,278,273,172,1,0
HOIBEFR01,2000,Fred,Hoiberg,CHI,N,74,2247,673,21,287,308,263,98,12,74,155,495,217,157,136,250,103
HORRYRO01,2000,Robert,Horry,LAL,N,79,1587,407,93,203,296,128,54,54,79,210,380,147,83,59,156,54
HOUSEED01,2000,Eddie,House,MIA,N,50,550,251,5,37,42,52,13,0,35,58,247,104,35,24,55,19
HOUSTAL01,2000,Allan,Houston,NYK,N,78,2858,1459,20,263,283,173,52,10,161,190,1208,542,307,279,252,96
HOWARJU01,2000,Juwan,Howard,DAL,N,27,993,481,50,143,193,70,29,16,73,106,391,191,127,99,3,0
HOWARJU01,2000,Juwan,Howard,TOT,N,81,2974,1462,171,401,572,224,75,37,242,292,1218,583,383,296,3,0
HOWARJU01,2000,Juwan,Howard,WAS,N,54,1981,981,121,258,379,154,46,21,169,186,827,392,256,197,0,0
HUDSOTR01,2000,Troy,Hudson,ORL,N,75,1008,357,38,67,105,162,37,3,92,82,372,125,104,85,109,22
HUGHELA01,2000,Larry,Hughes,GSW,N,50,1846,823,76,200,276,223,96,29,152,147,805,308,252,193,75,14
HUNTELI01,2000,Lindsey,Hunter,MIL,N,82,2002,825,32,137,169,222,102,12,68,172,783,298,96,77,407,152
ILGAUZY01,2000,Zydrunas,Ilgauskas,CLE,N,24,616,281,65,95,160,18,15,37,60,78,234,114,78,53,2,0
IVERSAL01,2000,Allen,Iverson,PHI,N,71,2979,2207,50,223,273,325,178,20,237,147,1813,762,719,585,306,98
JACKSBO01,2000,Bobby,Jackson,SAC,N,79,1648,566,74,172,246,161,87,7,103,139,526,231,88,65,104,39
JACKSJA01,2000,Jaren,Jackson,SAS,N,16,114,39,1,11,12,7,5,0,3,13,40,16,2,0,18,7
JACKSJI01,2000,Jim,Jackson,ATL,N,17,550,243,17,62,79,50,19,4,48,42,217,77,85,73,38,16
JACKSJI01,2000,Jim,Jackson,CLE,N,39,1140,400,36,109,145,113,34,6,82,97,415,162,84,66,42,10
JACKSJI01,2000,Jim,Jackson,TOT,N,56,1690,643,53,171,224,163,53,10,130,139,632,239,169,139,80,26
JACKSMA01,2000,Mark,Jackson,TOT,N,83,2588,631,63,242,305,661,84,7,175,139,583,244,93,73,207,70
JACKSMA01,2000,Mark,Jackson,TOR,N,54,1802,461,42,143,185,498,63,7,117,83,403,170,76,64,165,57
JACKSMA01,2000,Mark,Jackson,NYK,N,29,786,170,21,99,120,163,21,0,58,56,180,74,17,9,42,13
JACKSMA02,2000,Marc,Jackson,GSW,N,48,1410,633,119,242,361,59,34,27,93,138,508,237,192,154,23,5
JACKSST02,2000,Stephen,Jackson,NJN,N,77,1660,635,41,167,208,140,86,14,130,166,572,243,135,97,155,52
JACOBSA01,2000,Sam,Jacobson,MIN,N,14,59,20,3,3,6,4,3,0,0,19,18,9,3,2,0,0
JAMESTI01,2000,Tim,James,CHA,N,30,197,45,15,20,35,8,2,5,8,27,52,16,14,12,3,1
JAMISAN01,2000,Antawn,Jamison,GSW,N,82,3394,2044,280,435,715,164,114,28,199,225,1812,800,534,382,205,62
JOHNSAN02,2000,Anthony,Johnson,ATL,N,25,279,64,3,20,23,34,17,5,20,41,71,26,17,12,3,0
JOHNSAN02,2000,Anthony,Johnson,CLE,N,28,232,66,7,14,21,44,6,1,14,21,81,27,16,11,2,1
JOHNSAN02,2000,Anthony,Johnson,TOT,N,53,511,130,10,34,44,78,23,6,34,62,152,53,33,23,5,1
JOHNSAV01,2000,Avery,Johnson,SAS,N,55,1290,310,21,64,85,237,33,4,60,90,300,134,60,41,6,1
JOHNSDE03,2000,Dermarr,Johnson,ATL,N,78,1313,397,56,122,178,64,43,30,93,134,390,146,87,64,127,41
JOHNSER01,2000,Ervin,Johnson,MIL,N,82,1981,266,205,408,613,40,44,97,47,257,198,108,93,50,0,0
JOHNSLA01,2000,Larry,Johnson,NYK,N,65,2105,645,90,273,363,127,39,29,97,209,598,246,128,102,163,51
JONESDA01,2000,Damon,Jones,VAN,N,71,1415,461,16,108,124,224,36,1,76,58,416,170,52,37,231,84
JONESED01,2000,Eddie,Jones,MIA,N,63,2282,1094,75,217,292,171,110,58,135,183,871,388,270,228,238,90
JONESJU01,2000,Jumaine,Jones,PHI,N,65,866,304,63,126,189,32,30,15,39,68,275,122,53,40,60,20
JONESPO01,2000,Popeye,Jones,WAS,N,45,638,162,83,137,220,31,19,8,21,95,153,60,55,41,6,1
JOSEPGA01,2000,Garth,Joseph,TOT,N,4,16,2,2,0,2,1,0,1,2,1,5,1,2,0,0,0
JOSEPGA01,2000,Garth,Joseph,DEN,N,2,8,0,0,0,0,0,0,1,1,0,3,0,2,0,0,0
JOSEPGA01,2000,Garth,Joseph,TOR,N,2,8,2,2,0,2,1,0,0,1,1,2,1,0,0,0,0
KEEFEAD01,2000,Adam,Keefe,GSW,N,67,836,168,90,119,209,36,28,20,40,102,159,64,63,39,3,1
KEMPSH01,2000,Shawn,Kemp,POR,N,68,1083,441,63,196,259,65,45,23,99,184,413,168,131,101,11,4
KERRST01,2000,Steve,Kerr,SAS,N,55,650,181,6,29,35,57,16,1,21,30,159,67,15,14,77,33
KERSEJE01,2000,Jerome,Kersey,MIL,N,22,243,72,8,37,45,15,14,8,6,36,69,32,16,8,1,0
KETNELA01,2000,Lari,Ketner,IND,N,3,7,0,0,0,0,1,0,0,2,0,0,0,0,0,0,0
KIDDJA01,2000,Jason,Kidd,PHO,N,77,3065,1299,91,403,494,753,166,23,286,171,1097,451,403,328,232,69
KINGGE03,2000,Gerard,King,WAS,N,45,706,216,39,90,129,31,14,11,47,94,176,90,45,36,0,0
KNIGHBR01,2000,Brevin,Knight,CLE,N,6,93,9,1,6,7,25,6,1,7,17,15,2,6,5,0,0
KNIGHBR01,2000,Brevin,Knight,ATL,N,47,1364,324,22,139,161,286,95,3,84,138,356,137,60,49,10,1
KNIGHBR01,2000,Brevin,Knight,TOT,N,53,1457,333,23,145,168,311,101,4,91,155,371,139,66,54,10,1
KNIGHTR01,2000,Travis,Knight,NYK,N,45,256,29,19,34,53,5,5,11,10,47,53,10,18,9,1,0
KUKOCTO01,2000,Toni,Kukoc,ATL,N,17,618,335,19,78,97,106,13,5,51,36,252,124,72,49,79,38
KUKOCTO01,2000,Toni,Kukoc,PHI,N,48,979,386,47,115,162,93,35,6,60,62,330,151,88,52,78,32
KUKOCTO01,2000,Toni,Kukoc,TOT,N,65,1597,721,66,193,259,199,48,11,111,98,582,275,160,101,157,70
LAETTCH01,2000,Christian,Laettner,TOT,N,78,1663,728,118,247,365,124,71,46,137,242,551,277,204,170,13,4
LAETTCH01,2000,Christian,Laettner,WAS,N,25,733,330,43,110,153,57,31,19,67,83,228,112,122,103,10,3
LAETTCH01,2000,Christian,Laettner,DAL,N,53,930,398,75,137,212,67,40,27,70,159,323,165,82,67,3,1
LAFRERA01,2000,Raef,Lafrentz,DEN,N,78,2457,1008,173,434,607,107,37,206,97,290,812,387,262,183,139,51
LANGDTR01,2000,Trajan,Langdon,CLE,N,65,1116,389,12,77,89,81,38,9,52,114,313,135,76,68,124,51
LANGHDA01,2000,Dan,Langhi,HOU,N,33,241,90,13,28,41,4,7,1,8,16,99,37,29,16,1,0
LENARVO01,2000,Voshon,Lenard,DEN,N,80,2331,972,47,184,231,190,65,18,102,170,846,336,192,153,382,147
LEWISQU01,2000,Quincy,Lewis,UTA,N,35,402,124,14,33,47,18,10,10,17,78,123,50,21,15,25,9
LEWISRA01,2000,Rashard,Lewis,SEA,N,78,2720,1151,143,398,541,125,91,45,129,191,887,426,213,176,285,123
LIVINRA01,2000,Randy,Livingston,GSW,N,2,7,0,0,1,1,1,0,0,0,0,2,0,0,0,1,0
LONGAR01,2000,Art,Long,SAC,N,9,20,0,2,6,8,1,0,3,2,5,4,0,2,0,0,0
LONGGR01,2000,Grant,Long,VAN,N,66,1507,396,76,198,274,83,72,15,62,160,319,140,157,112,15,4
LONGLLU01,2000,Luc,Longley,NYK,N,25,301,49,26,40,66,7,3,9,22,51,54,18,17,13,0,0
LOPEZFE01,2000,Felipe,Lopez,MIN,N,23,457,170,25,49,74,34,21,12,27,46,152,69,33,19,23,13
LOPEZFE01,2000,Felipe,Lopez,WAS,N,47,1108,380,30,130,160,73,41,18,56,110,326,142,123,90,29,6
LOPEZFE01,2000,Felipe,Lopez,TOT,N,70,1565,550,55,179,234,107,62,30,83,156,478,211,156,109,52,19
LUETY01,2000,Tyronn,Lue,LAL,N,38,468,130,5,27,32,45,19,0,27,54,117,50,24,19,34,11
LYNCHGE01,2000,George,Lynch,PHI,N,82,2649,686,200,390,590,139,99,30,109,222,616,274,171,123,57,15
MACCUTO01,2000,Todd,Macculloch,PHI,N,63,597,260,69,99,168,10,7,19,27,96,185,109,66,42,0,0
MACLEDO01,2000,Don,Maclean,MIA,N,8,76,31,7,11,18,4,5,1,10,9,20,10,12,9,2,2
MADSEMA01,2000,Mark,Madsen,LAL,N,70,641,137,74,78,152,24,8,8,27,111,113,55,37,26,1,1
MAGGECO01,2000,Corey,Maggette,LAC,N,69,1359,690,88,203,291,82,35,9,106,140,487,225,288,223,56,17
MAGLOJA01,2000,Jamaal,Magloire,CHA,N,74,1095,339,103,192,295,27,18,78,61,139,271,122,145,95,2,0
MAJERDA01,2000,Dan,Majerle,MIA,N,53,1306,267,20,146,166,88,53,15,35,98,259,87,44,36,181,57
MALONKA01,2000,Karl,Malone,UTA,N,81,2895,1878,114,555,669,361,93,62,244,216,1345,670,676,536,5,2
MALONMA01,2000,Matt,Maloney,ATL,N,55,1403,369,14,103,117,154,56,5,70,94,348,146,34,26,142,51
MANNIDA01,2000,Danny,Manning,UTA,N,82,1305,603,66,148,214,92,47,29,96,219,500,247,140,102,28,7
MARBUST01,2000,Stephon,Marbury,NJN,N,67,2557,1598,53,152,205,506,79,5,197,150,1277,563,458,362,335,110
MARIOSH01,2000,Shawn,Marion,PHO,N,79,2857,1369,220,628,848,160,132,108,129,211,1160,557,289,234,82,21
MARSHDO01,2000,Donyell,Marshall,UTA,N,81,2326,1100,172,394,566,133,85,78,128,196,849,427,273,205,128,41
MARTIDA01,2000,Darrick,Martin,SAC,N,31,176,103,2,14,16,14,7,0,10,27,76,29,35,31,27,14
MARTIKE01,2000,Kenyon,Martin,NJN,N,68,2272,814,137,365,502,131,78,113,138,281,777,346,192,121,11,1
MASHBJA01,2000,Jamal,Mashburn,CHA,N,76,2989,1528,92,484,576,411,85,13,211,185,1388,573,364,279,289,103
MASONAN01,2000,Anthony,Mason,MIA,N,80,3254,1290,169,601,770,248,80,25,179,231,954,460,474,370,0,0
MASONDE01,2000,Desmond,Mason,SEA,N,78,1522,463,72,177,249,63,39,20,53,146,439,189,91,67,67,18
MASSETO01,2000,Tony,Massenburg,VAN,N,52,823,233,75,135,210,9,10,28,48,122,199,92,70,49,0,0
MAXWEVE01,2000,Vernon,Maxwell,DAL,N,19,285,81,1,28,29,20,9,3,17,31,98,31,10,6,47,13
MAXWEVE01,2000,Vernon,Maxwell,TOT,N,43,660,201,4,62,66,49,21,3,35,64,223,73,32,21,111,34
MAXWEVE01,2000,Vernon,Maxwell,PHI,N,24,375,120,3,34,37,29,12,0,18,33,125,42,22,15,64,21
MCCARWA01,2000,Walter,Mccarty,BOS,N,60,478,131,24,57,81,39,14,7,20,82,126,45,28,22,56,19
MCCLIDA01,2000,Dan,Mcclintock,DEN,N,6,58,18,10,7,17,1,0,2,3,11,18,9,5,0,0,0
MCCLOGE01,2000,George,Mccloud,DEN,N,76,2007,729,55,169,224,279,53,27,117,165,655,250,181,152,234,77
MCCOYJE01,2000,Jelani,Mccoy,SEA,N,70,1143,317,92,159,251,57,18,49,75,141,264,138,93,41,0,0
MCDYEAN01,2000,Antonio,Mcdyess,DEN,N,70,2555,1458,240,605,845,146,43,102,162,220,1165,577,434,304,0,0
MCGRATR01,2000,Tracy,Mcgrady,ORL,N,77,3087,2065,192,388,580,352,116,118,198,160,1724,788,587,430,166,59
MCILVJI01,2000,Jim,Mcilvaine,NJN,N,18,193,28,8,27,35,4,7,15,9,35,28,10,12,8,0,0
MCINNJE01,2000,Jeff,Mcinnis,LAC,N,81,2831,1046,41,179,220,447,75,7,113,199,933,432,161,130,144,52
MCKEYDE01,2000,Derrick,Mckey,IND,N,66,987,145,49,127,176,74,48,13,47,136,136,60,27,21,20,4
MCKIEAA01,2000,Aaron,Mckie,PHI,N,76,2394,878,33,278,311,377,106,8,203,178,714,338,194,149,170,53
MCLEORO01,2000,Roshown,Mcleod,PHI,N,1,15,2,1,1,2,0,0,0,1,2,2,1,0,0,1,0
MCLEORO01,2000,Roshown,Mcleod,ATL,N,34,907,335,37,81,118,58,23,8,57,88,330,144,51,45,21,2
MCLEORO01,2000,Roshown,Mcleod,TOT,N,35,922,337,38,82,120,58,23,8,58,90,332,145,51,45,22,2
MCPHEPA01,2000,Paul,Mcpherson,TOT,N,55,595,262,40,39,79,38,25,4,47,80,216,109,58,42,12,2
MCPHEPA01,2000,Paul,Mcpherson,GSW,N,22,287,150,20,11,31,22,13,1,24,32,120,62,34,24,6,2
MCPHEPA01,2000,Paul,Mcpherson,PHO,N,33,308,112,20,28,48,16,12,3,23,48,96,47,24,18,6,0
MEDVEST01,2000,Stanislav,Medvedenko,LAL,N,7,39,32,1,8,9,2,1,1,3,9,25,12,12,7,1,1
MERCERO01,2000,Ron,Mercer,CHI,N,61,2535,1202,72,164,236,201,78,27,129,148,1121,500,228,188,46,14
MIHMCH01,2000,Chris,Mihm,CLE,N,59,1166,446,106,174,280,16,20,53,80,156,391,173,126,100,1,0
MILESDA01,2000,Darius,Miles,LAC,N,81,2133,761,127,350,477,99,51,125,147,191,630,318,238,124,19,1
MILLEAN01,2000,Anthony,Miller,TOT,N,4,11,2,0,2,2,0,0,0,1,1,2,1,0,0,0,0
MILLEAN01,2000,Anthony,Miller,PHI,N,1,2,0,0,0,0,0,0,0,0,0,0,0,0,0,0,0
MILLEAN01,2000,Anthony,Miller,HOU,N,1,3,0,0,0,0,0,0,0,0,1,0,0,0,0,0,0
MILLEAN01,2000,Anthony,Miller,ATL,N,2,6,2,0,2,2,0,0,0,1,0,2,1,0,0,0,0
MILLEAN02,2000,Andre,Miller,CLE,N,82,2848,1296,94,266,360,657,119,28,265,229,999,452,450,375,64,17
MILLEBR01,2000,Brad,Miller,CHI,N,57,1434,505,144,275,419,107,33,38,73,176,386,168,226,168,5,1
MILLEMI01,2000,Mike,Miller,ORL,N,82,2390,975,66,261,327,140,51,19,97,200,845,368,128,91,364,148
MILLERE01,2000,Reggie,Miller,IND,N,81,3181,1527,38,247,285,260,81,15,133,162,1176,517,348,323,464,170
MILLSCH01,2000,Chris,Mills,GSW,N,15,493,180,24,69,93,18,9,5,20,43,191,71,36,31,25,7
MILLSTE01,2000,Terry,Mills,IND,N,14,113,25,4,17,21,5,3,1,10,20,34,11,0,0,17,3
MITCHSA01,2000,Sam,Mitchell,MIN,N,82,983,285,28,95,123,57,26,10,36,117,289,118,55,40,43,9
MOBLECU01,2000,Cuttino,Mobley,HOU,N,79,3002,1538,83,314,397,195,84,26,165,169,1214,527,474,394,252,90
MOHAMNA01,2000,Nazr,Mohammed,PHI,N,30,196,96,18,37,55,2,6,7,9,40,88,41,28,14,0,0
MOHAMNA01,2000,Nazr,Mohammed,TOT,N,58,912,441,115,192,307,19,29,35,64,113,369,176,126,89,1,0
MOHAMNA01,2000,Nazr,Mohammed,ATL,N,28,716,345,97,155,252,17,23,28,55,73,281,135,98,75,1,0
MOISOJE01,2000,Jerome,Moiso,BOS,N,24,135,35,12,30,42,3,3,4,18,29,30,12,26,11,1,0
MONTRER01,2000,Eric,Montross,DET,N,42,568,107,43,101,144,15,8,23,37,100,121,50,26,7,0,0
MONTRER01,2000,Eric,Montross,TOT,N,54,649,120,52,121,173,19,11,26,41,115,138,56,31,8,0,0
MONTRER01,2000,Eric,Montross,TOR,N,12,81,13,9,20,29,4,3,3,4,15,17,6,5,1,0,0
MOOREMI01,2000,Mikki,Moore,DET,N,81,1154,359,121,195,316,33,24,61,74,202,268,132,130,95,1,0
MOTTOHA01,2000,Hanno,Mottola,ATL,N,73,989,319,49,125,174,25,11,9,67,163,277,123,90,73,3,0
MOURNAL01,2000,Alonzo,Mourning,MIA,N,13,306,177,35,66,101,12,4,31,28,24,141,73,55,31,1,0
MULLICH01,2000,Chris,Mullin,GSW,N,20,374,115,10,31,41,19,16,10,19,28,106,36,28,24,52,19
MURRALA01,2000,Lamond,Murray,CLE,N,78,2225,998,104,236,340,124,83,27,141,173,925,391,211,155,165,61
MURRATR01,2000,Tracy,Murray,DEN,N,13,135,50,4,18,22,9,4,1,6,8,55,17,10,9,23,7
MURRATR01,2000,Tracy,Murray,TOT,N,51,588,257,22,59,81,23,12,7,26,53,248,94,42,33,103,36
MURRATR01,2000,Tracy,Murray,TOR,N,38,453,207,18,41,59,14,8,6,20,45,193,77,32,24,80,29
MUTOMDI01,2000,Dikembe,Mutombo,TOT,N,75,2591,749,307,708,1015,76,29,203,144,204,556,269,291,211,0,0
MUTOMDI01,2000,Dikembe,Mutombo,ATL,N,49,1716,445,188,505,693,54,20,137,92,139,354,169,154,107,0,0
MUTOMDI01,2000,Dikembe,Mutombo,PHI,N,26,875,304,119,203,322,22,9,66,52,65,202,100,137,104,0,0
NAILOLE01,2000,Lee,Nailon,CHA,N,42,469,164,29,63,92,24,9,5,27,60,136,66,43,32,1,0
NAJERED01,2000,Eduardo,Najera,DAL,N,40,431,131,41,54,95,27,13,8,17,48,111,58,33,14,3,1
NASHST01,2000,Steve,Nash,DAL,N,70,2387,1092,46,177,223,509,72,5,205,158,792,386,258,231,219,89
NDIAYMA02,2000,Mamadou,Ndiaye,TOR,N,3,10,4,1,1,2,0,0,0,0,3,4,1,2,2,0,0
NESBYTY01,2000,Tyrone,Nesby,LAC,N,14,333,108,16,26,42,11,10,4,10,28,123,40,23,18,46,10
NESBYTY01,2000,Tyrone,Nesby,WAS,N,48,1223,404,35,96,131,65,41,16,55,127,407,149,83,67,134,39
NESBYTY01,2000,Tyrone,Nesby,TOT,N,62,1556,512,51,122,173,76,51,20,65,155,530,189,106,85,180,49
NESTERA01,2000,Radoslav,Nesterovic,MIN,N,73,1233,328,99,187,286,45,25,63,55,189,319,147,65,34,1,0
NEWBLIR01,2000,Ira,Newble,SAS,N,27,184,54,13,22,35,6,2,4,7,18,55,21,16,8,9,4
NEWMAJO01,2000,Johnny,Newman,NJN,N,82,2049,895,34,142,176,115,63,10,106,229,695,291,297,254,176,59
NORRIMO01,2000,Moochie,Norris,HOU,N,82,1654,544,44,154,198,283,69,2,107,84,413,184,194,151,89,25
NOWITDI01,2000,Dirk,Nowitzki,DAL,N,82,3125,1784,119,635,754,173,79,101,156,245,1247,591,538,451,390,151
OAKLECH01,2000,Charles,Oakley,TOR,N,78,2767,748,142,599,741,264,76,48,139,258,786,305,152,127,49,11
ODOMLA01,2000,Lamar,Odom,LAC,N,76,2836,1304,110,482,592,392,74,122,264,236,1046,481,386,262,253,80
OLAJUHA01,2000,Hakeem,Olajuwon,HOU,N,58,1545,689,124,307,431,72,70,88,81,141,568,283,198,123,1,0
OLLIEKE01,2000,Kevin,Ollie,NJN,N,19,161,22,3,20,23,25,5,0,9,14,27,5,19,12,0,0
OLLIEKE01,2000,Kevin,Ollie,TOT,N,70,925,216,16,79,95,146,30,1,49,84,192,76,89,63,3,1
OLLIEKE01,2000,Kevin,Ollie,PHI,N,51,764,194,13,59,72,121,25,1,40,70,165,71,70,51,3,1
OLOWOMI01,2000,Michael,Olowokandi,LAC,N,82,2127,701,168,357,525,46,30,108,169,250,708,308,156,85,0,0
ONEAJE01,2000,Jermaine,O'neal,IND,N,81,2641,1041,249,545,794,98,49,228,161,280,868,404,388,233,5,0
ONEASH01,2000,Shaquille,O'neal,LAL,N,74,2924,2125,291,649,940,277,47,204,218,256,1422,813,972,499,2,0
OSTERGR01,2000,Greg,Ostertag,UTA,N,81,1491,363,164,251,415,22,22,142,63,215,281,139,151,84,2,1
OUTLABO01,2000,Bo,Outlaw,ORL,N,80,2534,582,211,408,619,225,105,137,141,241,368,226,225,129,2,1
OVERTDO01,2000,Doug,Overton,CHA,N,2,15,4,0,0,0,0,1,0,3,2,2,2,0,0,0,0
OVERTDO01,2000,Doug,Overton,BOS,N,7,144,38,3,12,15,19,4,0,13,15,44,15,11,7,4,1
OVERTDO01,2000,Doug,Overton,NJN,N,12,316,83,1,23,24,53,3,0,15,20,93,35,5,3,32,10
OVERTDO01,2000,Doug,Overton,TOT,N,21,475,125,4,35,39,72,8,0,31,37,139,52,16,10,36,11
OWENSBI01,2000,Billy,Owens,DET,N,45,793,198,84,121,205,55,32,12,39,93,230,88,40,19,20,3
OYEDEOL01,2000,Olumide,Oyedeji,SEA,N,30,221,45,24,43,67,2,7,10,11,40,37,18,12,9,0,0
PACKRO01,2000,Robert,Pack,DEN,N,74,1260,479,30,107,137,293,65,1,135,114,426,181,137,105,31,12
PADGESC01,2000,Scott,Padgett,UTA,N,27,127,56,19,20,39,5,6,3,10,21,43,18,20,15,9,5
PALACMI01,2000,Milt,Palacio,BOS,N,58,1141,342,25,77,102,151,48,0,80,83,267,126,92,78,36,12
PANKOAN01,2000,Andy,Panko,ATL,N,1,1,0,0,0,0,0,0,0,0,0,0,0,0,0,0,0
PARKSCH01,2000,Cherokee,Parks,TOT,N,65,1054,299,71,158,229,46,25,36,41,122,274,134,44,31,6,0
PARKSCH01,2000,Cherokee,Parks,WAS,N,13,178,48,13,27,40,7,6,11,10,20,38,18,17,12,0,0
PARKSCH01,2000,Cherokee,Parks,LAC,N,52,876,251,58,131,189,39,19,25,31,102,236,116,27,19,6,0
PATTERU01,2000,Ruben,Patterson,SEA,N,76,2059,988,183,199,382,161,103,45,155,176,749,370,361,246,36,2
PAYTOGA01,2000,Gary,Payton,SEA,N,79,3244,1823,73,288,361,642,127,26,209,184,1591,725,354,271,272,102
PEELEAN01,2000,Anthony,Peeler,MIN,N,75,2126,791,44,148,192,192,91,18,105,166,732,308,87,75,256,100
PENBEMI01,2000,Mike,Penberthy,LAL,N,53,851,267,10,53,63,71,22,2,34,57,222,92,31,28,139,55
PERDUWI01,2000,Will,Perdue,POR,N,13,58,14,6,12,18,2,3,2,0,8,9,6,4,2,0,0
PERKISA01,2000,Sam,Perkins,IND,N,64,999,242,32,136,168,41,33,18,19,61,226,86,38,32,110,38
PERRYEL01,2000,Elliot,Perry,ORL,N,6,39,10,1,3,4,5,3,0,6,1,11,5,0,0,1,0
PERRYEL01,2000,Elliot,Perry,PHO,N,43,460,137,8,34,42,74,19,1,32,28,129,60,22,16,4,1
PERRYEL01,2000,Elliot,Perry,TOT,N,49,499,147,9,37,46,79,22,1,38,29,140,65,22,16,5,1
PERSOWE01,2000,Wesley,Person,CLE,N,44,958,314,11,119,130,64,27,11,40,62,292,128,30,24,84,34
PETERMO01,2000,Morris,Peterson,TOR,N,80,1809,747,112,147,259,105,63,20,78,164,673,290,145,104,165,63
PIATKER01,2000,Eric,Piatkowski,LAC,N,81,2144,860,54,187,241,96,46,19,76,123,672,291,181,158,297,120
PIERCPA01,2000,Paul,Pierce,BOS,N,82,3120,2071,94,428,522,253,138,69,262,251,1513,687,738,550,384,147
PIPPESC01,2000,Scottie,Pippen,POR,N,64,2133,721,70,263,333,294,94,35,154,158,596,269,161,119,186,64
POLLASC01,2000,Scot,Pollard,SAC,N,77,1658,498,173,292,465,47,48,97,66,206,395,185,171,128,2,0
POLYNOL01,2000,Olden,Polynice,UTA,N,81,1619,429,157,221,378,31,27,77,78,241,415,206,65,17,1,0
POPEMA01,2000,Mark,Pope,MIL,N,63,942,151,56,91,147,38,16,26,17,140,142,62,35,22,24,5
PORTECH01,2000,Chris,Porter,GSW,N,51,1147,440,89,100,189,61,45,6,59,111,445,173,141,94,5,0
PORTETE01,2000,Terry,Porter,SAS,N,80,1678,573,24,177,201,251,52,11,104,88,440,197,116,92,205,87
POSEYJA01,2000,James,Posey,DEN,N,82,2255,666,125,306,431,163,93,40,102,226,590,243,141,115,217,65
POSTELA01,2000,Lavor,Postell,NYK,N,26,169,59,8,17,25,5,4,2,17,12,54,17,27,22,11,3
POTAPVI01,2000,Vitaly,Potapenko,BOS,N,82,1901,611,206,289,495,64,52,23,105,228,521,248,158,115,0,0
PRICEBR01,2000,Brent,Price,VAN,N,6,30,13,1,3,4,5,2,0,4,8,11,3,7,6,4,1
PROFILA01,2000,Laron,Profit,WAS,N,35,605,152,18,46,64,89,36,11,46,43,142,56,45,33,26,7
PRZYBJO01,2000,Joel,Przybilla,MIL,N,33,270,27,29,42,71,2,3,30,13,56,35,12,11,3,0,0
RATLITH01,2000,Theo,Ratliff,PHI,N,50,1800,621,125,288,413,58,30,187,126,165,457,228,217,165,0,0
RECASEL01,2000,Eldridge,Recasner,CHA,N,43,403,103,13,37,50,39,6,1,27,30,114,38,18,14,39,13
REDDMI01,2000,Michael,Redd,MIL,N,6,35,13,3,1,4,1,1,0,1,2,19,5,6,3,3,0
REEVEBR01,2000,Bryant,Reeves,VAN,N,75,1832,622,132,320,452,80,43,54,90,243,552,254,142,113,4,1
REIDDO01,2000,Don,Reid,ORL,N,65,764,210,84,158,242,21,23,54,48,190,145,82,75,46,0,0
REIDJR01,2000,J.r.,Reid,CLE,N,6,39,10,5,3,8,1,2,1,1,4,5,2,8,6,0,0
RICEGL01,2000,Glen,Rice,NYK,N,75,2212,899,61,246,307,89,41,13,96,179,752,331,182,155,211,82
RICHAQU01,2000,Quentin,Richardson,LAC,N,76,1358,613,105,152,257,62,42,7,64,98,525,232,158,99,151,50
RICHMMI01,2000,Mitch,Richmond,WAS,N,37,1216,598,15,94,109,111,43,7,84,86,504,205,160,143,133,45
RIDERIS01,2000,Isaiah,Rider,LAL,N,67,1206,507,44,112,156,111,27,7,98,105,472,201,83,71,92,34
ROBERTE01,2000,Terranc,Roberson,CHA,N,3,13,0,0,1,1,1,0,0,2,3,2,0,0,0,1,0
ROBINCL02,2000,Clifford,Robinson,PHO,N,82,2751,1345,105,229,334,237,87,82,186,258,1186,501,357,253,249,90
ROBINDA01,2000,David,Robinson,SAS,N,80,2371,1151,208,483,691,116,80,197,122,212,823,400,470,351,1,0
ROBINED01,2000,Eddie,Robinson,CHA,N,67,1201,498,60,138,198,59,50,32,43,66,407,216,88,64,4,2
ROBINGL01,2000,Glenn,Robinson,MIL,N,76,2813,1674,124,402,526,252,86,62,219,191,1460,684,306,251,184,55
ROBINJA02,2000,Jamal,Robinson,MIA,N,6,72,6,3,8,11,2,6,0,3,7,22,3,0,0,2,0
ROBINJA03,2000,James,Robinson,ORL,N,6,50,10,0,8,8,0,4,1,4,5,11,4,0,0,5,2
ROBINLA01,2000,Larry,Robinson,CLE,N,1,1,0,0,0,0,0,0,0,1,0,0,0,0,0,0,0
ROBINLA01,2000,Larry,Robinson,TOT,N,34,632,199,23,64,87,36,28,2,25,46,184,67,24,21,116,44
ROBINLA01,2000,Larry,Robinson,ATL,N,33,631,199,23,64,87,36,28,2,24,46,184,67,24,21,116,44
ROGERCA01,2000,Carlos,Rogers,HOU,N,39,544,179,48,91,139,9,10,18,17,33,110,75,52,29,1,0
ROGERRO01,2000,Rodney,Rogers,PHO,N,82,2183,998,94,265,359,180,97,47,157,269,876,377,247,188,189,56
ROOKSSE01,2000,Sean,Rooks,LAC,N,82,1553,446,91,212,303,77,34,64,73,197,395,169,143,107,2,1
ROSEJA01,2000,Jalen,Rose,IND,N,72,2943,1478,37,322,359,435,65,43,211,230,1242,567,344,285,174,59
ROSEMA01,2000,Malik,Rose,SAS,N,57,1219,437,95,213,308,48,59,40,74,148,368,160,160,114,17,3
RUFFIMI01,2000,Michael,Ruffin,CHI,N,45,879,119,101,161,262,39,30,38,46,131,90,40,77,39,0,0
RUSSEBR01,2000,Bryon,Russell,UTA,N,78,2473,933,94,236,330,160,96,20,113,229,700,308,285,222,230,95
SABONAR01,2000,Arvydas,Sabonis,POR,N,61,1299,616,51,280,331,91,40,62,85,137,516,247,156,121,15,1
SAMAKSO01,2000,Soumaila,Samake,NJN,N,34,226,46,22,31,53,1,2,14,4,23,48,18,24,10,0,0
SANCHPE01,2000,Pepe,Sanchez,ATL,N,5,34,0,1,0,1,5,2,0,3,3,7,0,0,0,0,0
SANCHPE01,2000,Pepe,Sanchez,PHI,N,24,116,20,2,12,14,36,9,1,3,18,21,9,2,2,1,0
SANCHPE01,2000,Pepe,Sanchez,TOT,N,29,150,20,3,12,15,41,11,1,6,21,28,9,2,2,1,0
SANTIDA01,2000,Dan,Santiago,PHO,N,54,581,170,35,67,102,11,17,21,47,101,134,64,61,42,0,0
SCHREDE01,2000,Detlef,Schrempf,POR,N,26,397,104,17,61,78,44,7,3,28,43,95,39,27,23,8,3
SCOTTSH01,2000,Shawnelle,Scott,SAS,N,27,144,43,23,27,50,4,5,6,11,23,41,17,22,9,0,0
SHAWBR01,2000,Brian,Shaw,LAL,N,80,1833,421,48,256,304,258,49,27,97,159,411,164,64,51,135,42
SKINNBR01,2000,Brian,Skinner,LAC,N,39,584,160,55,113,168,18,14,11,32,61,161,64,59,32,0,0
SLATERE01,2000,Reggie,Slater,MIN,N,55,686,254,78,108,186,26,18,9,43,126,175,90,110,74,0,0
SMITHJA01,2000,Jabari,Smith,SAC,N,9,66,26,1,7,8,6,4,0,3,7,22,11,6,4,0,0
SMITHJO01,2000,Joe,Smith,DET,N,69,1941,847,160,331,491,79,47,50,88,258,765,308,287,231,5,0
SMITHMI01,2000,Michael,Smith,WAS,N,79,1610,301,172,390,562,101,57,37,62,156,218,106,154,89,1,0
SMITHMI03,2000,Mike,Smith,WAS,N,17,180,51,10,12,22,10,5,3,7,8,59,19,16,10,18,3
SMITHST01,2000,Steve,Smith,POR,N,81,2542,1105,87,185,272,213,48,24,137,203,788,359,347,309,230,78
SMITHTO01,2000,Tony,Smith,ATL,N,6,78,17,2,1,3,10,7,0,9,12,23,8,2,1,2,0
SNOWER01,2000,Eric,Snow,PHI,N,50,1740,491,27,139,166,369,77,7,124,123,435,182,154,122,19,5
SPENCFE01,2000,Felton,Spencer,NYK,N,18,113,39,16,19,35,2,2,2,11,24,20,12,25,15,0,0
SPREWLA01,2000,Latrell,Sprewell,NYK,N,77,3017,1364,49,298,347,269,106,28,218,159,1219,524,351,275,135,41
STACKJE01,2000,Jerry,Stackhouse,DET,N,80,3215,2380,99,216,315,410,97,54,326,160,1927,774,810,666,473,166
STARKJO01,2000,John,Starks,UTA,N,75,2122,699,29,125,154,178,73,10,94,217,686,273,111,89,182,64
STEPAVL01,2000,Vladimir,Stepania,NJN,N,29,280,82,35,74,109,16,10,11,19,47,88,28,34,25,4,1
STEVEDE01,2000,Deshawn,Stevenson,UTA,N,40,293,89,9,19,28,18,10,2,28,29,91,31,38,26,12,1
STEWAMI01,2000,Michael,Stewart,TOR,N,26,123,33,16,13,29,2,4,3,5,19,34,11,18,11,0,0
STITHBR01,2000,Bryant,Stith,BOS,N,78,2504,756,65,219,284,168,93,14,90,182,611,245,207,175,242,91
STOCKJO01,2000,John,Stockton,UTA,N,82,2397,944,54,173,227,713,132,21,203,194,651,328,278,227,132,61
STOJAPR01,2000,Predrag,Stojakovic,SAC,N,75,2905,1529,93,341,434,164,91,13,146,144,1189,559,312,267,360,144
STOUDDA01,2000,Damon,Stoudamire,POR,N,82,2655,1066,69,234,303,468,106,8,191,202,935,406,207,172,219,82
STRICER01,2000,Erick,Strickland,TOT,N,50,830,260,18,110,128,95,44,2,48,88,267,81,79,68,95,30
STRICER01,2000,Erick,Strickland,NYK,N,28,421,120,9,43,52,29,22,1,21,46,131,40,28,24,47,16
STRICER01,2000,Erick,Strickland,VAN,N,22,409,140,9,67,76,66,22,1,27,42,136,41,51,44,48,14
STRICMA01,2000,Mark,Strickland,DEN,N,46,517,201,43,77,120,17,12,19,24,58,185,82,59,37,1,0
STRICMA01,2000,Mark,Strickland,TOT,N,55,719,252,54,107,161,24,16,22,34,72,239,103,70,45,2,1
STRICMA01,2000,Mark,Strickland,NJN,N,9,202,51,11,30,41,7,4,3,10,14,54,21,11,8,1,1
STRICRO01,2000,Rod,Strickland,TOT,N,54,1371,498,36,104,140,303,53,5,107,76,429,182,173,130,17,4
STRICRO01,2000,Rod,Strickland,POR,N,21,351,97,11,24,35,72,10,1,24,21,98,41,26,15,1,0
STRICRO01,2000,Rod,Strickland,WAS,N,33,1020,401,25,80,105,231,43,4,83,55,331,141,147,115,16,4
STRONDE01,2000,Derek,Strong,LAC,N,28,491,118,34,74,108,7,14,1,22,30,117,45,37,28,1,0
SUNDOBR01,2000,Bruno,Sundov,IND,N,11,120,43,4,19,23,2,2,4,3,21,41,20,5,3,4,0
SURABO01,2000,Bob,Sura,GSW,N,53,1684,586,54,173,227,242,54,8,160,127,518,202,189,135,172,47
SWIFTST01,2000,Stromile,Swift,VAN,N,80,1312,391,109,175,284,28,62,82,64,160,339,153,141,85,4,0
SZCZEWA01,2000,Wally,Szczerbiak,MIN,N,82,2856,1145,133,314,447,260,59,33,138,226,920,469,208,181,77,26
TABAKZA01,2000,Zan,Tabak,IND,N,55,777,216,65,148,213,33,10,30,57,125,186,98,47,20,0,0
TARLADR01,2000,Dragan,Tarlac,CHI,N,43,598,103,37,85,122,31,7,19,38,95,99,39,33,25,0,0
TAYLOMA01,2000,Maurice,Taylor,HOU,N,69,1972,899,109,269,378,104,28,38,125,208,797,390,162,119,4,0
TERRYJA01,2000,Jason,Terry,ATL,N,82,3089,1619,42,227,269,403,104,12,239,204,1367,596,358,303,314,124
THOMAJA01,2000,Jamel,Thomas,NJN,N,5,56,13,4,5,9,0,3,0,6,6,19,6,0,0,3,1
THOMAKE01,2000,Kenny,Thomas,HOU,N,74,1820,528,122,295,417,77,40,43,116,178,465,206,126,91,92,25
THOMAKU01,2000,Kurt,Thomas,NYK,N,77,2125,800,172,343,515,63,61,69,99,287,614,314,210,171,3,1
THOMATI01,2000,Tim,Thomas,MIL,N,76,2086,954,79,234,313,138,78,45,114,194,758,326,253,195,260,107
THORPOT01,2000,Otis,Thorpe,CHA,N,49,647,138,50,95,145,29,12,7,32,108,131,59,24,20,0,0
TRAYLRO01,2000,Robert,Traylor,CLE,N,70,1212,402,124,176,300,63,49,76,98,204,324,161,141,80,2,0
TRENTGA01,2000,Gary,Trent,DAL,N,33,319,133,39,53,92,10,13,8,22,52,130,57,36,19,1,0
TSAKAIA01,2000,Iakovos,Tsakalidis,PHO,N,57,947,256,83,159,242,19,10,55,66,137,215,101,91,54,0,0
TURKOHI01,2000,Hidayet,Turkoglu,SAC,N,74,1245,391,49,161,210,69,52,24,55,139,335,138,112,87,86,28
VANEXNI01,2000,Nick,Vanexel,DEN,N,71,2688,1259,44,197,241,600,61,18,165,109,1112,460,249,204,358,135
VANHOKE01,2000,Keith,Vanhorn,NJN,N,49,1733,831,78,269,347,82,40,20,103,150,708,308,186,150,170,65
VANTEDA01,2000,David,Vanterpol,WAS,N,22,411,122,15,22,37,66,23,3,37,44,110,46,50,30,6,0
VAUGHJA01,2000,Jacque,Vaughn,UTA,N,82,1620,498,18,132,150,323,48,3,129,145,393,170,164,128,78,30
VAUGHLO01,2000,Loy,Vaught,DAL,N,37,392,114,35,88,123,16,15,5,18,61,121,55,6,4,0,0
VAUGHLO01,2000,Loy,Vaught,TOT,N,51,549,168,51,122,173,23,21,7,26,74,169,80,10,8,0,0
VAUGHLO01,2000,Loy,Vaught,WAS,N,14,157,54,16,34,50,7,6,2,8,13,48,25,4,4,0,0
VOSKUJA01,2000,Jake,Voskuhl,CHI,N,16,143,30,12,22,34,5,5,6,12,38,25,11,14,8,0,0
WALKEAN01,2000,Antoine,Walker,BOS,N,81,3396,1892,151,568,719,445,138,49,301,251,1720,711,348,249,603,221
WALKESA01,2000,Samaki,Walker,SAS,N,61,963,321,67,176,243,29,10,41,68,103,252,121,124,78,3,1
WALLABE01,2000,Ben,Wallace,DET,N,80,2760,511,303,749,1052,123,107,186,117,192,439,215,238,80,4,1
WALLAJO01,2000,John,Wallace,DET,N,40,527,237,25,58,83,23,13,16,36,72,236,100,45,35,15,2
WALLARA01,2000,Rasheed,Wallace,POR,N,77,2940,1477,147,455,602,212,90,135,158,206,1178,590,320,245,162,52
WANGZH01,2000,Wang,Zhizhi,DAL,N,5,38,24,1,6,7,0,0,0,1,8,19,8,10,8,2,0
WARDCH01,2000,Charlie,Ward,NYK,N,61,1492,433,32,127,159,273,70,10,112,132,373,155,70,56,175,67
WEATHCL01,2000,Clarence,Weatherspoon,CLE,N,82,2774,924,223,573,796,103,85,105,112,171,692,347,291,230,0,0
WEBBECH01,2000,Chris,Webber,SAC,N,70,2836,1898,179,598,777,294,93,118,195,226,1635,786,461,324,28,2
WELLSBO01,2000,Bonzi,Wells,POR,N,75,1995,950,120,247,367,208,94,20,169,203,726,387,240,159,50,17
WESLEDA01,2000,David,Wesley,CHA,N,82,3106,1414,64,160,224,361,128,16,171,220,1239,523,339,271,258,97
WESTDO01,2000,Doug,West,VAN,N,15,171,28,4,11,15,14,3,4,4,21,38,11,7,6,2,0
WHITEJA01,2000,Jahidi,White,WAS,N,68,1609,583,178,343,521,20,32,111,136,211,408,203,312,177,1,0
WHITNCH01,2000,Chris,Whitney,WAS,N,59,1532,558,12,94,106,248,55,3,103,150,470,182,113,101,248,93
WILLIAA01,2000,Aaron,Williams,NJN,N,82,2336,838,211,379,590,88,59,113,132,319,650,297,310,244,2,0
WILLIAL01,2000,Alvin,Williams,TOR,N,82,2394,802,50,162,212,407,123,26,103,171,767,330,145,109,108,33
WILLICO02,2000,Corliss,Williamson,TOT,N,69,1686,801,110,211,321,61,50,21,110,185,647,325,237,151,2,0
WILLICO02,2000,Corliss,Williamson,TOR,N,42,886,390,57,96,153,33,15,13,65,98,325,153,130,84,2,0
WILLICO02,2000,Corliss,Williamson,DET,N,27,800,411,53,115,168,28,35,8,45,87,322,172,107,67,0,0
WILLIER01,2000,Eric,Williams,BOS,N,81,1745,535,64,143,207,112,64,13,76,179,448,162,231,165,139,46
WILLIJA02,2000,Jason,Williams,SAC,N,77,2290,720,19,166,185,416,94,9,160,114,690,281,76,60,311,98
WILLIJE01,2000,Jerome,Williams,DET,N,33,804,241,98,180,278,32,39,10,47,81,201,88,90,65,2,0
WILLIJE01,2000,Jerome,Williams,TOT,N,59,1182,372,133,249,382,45,57,20,63,124,294,136,135,100,3,0
WILLIJE01,2000,Jerome,Williams,TOR,N,26,378,131,35,69,104,13,18,10,16,43,93,48,45,35,1,0
WILLIKE01,2000,Kevin,Willis,TOT,N,78,1830,722,177,355,532,50,57,52,87,216,690,304,147,113,6,1
WILLIKE01,2000,Kevin,Willis,TOR,N,35,771,309,68,155,223,21,19,21,40,78,269,124,81,61,2,0
WILLIKE01,2000,Kevin,Willis,DEN,N,43,1059,413,109,200,309,29,38,31,47,138,421,180,66,52,4,1
WILLIMO01,2000,Monty,Williams,ORL,N,82,1211,410,86,157,243,79,29,16,85,136,364,162,133,85,13,1
WILLISC01,2000,Scott,Williams,MIL,N,66,1272,403,97,267,364,35,48,32,41,178,361,171,70,60,4,1
WILLISH01,2000,Shammond,Williams,SEA,N,69,1238,467,34,98,132,190,31,4,82,83,368,161,96,84,133,61
WILLIWA01,2000,Walt,Williams,HOU,N,72,1583,599,31,214,245,97,30,28,73,153,513,202,126,97,248,98
WINGADA01,2000,David,Wingate,SEA,N,1,9,6,0,0,0,2,0,0,0,1,3,3,0,0,0,0
WOLKORU01,2000,Ruben,Wolkowyski,SEA,N,34,305,75,12,34,46,3,6,18,12,38,79,25,34,25,2,0
WRIGHLO02,2000,Lorenzen,Wright,ATL,N,71,1988,881,180,355,535,87,42,63,125,232,811,363,216,155,2,0
ABDULTA01,2001,Tariq,Abdul-wahad,DAL,N,24,442,135,41,43,84,24,20,10,27,56,147,55,33,24,2,1
ABDURSH01,2001,Shareef,Abdur-rahim,ATL,N,77,2980,1636,198,498,696,239,98,81,250,214,1297,598,523,419,70,21
ALEXACO02,2001,Courtney,Alexander,WAS,N,56,1327,549,43,105,148,86,35,7,60,113,474,223,121,98,18,5
ALEXAVI01,2001,Victor,Alexander,DET,N,15,98,40,7,22,29,6,0,1,5,6,51,18,8,4,2,0
ALLENMA01,2001,Malik,Allen,MIA,N,12,161,52,15,23,38,5,3,8,2,16,51,22,10,8,1,0
ALLENRA02,2001,Ray,Allen,MIL,N,69,2525,1503,81,231,312,271,88,18,159,157,1148,530,245,214,528,229
ALSTORA01,2001,Rafer,Alston,MIL,N,50,600,177,10,62,72,143,32,2,40,42,191,66,29,18,71,27
AMAECJO01,2001,John,Amaechi,UTA,N,54,589,175,52,57,109,29,7,10,55,64,166,54,105,67,0,0
ANDERCH01,2001,Chris,Andersen,DEN,N,24,262,72,38,38,76,7,7,28,13,35,74,25,28,22,4,0
ANDERDE01,2001,Derek,Anderson,POR,N,70,1862,757,47,142,189,216,68,8,87,113,612,247,208,178,228,85
ANDERKE02,2001,Kenny,Anderson,BOS,N,76,2432,731,57,218,275,403,141,10,119,210,716,312,132,98,33,9
ANDERNI01,2001,Nick,Anderson,MEM,N,15,219,60,1,31,32,14,6,6,14,17,76,21,9,5,48,13
ANDERSH01,2001,Shandon,Anderson,NYK,N,82,1599,411,57,192,249,76,48,15,97,134,373,149,107,74,141,39
ANTHOGR01,2001,Greg,Anthony,MIL,N,60,1512,474,22,110,132,282,77,5,94,114,475,183,91,60,163,48
ARENAGI01,2001,Gilbert,Arenas,GSW,N,47,1156,511,41,91,132,174,69,11,97,115,384,174,160,124,113,39
ARMSTBR01,2001,Brandon,Armstrong,NJN,N,35,196,64,10,6,16,8,7,1,8,26,85,27,10,5,17,5
ARMSTDA01,2001,Darrell,Armstrong,ORL,N,82,2731,1015,83,236,319,453,157,10,175,166,827,347,205,182,398,139
ARROYCA01,2001,Carlos,Arroyo,GSW,N,2,11,1,0,1,1,1,0,0,0,1,4,0,2,1,1,0
ARROYCA01,2001,Carlos,Arroyo,TOT,N,11,59,15,12,28,40,13,4,0,9,9,17,6,6,3,1,0
ARROYCA01,2001,Carlos,Arroyo,TOR,N,9,48,14,2,1,3,12,4,0,9,8,13,6,4,2,0,0
ARTESRO01,2001,Ron,Artest,IND,N,55,1645,727,72,195,267,127,141,39,118,217,636,269,204,136,170,53
ATKINCH01,2001,Chucky,Atkins,DET,N,79,2283,957,31,127,158,263,72,11,128,177,790,368,120,83,336,138
AUGMOST01,2001,Stacey,Augmon,CHA,N,77,1317,357,60,166,226,103,56,12,54,115,328,140,101,77,3,0
AUSTIIS01,2001,Isaac,Austin,MEM,N,21,307,76,11,60,71,13,9,5,11,36,92,36,4,4,3,0
AVERYWI01,2001,William,Avery,MIN,N,28,258,71,4,20,24,36,7,0,19,17,90,26,19,13,35,6
BAGARDA01,2001,Dalibor,Bagaric,CHI,N,50,640,185,55,107,162,23,17,24,46,108,178,72,70,41,1,0
BAKERVI01,2001,Vin,Baker,SEA,N,55,1711,774,168,182,350,72,22,36,127,197,649,315,226,143,8,1
BARKLER01,2001,Erick,Barkley,POR,N,19,228,58,5,13,18,34,17,1,12,29,68,24,10,9,7,1
BARRODA01,2001,Dana,Barros,DET,N,29,583,193,1,56,57,78,14,2,33,37,192,74,27,21,71,24
BARRYBR01,2001,Brent,Barry,SEA,N,81,3038,1164,58,383,441,426,147,37,165,182,790,401,234,198,387,164
BARRYJO01,2001,Jon,Barry,DET,N,82,1984,739,42,190,232,274,94,20,111,134,522,255,116,108,258,121
BATEEME01,2001,Mengke,Bateer,DEN,N,27,408,139,32,64,96,22,10,5,32,94,132,53,37,29,12,4
BATTISH01,2001,Shane,Battier,MEM,N,78,3097,1125,180,239,419,216,121,81,155,215,961,412,283,198,276,103
BATTITO01,2001,Tony,Battie,BOS,N,74,1820,510,184,297,481,35,60,67,51,219,390,211,130,88,2,0
BELLCH01,2001,Charlie,Bell,DAL,N,7,44,8,2,3,5,2,0,0,5,3,11,3,2,2,6,0
BELLRA01,2001,Raja,Bell,PHI,N,74,888,254,1,0,1,71,21,4,48,109,240,103,48,36,44,12
BENDEJO01,2001,Jonathan,Bender,IND,N,78,1646,581,64,180,244,62,19,49,96,147,460,198,181,140,125,45
BESTTR01,2001,Travis,Best,CHI,N,74,1746,581,20,131,151,324,89,7,99,173,518,228,116,104,59,21
BIBBYMI01,2001,Mike,Bibby,SAC,N,80,2656,1098,37,185,222,403,87,15,134,133,985,446,193,155,138,51
BILLUCH01,2001,Chauncey,Billups,MIN,N,82,2353,1027,35,191,226,450,66,17,138,169,823,348,234,207,315,124
BLAYLMO01,2001,Mookie,Blaylock,GSW,N,35,599,119,8,44,52,114,24,4,37,20,146,50,8,4,42,15
BLOUNCO01,2001,Corie,Blount,PHI,N,72,1426,259,149,219,368,44,49,26,52,176,251,115,45,29,1,0
BLOUNMA01,2001,Mark,Blount,BOS,N,44,414,94,26,59,85,10,16,19,23,59,76,32,37,30,0,0
BOOTHCA01,2001,Calvin,Booth,SEA,N,15,279,93,20,34,54,16,6,13,16,47,82,35,24,23,0,0
BOUMTRU01,2001,Ruben,Boumtje,POR,N,33,244,39,21,34,55,4,3,16,14,38,32,13,25,13,0,0
BOWDLCA01,2001,Cal,Bowdler,ATL,N,52,582,162,38,72,110,11,18,15,11,64,174,61,47,39,5,1
BOWENBR01,2001,Bruce,Bowen,SAS,N,59,1699,412,42,120,162,88,62,25,66,116,398,155,96,46,148,56
BOWENRY01,2001,Ryan,Bowen,DEN,N,75,1688,364,134,165,299,52,75,41,41,171,307,147,92,69,12,1
BOWMAIR01,2001,Ira,Bowman,PHI,N,3,29,10,0,1,1,1,2,0,0,3,7,5,0,0,1,0
BOYKIEA01,2001,Earl,Boykins,LAC,N,68,762,280,27,27,54,145,20,2,44,44,275,110,61,47,42,13
BRADLMI01,2001,Michael,Bradley,TOR,N,26,117,30,7,17,24,3,0,6,6,10,25,13,8,4,2,0
BRADLSH01,2001,Shawn,Bradley,DAL,N,53,758,215,53,123,176,20,28,64,25,128,163,78,64,59,1,0
BRANDEL01,2001,Elton,Brand,LAC,N,80,3024,1453,396,529,925,191,80,163,173,254,1010,532,524,389,0,0
BRANDTE01,2001,Terrell,Brandon,MIN,N,32,963,397,17,76,93,264,52,6,43,49,365,155,84,83,23,4
BREWEJA01,2001,Jamison,Brewer,IND,N,13,43,4,2,6,8,9,2,0,3,3,5,2,0,0,1,0
BREZEPR01,2001,Primoz,Brezec,IND,N,22,161,43,16,12,28,6,0,7,6,28,29,14,25,15,0,0
BROWNCH01,2001,Chucky,Brown,SAC,N,18,92,21,0,33,33,6,2,4,5,12,27,10,2,1,0,0
BROWNDA02,2001,Damone,Brown,PHI,N,17,66,23,2,2,4,2,1,1,9,11,21,8,8,7,1,0
BROWNDE01,2001,Dee,Brown,ORL,N,7,65,7,0,9,9,2,3,1,4,4,20,3,0,0,12,1
BROWNER01,2001,Ernest,Brown,MIA,N,3,21,3,1,5,6,0,0,1,3,4,6,1,4,1,0,0
BROWNKE01,2001,Kedrick,Brown,BOS,N,29,244,63,11,39,50,15,18,7,7,18,70,23,20,12,27,5
BROWNKW01,2001,Kwame,Brown,WAS,N,57,815,258,63,135,198,43,16,26,43,105,243,94,99,70,1,0
BROWNPJ01,2001,P.j.,Brown,CHA,N,80,2560,669,273,513,786,107,59,78,85,222,527,250,197,169,0,0
BROWNRA01,2001,Randy,Brown,BOS,N,1,6,0,0,0,0,2,0,1,0,1,1,0,0,0,0,0
BROWNTI01,2001,Tierre,Brown,HOU,N,40,404,123,12,30,42,70,19,3,40,26,115,49,28,21,12,4
BRUNSRI01,2001,Rick,Brunson,POR,N,59,519,125,24,45,69,114,25,2,47,51,113,45,41,29,11,6
BRYANKO01,2001,Kobe,Bryant,LAL,N,80,3064,2019,112,329,441,438,118,35,223,228,1597,749,589,488,132,33
BRYANMA01,2001,Mark,Bryant,SAS,N,30,207,56,25,20,45,10,7,2,6,38,55,25,8,6,0,0
BUCKNGR01,2001,Greg,Buckner,DAL,N,44,884,253,67,106,173,48,31,19,27,124,198,104,58,40,16,5
BUECHJU01,2001,Jud,Buechler,ORL,N,66,686,111,29,87,116,32,21,8,15,53,118,44,4,2,60,21
BUFORRO01,2001,Rodney,Buford,MEM,N,63,1770,591,52,220,272,71,42,12,63,110,593,258,80,58,70,17
BULLAMA01,2001,Matt,Bullard,CHA,N,31,350,105,10,37,47,16,2,2,12,29,115,39,12,11,57,16
BUTLEMI01,2001,Mitchell,Butler,POR,N,11,90,29,6,8,14,5,0,1,5,10,23,10,12,8,3,1
CAFFEJA01,2001,Jason,Caffey,MIL,N,23,283,99,24,26,50,12,4,5,19,39,72,36,43,27,1,0
CAMBYMA01,2001,Marcus,Camby,NYK,N,29,1006,322,89,233,322,33,34,50,42,107,290,130,99,62,1,0
CAMPBEL01,2001,Elden,Campbell,CHA,N,77,2156,1074,133,397,530,102,60,137,138,264,794,384,384,306,2,0
CARDIBR01,2001,Brian,Cardinal,DET,N,8,43,17,2,4,6,2,1,0,0,5,13,6,2,2,7,3
CARTEAN01,2001,Anthony,Carter,MIA,N,46,1049,198,19,98,117,214,50,3,72,85,260,89,36,19,19,1
CARTEVI01,2001,Vince,Carter,TOR,N,60,2388,1484,138,175,313,239,94,43,154,191,1307,559,307,245,313,121
CASSESA01,2001,Sam,Cassell,MIL,N,74,2605,1461,54,258,312,493,90,12,177,208,1197,554,328,282,204,71
CATOKE01,2001,Kelvin,Cato,HOU,N,75,1920,493,176,349,525,29,40,95,53,208,326,190,194,113,1,0
CHANDTY01,2001,Tyson,Chandler,CHI,N,71,1392,436,114,229,343,54,28,93,99,179,304,151,222,134,0,0
CHEANCA01,2001,Calbert,Cheaney,DEN,N,68,1632,494,57,183,240,110,34,21,70,156,466,224,67,46,4,0
CHILDCH01,2001,Chris,Childs,TOR,N,69,1573,285,18,136,154,351,56,5,123,177,296,97,71,58,120,33
CHRISDO01,2001,Doug,Christie,SAC,N,81,2795,972,74,300,374,340,160,25,164,209,735,338,242,206,256,90
CLARKKE01,2001,Keon,Clark,TOR,N,81,2187,915,182,421,603,88,58,122,140,258,775,380,230,155,5,0
CLAXTSP01,2001,Speedy,Claxton,PHI,N,67,1528,480,1,0,1,198,95,6,95,145,452,181,136,114,33,4
CLEAVMA01,2001,Mateen,Cleaves,SAC,N,32,154,70,1,7,8,25,7,0,27,9,68,30,9,8,8,2
COLEMDE01,2001,Derrick,Coleman,PHI,N,58,2082,875,167,342,509,98,42,51,119,158,735,331,227,185,83,28
COLESBI01,2001,Bimbo,Coles,CLE,N,47,691,149,12,43,55,107,13,4,31,59,146,56,37,33,20,4
COLLIJA02,2001,Jason,Collier,HOU,N,25,365,106,31,51,82,9,6,4,13,40,95,41,32,24,1,0
COLLIJA03,2001,Jason,Collins,NJN,N,77,1409,350,132,169,301,81,29,47,72,172,278,117,164,115,2,1
COLLIJA04,2001,Jarron,Collins,UTA,N,70,1442,450,138,158,296,58,29,22,56,234,343,158,181,134,1,0
CRAWFCH01,2001,Chris,Crawford,ATL,N,7,131,53,9,16,25,5,2,5,10,21,45,21,15,11,1,0
CRAWFJA01,2001,Jamal,Crawford,CHI,N,23,481,214,5,29,34,55,18,5,32,18,187,89,13,10,58,26
CRISPJO01,2001,Joe,Crispin,PHO,N,21,155,79,2,9,11,26,5,0,10,10,68,26,13,12,39,15
CROSHAU01,2001,Austin,Croshere,IND,N,76,1284,516,74,221,295,77,26,29,67,106,448,185,114,97,145,49
CROTTJO01,2001,John,Crotty,UTA,N,41,804,284,16,59,75,141,19,1,51,77,208,98,66,57,69,31
CUMMIVO01,2001,Vonteego,Cummings,PHI,N,58,499,192,0,0,0,60,18,5,36,53,187,78,32,24,46,12
CURRYDE01,2001,Dell,Curry,TOR,N,56,885,360,23,58,81,61,22,6,41,50,347,141,37,33,131,45
CURRYED01,2001,Eddy,Curry,CHI,N,72,1152,483,111,161,272,25,16,53,69,173,377,189,160,105,0,0
CURRYMI01,2001,Michael,Curry,DET,N,82,1911,329,15,153,168,127,47,10,60,207,276,125,91,72,26,7
DALEMSA01,2001,Samuel,Dalembert,PHI,N,34,177,51,22,41,63,5,6,13,14,30,50,22,18,7,0,0
DAMPIER01,2001,Erick,Dampier,GSW,N,73,1737,554,167,220,387,87,17,167,156,235,480,209,211,136,0,0
DANIEAN01,2001,Antonio,Daniels,SAS,N,82,2173,753,23,153,176,228,48,12,70,104,612,269,210,158,196,57
DAVISAN01,2001,Antonio,Davis,TOR,N,77,2980,1113,254,486,740,155,54,83,159,225,963,410,358,293,1,0
DAVISBA01,2001,Baron,Davis,CHA,N,82,3321,1484,93,256,349,698,172,47,246,241,1341,559,338,196,478,170
DAVISDA01,2001,Dale,Davis,POR,N,78,2449,742,262,426,688,96,62,83,62,193,580,296,212,150,0,0
DAVISEM01,2001,Emanual,Davis,ATL,N,28,773,185,19,55,74,68,27,5,52,68,198,70,18,16,85,29
DAVISHU01,2001,Hubert,Davis,WAS,N,51,1229,365,7,70,77,107,28,3,44,58,326,146,21,16,126,57
DAVISRI01,2001,Ricky,Davis,CLE,N,82,1952,959,63,180,243,178,69,23,148,145,781,376,248,196,35,11
DECLEAN01,2001,Andrew,Declercq,ORL,N,61,634,162,74,89,163,22,23,23,34,130,149,67,50,28,0,0
DELKTO01,2001,Tony,Delk,BOS,N,63,1449,597,58,145,203,132,53,10,59,98,588,226,97,78,214,67
DELNEVI01,2001,Vinny,Delnegro,PHO,N,2,6,2,0,0,0,2,0,0,0,0,4,1,0,0,0,0
DIALDE01,2001,Derrick,Dial,TOR,N,32,298,101,14,42,56,35,10,4,16,13,120,41,24,18,11,1
DICKEMI01,2001,Michael,Dickerson,MEM,N,4,124,43,3,9,12,9,3,1,8,12,48,15,6,5,21,8
DIOPDE01,2001,Desagana,Diop,CLE,N,18,110,25,5,12,17,5,1,10,12,19,29,12,5,1,0,0
DIVACVL01,2001,Vlade,Divac,SAC,N,80,2416,888,205,466,671,297,79,94,158,229,716,338,340,209,13,3
DOLEAMI01,2001,Michael,Doleac,CLE,N,42,706,194,47,121,168,25,15,11,37,98,187,78,46,38,0,0
DOOLIKE01,2001,Keyon,Dooling,LAC,N,14,155,58,0,3,3,12,4,3,10,20,57,22,12,10,14,4
DREWBR01,2001,Bryce,Drew,CHA,N,61,775,210,14,58,72,101,32,2,33,49,182,78,29,23,73,31
DROBNPR01,2001,Predrag,Drobnjak,SEA,N,64,1171,437,4,215,219,51,20,31,51,109,414,191,73,55,2,0
DUDLECH02,2001,Chris,Dudley,POR,N,43,327,48,27,53,80,13,3,14,14,42,50,20,15,8,2,0
DUNCATI01,2001,Tim,Duncan,SAS,N,82,3329,2089,268,774,1042,307,61,203,263,217,1504,764,701,560,10,1
EISLEHO01,2001,Howard,Eisley,NYK,N,39,608,171,9,40,49,100,24,3,53,55,175,59,49,39,58,14
EKEZIOB01,2001,Obinna,Ekezie,LAC,N,29,151,54,12,22,34,3,2,6,10,16,39,13,40,28,0,0
ELLISLA01,2001,Laphonso,Ellis,MIA,N,66,1683,469,107,180,287,56,30,37,73,196,452,189,84,53,124,38
ESCHMEV01,2001,Evan,Eschmeyer,DAL,N,31,298,62,35,63,98,9,10,9,16,60,50,21,33,20,0,0
EVANSMA01,2001,Maurice,Evans,MIN,N,10,45,21,3,1,4,4,0,0,2,9,19,9,4,3,3,0
EWINGPA01,2001,Patrick,Ewing,ORL,N,65,904,390,59,203,262,35,22,45,64,129,333,148,134,94,1,0
FERRYDA01,2001,Danny,Ferry,SAS,N,50,800,229,15,75,90,48,16,9,22,70,177,76,36,34,99,43
FINLEMI01,2001,Michael,Finley,DAL,N,69,2753,1424,31,329,360,230,65,25,117,144,1228,569,251,210,224,76
FISHEDE01,2001,Derek,Fisher,LAL,N,70,1974,786,15,131,146,181,66,9,62,121,666,274,111,94,349,144
FIZERMA01,2001,Marcus,Fizer,CHI,N,76,1961,938,128,299,427,120,49,24,131,186,848,371,283,189,41,7
FONTAIS01,2001,Isaac,Fontaine,MEM,N,6,75,11,0,5,5,4,0,0,4,6,14,3,6,4,5,1
FORDAL02,2001,Alton,Ford,PHO,N,53,451,164,32,75,107,7,6,7,32,99,118,61,57,42,0,0
FORTEJO01,2001,Joseph,Forte,BOS,N,8,39,6,1,5,6,6,2,0,3,1,12,1,4,4,3,0
FORTSDA01,2001,Danny,Fortson,GSW,N,77,2218,864,290,609,899,127,44,17,160,255,722,309,308,245,4,1
FOSTEGR01,2001,Greg,Foster,MIL,N,6,24,7,0,8,8,1,0,0,0,4,9,2,4,3,4,0
FOSTEJE01,2001,Jeff,Foster,IND,N,82,1788,467,206,350,556,70,71,38,79,232,394,177,182,111,15,2
FOTSIAN01,2001,Antonis,Fotsis,MEM,N,28,319,108,4,58,62,10,9,11,21,22,104,42,20,17,23,7
FOWLKTR01,2001,Tremaine,Fowlkes,LAC,N,22,343,74,32,32,64,17,11,1,13,39,64,25,31,24,0,0
FOXRI01,2001,Rick,Fox,LAL,N,82,2288,645,90,299,389,283,67,21,132,244,605,255,85,70,208,65
FOYLEAD01,2001,Adonal,Foyle,GSW,N,79,1485,379,150,234,384,41,36,168,76,179,385,171,93,37,0,0
FRANCST01,2001,Steve,Francis,HOU,N,57,2343,1234,102,299,401,362,71,25,221,172,1007,420,422,326,210,68
FUNDELA01,2001,Lawrence,Funderburke,SAC,N,56,722,264,76,122,198,32,11,18,33,65,245,115,56,34,3,0
GARNEKE01,2001,Kevin,Garnett,MIN,N,81,3175,1714,243,738,981,422,96,126,229,184,1401,659,448,359,116,37
GARREDE01,2001,Dean,Garrett,GSW,N,34,184,36,16,41,57,5,7,10,10,32,55,18,3,0,0,0
GARRIPA01,2001,Pat,Garrity,ORL,N,80,2408,884,77,261,338,99,60,28,68,230,767,327,73,61,396,169
GASOLPA01,2001,Pau,Gasol,MEM,N,82,3009,1441,238,492,730,223,41,169,224,195,1064,551,477,338,5,1
GATLICH01,2001,Chris,Gatling,MIA,N,54,810,345,71,135,206,25,17,11,58,109,293,131,117,82,8,1
GEIGEMA01,2001,Matt,Geiger,PHI,N,4,36,3,3,3,6,0,0,2,2,2,8,1,2,1,0,0
GEORGDE01,2001,Devean,George,LAL,N,82,1763,581,78,225,303,111,71,42,66,190,523,215,126,85,178,66
GILLED01,2001,Eddie,Gill,MEM,N,23,384,116,7,21,28,49,11,3,34,38,92,39,39,31,22,7
GILLKE01,2001,Kendall,Gill,MIA,N,65,1411,372,29,155,184,100,44,8,55,140,422,162,62,42,44,6
GLOVEDI01,2001,Dion,Glover,ATL,N,55,1155,492,36,133,169,84,45,14,76,89,456,192,103,78,91,30
GOODRST01,2001,Steve,Goodrich,NJN,N,9,50,5,1,4,5,5,1,2,3,10,10,2,2,1,0,0
GRANTBR01,2001,Brian,Grant,MIA,N,72,2254,673,168,407,575,137,48,31,122,236,610,286,119,101,2,0
GRANTHO01,2001,Horace,Grant,ORL,N,76,2212,608,159,322,481,104,57,49,51,118,515,264,111,80,0,0
GRIFFAD01,2001,Adrian,Griffin,DAL,N,58,1380,415,68,161,229,106,75,12,42,142,359,179,49,41,54,16
GRIFFED01,2001,Eddie,Griffin,HOU,N,73,1898,642,117,299,416,53,17,134,47,117,666,244,86,64,273,90
GUGLITO01,2001,Tom,Gugliotta,PHO,N,44,1131,285,59,162,221,77,39,30,61,116,301,127,37,28,9,3
GUYTOAJ01,2001,A.j.,Guyton,CHI,N,45,608,244,2,42,44,81,10,7,37,23,244,88,27,22,123,46
HAMDA01,2001,Darvin,Ham,MIL,N,70,1211,303,91,111,202,73,25,37,83,175,211,120,123,62,7,1
HAMILRI01,2001,Richard,Hamilton,WAS,N,63,2205,1260,73,143,216,171,38,14,132,136,1084,472,337,300,42,16
HAMILTA01,2001,Tang,Hamilton,MIA,N,9,98,20,6,12,18,5,4,0,2,10,19,10,1,0,1,0
HAMILZE01,2001,Zendon,Hamilton,DEN,N,54,848,324,110,143,253,14,21,18,60,104,245,103,181,118,0,0
HARDAAN01,2001,Anfernee,Hardaway,PHO,N,80,2464,959,98,252,350,324,122,32,189,184,931,389,195,158,83,23
HARDATI01,2001,Tim,Hardaway,TOT,N,68,1601,652,14,110,124,278,57,10,111,109,620,226,97,77,354,123
HARDATI01,2001,Tim,Hardaway,DAL,N,54,1276,518,13,84,97,201,40,8,73,84,494,179,78,65,279,95
HARDATI01,2001,Tim,Hardaway,DEN,N,14,325,134,1,26,27,77,17,2,38,25,126,47,19,12,75,28
HARPRMA01,2001,Matt,Harpring,PHI,N,81,2543,958,203,370,573,107,70,5,127,201,838,386,222,165,69,21
HARRIAL01,2001,Al,Harrington,IND,N,44,1311,576,96,180,276,54,41,21,78,166,484,230,144,115,3,1
HARRILU01,2001,Lucious,Harris,NJN,N,74,1554,675,49,158,207,116,53,6,61,99,537,249,158,133,118,44
HARRIOT01,2001,Othella,Harrington,NYK,N,77,1563,596,125,224,349,37,30,36,95,250,450,237,172,122,2,0
HARTJA01,2001,Jason,Hart,SAS,N,10,92,26,4,9,13,12,7,1,8,16,19,10,6,6,2,0
HARVEAN01,2001,Antonio,Harvey,SEA,N,5,47,9,5,4,9,5,1,3,3,8,12,4,2,1,0,0
HARVEDO01,2001,Donnell,Harvey,DEN,N,47,841,270,80,147,227,37,21,24,33,115,217,108,90,54,0,0
HASSETR01,2001,Trenton,Hassell,CHI,N,78,2239,681,65,190,255,172,55,44,101,184,628,267,114,87,165,60
HASTOKI01,2001,Kirk,Haston,CHA,N,15,77,26,5,15,20,5,0,1,3,9,39,11,8,4,3,0
HAYWOBR01,2001,Brendan,Haywood,WAS,N,62,1265,315,143,179,322,29,21,91,50,158,221,109,160,97,0,0
HENDEAL01,2001,Alan,Henderson,ATL,N,26,421,143,31,66,97,11,11,15,21,40,116,59,45,24,1,1
HENDECE02,2001,Cedric,Henderson,GSW,N,12,70,36,0,3,3,4,6,2,8,4,31,15,7,4,4,2
HILLGR01,2001,Grant,Hill,ORL,N,14,512,235,29,96,125,64,8,4,37,40,195,83,80,69,2,0
HILLTY01,2001,Tyrone,Hill,CLE,N,26,811,209,79,195,274,23,17,13,48,102,182,71,103,67,1,0
HOIBEFR01,2001,Fred,Hoiberg,CHI,N,79,1406,345,18,192,210,136,61,5,32,87,291,121,94,79,92,24
HORRYRO01,2001,Robert,Horry,LAL,N,81,2138,550,130,349,479,232,77,89,88,208,460,183,138,108,203,76
HOUSEED01,2001,Eddie,House,MIA,N,64,1229,514,17,93,110,123,43,5,80,98,524,209,49,42,157,54
HOUSTAL01,2001,Allan,Houston,NYK,N,77,2911,1567,37,215,252,190,54,10,170,182,1301,568,339,295,346,136
HOWARJU01,2001,Juwan,Howard,TOT,N,81,2633,1185,223,389,612,169,46,47,152,265,1005,462,343,261,2,0
HUDSOTR01,2001,Troy,Hudson,ORL,N,81,1855,950,30,115,145,255,57,6,163,119,815,354,201,176,187,66
HUGHELA01,2001,Larry,Hughes,GSW,N,73,2051,895,83,162,245,316,113,23,171,150,810,343,259,191,93,18
HUNTELI01,2001,Lindsey,Hunter,LAL,N,82,1615,473,18,103,121,129,66,19,55,120,490,187,40,20,208,79
HUNTEST01,2001,Steven,Hunter,ORL,N,53,514,189,40,57,97,5,5,43,16,81,147,67,94,55,0,0
ILGAUZY01,2001,Zydrunas,Ilgauskas,CLE,N,62,1327,690,136,198,334,70,17,84,94,187,567,241,276,208,5,0
IVERSAL01,2001,Allen,Iverson,PHI,N,60,2622,1883,44,225,269,331,168,13,237,102,1669,665,585,475,268,78
JACKSBO01,2001,Bobby,Jackson,SAC,N,81,1750,896,82,169,251,164,73,11,93,145,754,334,184,149,219,79
JACKSJA01,2001,Jaren,Jackson,ORL,N,9,144,39,0,17,17,8,5,0,8,13,37,15,4,2,20,7
JACKSJE01,2001,Jermaine,Jackson,TOR,N,24,281,57,3,24,27,57,9,1,14,24,42,20,24,16,2,1
JACKSJI01,2001,Jim,Jackson,MIA,N,55,1826,589,54,236,290,140,42,14,106,145,538,238,87,75,81,38
JACKSMA01,2001,Mark,Jackson,NYK,N,82,2370,686,56,253,309,605,74,1,150,162,592,260,110,87,195,79
JACKSMA02,2001,Marc,Jackson,MIN,N,39,495,186,48,80,128,14,11,6,30,69,164,60,80,66,1,0
JACKSST02,2001,Stephen,Jackson,SAS,N,23,228,89,3,23,26,11,15,3,23,29,91,34,17,12,36,9
JAMESJE01,2001,Jerome,James,SEA,N,56,946,298,89,143,232,24,25,86,74,174,273,134,60,30,0,0
JAMESMI01,2001,Mike,James,MIA,N,15,119,42,2,12,14,19,6,1,13,17,43,15,7,4,21,8
JAMESTI01,2001,Tim,James,PHI,N,9,41,12,5,2,7,1,0,1,3,5,13,5,6,2,0,0
JAMISAN01,2001,Antawn,Jamison,GSW,N,82,3034,1619,211,345,556,161,70,45,161,187,1375,614,440,323,210,68
JAMISHA01,2001,Harold,Jamison,LAC,N,25,175,54,1,38,39,6,5,1,6,23,43,22,15,10,0,0
JEFFERI01,2001,Richard,Jefferson,NJN,N,79,1920,742,85,208,293,140,64,48,107,211,591,270,265,189,56,13
JOHNSAN02,2001,Anthony,Johnson,NJN,N,34,367,94,10,19,29,48,31,1,20,30,90,37,25,16,12,4
JOHNSAV01,2001,Avery,Johnson,DAL,N,68,1353,535,14,55,69,286,40,9,76,86,432,207,163,121,5,0
JOHNSDE03,2001,Dermarr,Johnson,ATL,N,72,1728,602,59,188,247,81,62,56,102,163,540,214,105,85,247,89
JOHNSER01,2001,Ervin,Johnson,MIL,N,81,1661,208,142,324,466,27,37,82,52,219,193,89,66,30,1,0
JOHNSJO02,2001,Joe,Johnson,TOT,N,77,1917,581,76,181,257,179,59,19,71,114,584,251,53,41,130,38
JOHNSJO02,2001,Joe,Johnson,BOS,N,48,1003,304,40,99,139,74,33,9,28,59,296,130,26,20,88,24
JOHNSJO02,2001,Joe,Johnson,PHO,N,29,913,277,35,83,118,105,26,11,43,55,288,121,27,21,42,14
JONESAL01,2001,Alvin,Jones,PHI,N,23,127,26,0,36,36,3,3,9,11,35,20,8,20,10,0,0
JONESDA01,2001,Damon,Jones,DET,N,67,1085,340,13,90,103,140,23,1,61,83,284,114,59,43,186,69
JONESED01,2001,Eddie,Jones,MIA,N,81,3159,1480,61,317,378,262,117,77,148,258,1198,517,355,297,382,149
JONESJU01,2001,Jumaine,Jones,CLE,N,81,2138,671,125,365,490,116,75,46,79,184,640,287,68,45,168,52
JONESPO01,2001,Popeye,Jones,WAS,N,79,1920,554,233,345,578,127,50,19,88,209,508,222,130,106,11,4
JORDAMI01,2001,Michael,Jordan,WAS,N,60,2094,1375,50,289,339,310,85,26,162,119,1324,551,333,263,53,10
KEMPSH01,2001,Shawn,Kemp,POR,N,75,1230,454,90,198,288,52,43,33,81,184,407,175,131,104,4,0
KERRST01,2001,Steve,Kerr,POR,N,65,774,269,6,54,60,63,13,1,24,49,217,102,40,39,66,26
KIDDJA01,2001,Jason,Kidd,NJN,N,82,3059,1208,129,465,594,808,175,20,286,136,1138,445,247,201,364,117
KIRILAN01,2001,Andrei,Kirilenko,UTA,N,82,2148,880,149,253,402,94,116,159,108,156,633,285,371,285,100,25
KITTLKE01,2001,Kerry,Kittles,NJN,N,82,2599,1102,68,207,275,216,130,31,109,108,940,438,172,128,242,98
KNIGHBR01,2001,Brevin,Knight,MEM,N,53,1150,371,11,100,111,302,79,7,111,135,334,141,115,87,8,2
KNIGHTR01,2001,Travis,Knight,NYK,N,49,431,98,48,56,104,8,11,10,27,95,113,41,21,16,0,0
KUKOCTO01,2001,Toni,Kukoc,ATL,N,59,1493,584,43,175,218,209,48,17,113,91,504,211,153,109,171,53
LAETTCH01,2001,Christian,Laettner,WAS,N,57,1442,404,74,227,301,151,60,25,85,129,362,168,76,66,10,2
LAFRERA01,2001,Raef,Lafrentz,DAL,N,78,2457,1051,176,403,579,89,55,213,94,281,920,421,151,105,268,104
LANGDTR01,2001,Trajan,Langdon,CLE,N,44,475,209,13,42,55,60,13,5,40,49,176,70,46,42,74,27
LANGHDA01,2001,Dan,Langhi,HOU,N,34,435,107,22,45,67,14,8,5,9,25,125,49,11,8,4,1
LARUERU01,2001,Rusty,Larue,UTA,N,33,541,193,11,38,49,71,17,7,43,58,185,73,35,30,50,17
LENARVO01,2001,Voshon,Lenard,DEN,N,71,1669,813,38,145,183,130,59,25,91,105,769,315,120,94,240,89
LEWISQU01,2001,Quincy,Lewis,UTA,N,36,490,144,10,33,43,36,23,9,32,89,143,64,20,13,18,3
LEWISRA01,2001,Rashard,Lewis,SEA,N,71,2584,1195,139,359,498,123,104,40,97,174,972,455,200,162,316,123
LIVINRA01,2001,Randy,Livingston,SEA,N,13,176,41,0,25,25,26,9,2,2,11,54,15,11,10,8,1
LONGAR01,2001,Art,Long,SEA,N,63,989,285,107,144,251,41,22,28,63,180,244,120,85,45,0,0
LONGGR01,2001,Grant,Long,MEM,N,66,1868,417,8,223,231,136,63,12,103,123,385,164,123,86,17,3
LOPEZFE01,2001,Felipe,Lopez,MIN,N,67,583,169,29,51,80,39,18,1,36,73,156,59,55,37,33,14
LUETY01,2001,Tyronn,Lue,WAS,N,71,1456,555,14,108,122,246,49,0,96,120,520,222,63,48,141,63
LYNCHGE01,2001,George,Lynch,CHA,N,45,891,172,70,116,186,54,40,14,41,75,198,73,40,25,6,1
MACCUTO01,2001,Todd,Macculloch,NJN,N,62,1500,604,157,221,378,78,24,89,66,181,465,247,164,110,0,0
MACKSA01,2001,Sam,Mack,MIA,N,12,158,40,2,12,14,4,5,1,7,17,49,14,7,5,28,7
MADSEMA01,2001,Mark,Madsen,LAL,N,59,649,167,89,73,162,44,16,13,22,104,146,66,54,35,2,0
MAGGECO01,2001,Corey,Maggette,LAC,N,63,1613,717,54,177,231,112,41,19,116,155,530,235,251,201,139,46
MAGLOJA01,2001,Jamaal,Magloire,CHA,N,82,1550,699,152,308,460,31,27,86,118,201,414,228,333,243,1,0
MAJERDA01,2001,Dan,Majerle,PHO,N,65,1183,300,6,170,176,90,48,15,35,104,289,99,39,23,235,79
MALONKA01,2001,Karl,Malone,UTA,N,80,3040,1788,142,544,686,341,152,59,263,229,1399,635,639,509,25,9
MANNIDA01,2001,Danny,Manning,DAL,N,41,554,165,25,83,108,30,21,21,25,80,149,71,33,22,7,1
MARBUST01,2001,Stephon,Marbury,PHO,N,82,3190,1674,75,191,266,666,77,13,284,186,1413,625,452,353,248,71
MARIOSH01,2001,Shawn,Marion,PHO,N,81,3110,1547,211,593,804,162,148,87,144,214,1395,654,226,191,122,48
MARKSSE01,2001,Sean,Marks,MIA,N,21,319,96,14,61,75,8,5,10,19,40,88,38,34,20,0,0
MARSHDO01,2001,Donyell,Marshall,UTA,N,58,1752,859,158,285,443,101,50,67,124,150,661,343,226,160,42,13
MARSHDO02,2001,Donny,Marshall,NJN,N,20,118,30,0,21,21,5,3,0,2,14,29,8,18,12,4,2
MARTIDA01,2001,Darrick,Martin,DAL,N,3,22,1,0,1,1,3,2,0,1,4,10,0,2,1,2,0
MARTIKE01,2001,Kenyon,Martin,NJN,N,73,2504,1086,113,275,388,192,90,121,172,261,962,445,267,181,67,15
MASHBJA01,2001,Jamal,Mashburn,CHA,N,40,1600,858,31,211,242,171,45,6,110,80,744,303,241,211,112,41
MASONAN01,2001,Anthony,Mason,MIL,N,82,3141,787,125,521,646,346,57,22,130,187,626,316,221,154,1,1
MASONDE01,2001,Desmond,Mason,SEA,N,75,2423,931,92,259,351,104,67,27,104,170,769,357,237,201,59,16
MASSETO01,2001,Tony,Massenburg,MEM,N,73,1248,403,100,223,323,26,30,31,65,174,349,159,117,84,1,1
MCCARWA01,2001,Walter,Mccarty,BOS,N,56,717,212,32,96,128,41,18,7,22,83,180,80,19,13,99,39
MCCASAM01,2001,Amal,Mccaskill,SAS,N,27,154,52,16,20,36,4,6,10,14,23,49,20,26,12,0,0
MCCLOGE01,2001,George,Mccloud,DEN,N,69,1829,604,67,184,251,204,58,19,144,175,576,206,163,132,222,60
MCCOYJE01,2001,Jelani,Mccoy,LAL,N,21,105,26,8,17,25,7,0,5,8,14,21,12,8,2,0,0
MCDYEAN01,2001,Antonio,Mcdyess,DEN,N,10,236,113,18,37,55,18,10,8,20,20,75,43,33,27,0,0
MCGRATR01,2001,Tracy,Mcgrady,ORL,N,76,2911,1948,150,446,596,400,119,73,189,139,1586,715,555,415,283,103
MCINNJE01,2001,Jeff,Mcinnis,LAC,N,81,3029,1184,45,168,213,500,63,6,147,202,1121,463,219,183,234,75
MCKEYDE01,2001,Derrick,Mckey,PHI,N,41,783,119,0,127,127,45,41,4,22,90,122,52,14,10,12,5
MCKIEAA01,2001,Aaron,Mckie,PHI,N,48,1469,587,26,166,192,179,56,14,93,74,490,220,122,96,128,51
MEDVEST01,2001,Stanislav,Medvedenko,LAL,N,71,731,331,85,73,158,43,29,11,42,119,304,145,62,41,4,0
MERCERO01,2001,Ron,Mercer,IND,N,13,213,62,6,17,23,10,2,3,9,22,67,25,11,11,5,1
MERCERO01,2001,Ron,Mercer,TOT,N,53,1716,735,50,128,178,128,32,13,88,44,784,311,119,95,62,18
MERCERO01,2001,Ron,Mercer,CHI,N,40,1503,673,44,67,111,118,30,10,79,22,717,286,108,84,57,17
MIHMCH01,2001,Chris,Mihm,CLE,N,74,1658,569,133,259,392,24,18,89,97,260,526,221,179,124,7,3
MILESDA01,2001,Darius,Miles,LAC,N,82,2230,779,109,344,453,184,71,103,160,184,642,309,255,158,19,3
MILLEAN02,2001,Andre,Miller,CLE,N,81,3021,1335,108,271,379,882,126,34,245,228,1045,474,447,365,87,22
MILLEBR01,2001,Brad,Miller,IND,N,76,2265,1032,252,369,621,152,76,41,115,244,733,366,383,297,7,3
MILLEMI01,2001,Mike,Miller,ORL,N,63,2123,956,49,224,273,198,47,23,108,145,802,351,181,138,303,116
MILLERE01,2001,Reggie,Miller,IND,N,79,2891,1304,23,196,219,253,88,10,120,143,913,414,325,296,443,180
MILLSCH01,2001,Chris,Mills,GSW,N,66,1234,489,51,139,190,72,31,13,56,120,427,178,107,85,127,48
MITCHSA01,2001,Sam,Mitchell,MIN,N,74,725,244,3,79,82,45,12,4,26,79,227,98,49,38,35,10
MOBLECU01,2001,Cuttino,Mobley,HOU,N,74,3115,1606,63,237,300,187,109,37,180,189,1358,595,314,267,377,149
MOHAMNA01,2001,Nazr,Mohammed,ATL,N,82,2165,795,242,409,651,33,63,61,118,252,713,329,222,137,1,0
MOISOJE01,2001,Jerome,Moiso,CHA,N,15,77,16,4,21,25,4,3,2,8,12,20,8,0,0,0,0
MONTRER01,2001,Eric,Montross,TOR,N,49,657,116,36,104,140,16,12,23,25,92,132,53,31,10,1,0
MOOREMI01,2001,Mikki,Moore,DET,N,30,216,79,22,30,52,11,7,9,14,35,61,29,26,20,2,1
MORRITE01,2001,Terence,Morris,HOU,N,68,1108,255,77,134,211,64,21,27,45,72,289,111,28,18,78,15
MOTTOHA01,2001,Hanno,Mottola,ATL,N,82,1369,396,33,235,268,50,20,19,70,174,384,169,76,57,13,1
MOURNAL01,2001,Alonzo,Mourning,MIA,N,75,2453,1178,182,450,632,87,27,186,182,258,866,447,431,283,3,1
MURPHTR01,2001,Troy,Murphy,GSW,N,82,1451,480,99,223,322,70,36,21,84,217,423,178,156,121,9,3
MURRALA01,2001,Lamond,Murray,CLE,N,71,2315,1176,81,291,372,157,70,43,141,148,986,430,263,215,238,101
MURRATR01,2001,Tracy,Murray,TOR,N,40,472,227,18,35,53,19,11,8,25,38,207,85,21,17,104,40
MUTOMDI01,2001,Dikembe,Mutombo,PHI,N,80,2904,920,254,609,863,83,29,190,156,242,641,321,364,278,0,0
NAILOLE01,2001,Lee,Nailon,CHA,N,79,1912,851,103,188,291,94,59,17,96,175,764,369,150,112,2,1
NAJERED01,2001,Eduardo,Najera,DAL,N,62,1358,400,149,193,342,38,56,30,40,156,300,150,148,100,2,0
NASHST01,2001,Steve,Nash,DAL,N,82,2837,1466,50,204,254,634,53,4,229,164,1088,525,293,260,343,156
NDIAYMA02,2001,Mamadou,Ndiaye,TOR,N,5,46,20,6,5,11,0,0,2,1,6,10,6,10,8,0,0
NESBYTY01,2001,Tyrone,Nesby,WAS,N,70,1498,443,8,310,318,91,61,22,49,164,421,183,93,64,47,13
NESTERA01,2001,Radoslav,Nesterovic,MIN,N,82,2214,687,200,334,534,75,45,109,94,262,657,324,71,39,1,0
NEWBLIR01,2001,Ira,Newble,ATL,N,42,1273,338,80,142,222,45,38,20,49,117,263,131,88,75,7,1
NEWMAJO01,2001,Johnny,Newman,DAL,N,47,724,198,0,49,49,14,29,4,21,88,148,67,58,42,57,22
NORRIMO01,2001,Moochie,Norris,HOU,N,82,2247,665,73,173,246,403,81,4,156,130,631,251,169,127,134,36
NOWITDI01,2001,Dirk,Nowitzki,DAL,N,76,2888,1779,40,715,755,186,83,77,145,222,1258,600,516,440,350,139
OAKLECH01,2001,Charles,Oakley,CHI,N,57,1385,216,72,271,343,114,49,11,87,175,263,97,28,21,6,1
ODOMLA01,2001,Lamar,Odom,LAC,N,29,998,379,31,145,176,171,23,36,97,91,360,151,93,61,84,16
OLAJUHA01,2001,Hakeem,Olajuwon,TOR,N,61,1379,435,98,268,366,66,74,90,98,147,418,194,84,47,2,0
OLIVEDE01,2001,Dean,Oliver,GSW,N,20,138,42,0,8,8,21,3,0,11,16,46,17,9,6,13,2
OLLIEKE01,2001,Kevin,Ollie,IND,N,81,1725,462,25,159,184,291,62,2,106,97,353,137,227,187,2,1
OLOWOMI01,2001,Michael,Olowokandi,LAC,N,80,2568,885,164,547,711,90,55,145,175,217,886,384,188,117,0,0
ONEAJE01,2001,Jermaine,O'neal,IND,N,72,2707,1371,188,569,757,118,45,166,174,269,1133,543,413,284,14,1
ONEASH01,2001,Shaquille,O'neal,LAL,N,67,2419,1822,235,480,715,200,41,137,171,199,1229,712,717,398,1,0
OSTERGR01,2001,Greg,Ostertag,UTA,N,74,1110,245,125,188,313,50,15,109,51,152,201,91,130,63,0,0
OUTLABO01,2001,Bo,Outlaw,PHO,N,83,1926,376,147,217,364,127,70,92,96,205,299,166,102,43,2,1
OVERTDO01,2001,Doug,Overton,LAC,N,18,130,39,1,11,12,13,3,1,12,10,44,14,7,4,27,7
OYEDEOL01,2001,Olumide,Oyedeji,SEA,N,36,220,55,27,52,79,4,4,2,14,36,41,22,18,11,0,0
PACKRO01,2001,Robert,Pack,MIN,N,16,253,62,7,16,23,49,13,0,20,32,68,25,15,11,4,1
PADGESC01,2001,Scott,Padgett,UTA,N,75,1298,500,111,174,285,82,43,13,69,139,395,188,102,75,113,49
PALACMI01,2001,Milt,Palacio,PHO,N,69,787,231,11,62,73,83,30,4,40,61,214,82,74,54,41,13
PARKETO01,2001,Tony,Parker,SAS,N,77,2264,705,33,164,197,334,89,7,151,166,639,268,160,108,189,61
PARKSCH01,2001,Cherokee,Parks,SAS,N,42,235,63,24,34,58,10,7,8,14,34,83,30,8,3,0,0
PATTERU01,2001,Ruben,Patterson,POR,N,75,1763,839,155,143,298,107,79,37,114,140,619,319,274,192,36,9
PAYTOGA01,2001,Gary,Payton,SEA,N,82,3305,1815,80,316,396,737,131,26,209,179,1578,737,335,267,236,74
PEELEAN01,2001,Anthony,Peeler,MIN,N,82,2058,737,37,169,206,177,61,11,76,137,684,288,58,50,283,111
PENBEMI01,2001,Mike,Penberthy,LAL,N,3,12,5,0,2,2,2,2,0,0,0,2,1,4,3,0,0
PERRYEL01,2001,Elliot,Perry,MEM,N,2,48,11,0,4,4,7,3,0,7,6,10,5,2,1,0,0
PERSOWE01,2001,Wesley,Person,CLE,N,78,2792,1176,50,244,294,173,77,37,74,93,944,467,124,99,322,143
PETERMO01,2001,Morris,Peterson,TOR,N,63,1991,883,91,132,223,153,73,11,86,174,768,336,169,127,231,84
PIATKER01,2001,Eric,Piatkowski,LAC,N,71,1718,626,43,141,184,112,41,12,64,110,471,207,113,101,238,111
PIERCPA01,2001,Paul,Pierce,BOS,N,82,3305,2144,26,540,566,261,154,86,241,237,1598,707,643,520,520,210
PIPPESC01,2001,Scottie,Pippen,POR,N,62,1996,659,77,244,321,363,101,35,171,162,599,246,146,113,177,54
POLLASC01,2001,Scot,Pollard,SAC,N,80,1880,509,188,377,565,53,70,76,68,202,358,197,166,115,0,0
POPEMA01,2001,Mark,Pope,MIL,N,45,428,87,3,70,73,17,11,11,15,47,91,36,21,11,25,4
PORTETE01,2001,Terry,Porter,SAS,N,72,1296,399,6,158,164,205,45,16,85,89,321,136,83,68,142,59
POSEYJA01,2001,James,Posey,DEN,N,73,2241,782,109,320,429,180,114,39,127,224,736,277,203,161,237,67
POSTELA01,2001,Lavor,Postell,NYK,N,23,179,93,2,14,16,5,6,0,11,7,84,28,41,31,26,6
POTAPVI01,2001,Vitaly,Potapenko,BOS,N,79,1343,363,167,180,347,30,37,18,63,174,301,137,120,89,0,0
PRICEBR01,2001,Brent,Price,SAC,N,20,88,31,4,4,8,9,3,1,10,13,27,9,13,9,15,4
PRZYBJO01,2001,Joel,Przybilla,MIL,N,71,1129,190,78,205,283,21,20,118,43,198,142,76,90,38,1,0
RADMAVL01,2001,Vladimir,Radmanovic,SEA,N,61,1232,407,45,185,230,81,56,24,72,119,354,146,72,49,157,66
RANDOZA01,2001,Zachary,Randolph,POR,N,41,238,114,30,38,68,13,7,4,15,29,107,48,27,18,0,0
RATLITH01,2001,Theo,Ratliff,ATL,N,3,82,26,5,11,16,1,1,8,7,8,20,10,11,6,0,0
REBRAZE01,2001,Zeljko,Rebraca,DET,N,74,1177,513,84,206,290,38,28,73,84,192,374,189,175,135,0,0
RECASEL01,2001,Eldridge,Recasner,LAC,N,6,33,5,0,0,0,5,1,0,1,4,6,2,1,1,1,0
REDDMI01,2001,Michael,Redd,MIL,N,67,1414,767,77,147,224,91,42,7,57,96,609,294,115,91,198,88
REIDDO01,2001,Don,Reid,ORL,N,68,714,224,65,111,176,27,20,44,54,180,190,90,68,44,0,0
RICEGL01,2001,Glen,Rice,HOU,N,20,606,172,5,42,47,31,12,3,24,34,167,65,30,24,64,18
RICHAJA01,2001,Jason,Richardson,GSW,N,80,2632,1151,124,216,340,236,106,31,160,195,1090,464,210,141,246,82
RICHANO01,2001,Norm,Richardson,CHI,N,11,67,30,0,8,8,2,0,0,3,5,26,10,9,6,8,4
RICHAQU01,2001,Quentin,Richardson,LAC,N,81,2155,1076,113,221,334,128,78,21,102,142,926,400,187,143,349,133
RICHMMI01,2001,Mitch,Richmond,LAL,N,64,710,260,4,90,94,57,18,6,40,61,247,100,44,42,62,18
RIDERIS01,2001,Isaiah,Rider,DEN,N,10,173,93,10,23,33,12,3,2,14,11,81,37,17,13,15,6
ROBINCL02,2001,Clifford,Robinson,DET,N,80,2856,1166,79,307,386,202,89,95,151,243,1069,454,206,143,304,115
ROBINDA01,2001,David,Robinson,SAS,N,78,2301,951,191,456,647,94,86,140,104,193,672,341,395,269,0,0
ROBINED01,2001,Eddie,Robinson,CHI,N,29,653,262,24,54,78,37,23,11,36,35,247,112,48,36,5,2
ROBINGL01,2001,Glenn,Robinson,MIL,N,66,2343,1366,70,335,405,168,97,41,174,173,1147,536,282,236,178,58
ROBINLA01,2001,Larry,Robinson,NYK,N,2,10,3,0,2,2,0,0,0,0,1,4,1,0,0,2,1
ROGERCA01,2001,Carlos,Rogers,IND,N,22,167,59,7,31,38,3,5,6,5,17,43,24,19,10,6,1
ROGERRO01,2001,Rodney,Rogers,BOS,N,77,1879,917,129,219,348,112,66,29,108,226,756,356,149,117,235,88
ROOKSSE01,2001,Sean,Rooks,LAC,N,61,726,183,32,92,124,25,12,21,20,114,194,81,29,21,0,0
ROSEJA01,2001,Jalen,Rose,CHI,N,83,3154,1696,43,330,373,355,78,45,201,251,1458,663,335,281,246,89
ROSEMA01,2001,Malik,Rose,SAS,N,82,1722,772,172,320,492,61,70,42,140,208,633,293,257,185,12,1
RUFFIMI01,2001,Michael,Ruffin,PHI,N,15,170,16,23,28,51,5,5,8,11,23,26,7,8,2,0,0
RUSSEBR01,2001,Bryon,Russell,UTA,N,66,2000,636,79,216,295,136,64,19,110,205,584,222,140,115,226,77
SANTIDA01,2001,Dan,Santiago,PHO,N,3,24,8,0,7,7,2,0,1,2,4,8,4,0,0,0,0
SASSEJE01,2001,Jeryl,Sasser,ORL,N,7,36,10,3,4,7,2,3,0,2,3,14,3,5,4,0,0
SATTEKE01,2001,Kenny,Satterfield,DEN,N,36,562,189,17,35,52,108,31,1,53,43,199,73,46,36,27,7
SCALABR01,2001,Brian,Scalabrine,NJN,N,28,291,60,12,39,51,21,9,2,24,39,67,23,15,11,10,3
SCOTTSH01,2001,Shawnelle,Scott,DEN,N,21,252,82,44,59,103,8,3,6,15,49,75,37,20,8,0,0
SESAYAN01,2001,Ansu,Sesay,SEA,N,9,142,58,7,13,20,8,3,2,2,18,44,22,20,14,0,0
SHAWBR01,2001,Brian,Shaw,LAL,N,58,632,169,19,93,112,89,25,3,32,43,173,61,26,18,88,29
SIMMOBO01,2001,Bobby,Simmons,WAS,N,30,342,112,25,27,52,17,13,5,14,31,95,43,30,22,14,4
SIMPKDI01,2001,Dickey,Simpkins,ATL,N,1,3,0,0,0,0,1,0,0,0,0,0,0,0,0,0,0
SKINNBR01,2001,Brian,Skinner,CLE,N,65,1105,224,93,188,281,17,24,61,42,130,162,88,79,48,0,0
SLATERE01,2001,Reggie,Slater,ATL,N,8,47,21,5,4,9,1,1,1,1,3,15,7,10,7,0,0
SMITHCH03,2001,Charles,Smith,SAS,N,60,1140,441,2,131,133,80,52,44,59,114,428,182,65,42,131,35
SMITHJA01,2001,Jabari,Smith,PHI,N,23,182,73,6,19,25,11,6,6,5,31,63,26,32,21,3,0
SMITHJO01,2001,Joe,Smith,MIN,N,72,1922,767,152,301,453,82,39,59,86,250,581,297,206,171,3,2
SMITHLE01,2001,Leon,Smith,ATL,N,14,99,31,10,21,31,3,5,1,3,12,26,10,17,11,0,0
SMITHST01,2001,Steve,Smith,SAS,N,77,2210,895,45,148,193,151,54,15,108,158,682,310,181,159,246,116
SNOWER01,2001,Eric,Snow,PHI,N,61,2227,738,33,182,215,400,95,9,138,167,624,276,227,183,27,3
SOLOMWI01,2001,Willie,Solomon,MEM,N,62,874,321,2,66,68,92,35,7,62,76,331,113,73,49,162,46
SPENCFE01,2001,Felton,Spencer,NYK,N,32,250,29,12,38,50,3,7,8,12,73,26,6,33,17,0,0
SPREWLA01,2001,Latrell,Sprewell,NYK,N,81,3329,1575,59,239,298,313,94,14,223,161,1419,573,346,284,403,145
STACKJE01,2001,Jerry,Stackhouse,DET,N,76,2683,1629,77,238,315,403,77,37,266,163,1319,524,577,495,300,86
STARKJO01,2001,John,Starks,UTA,N,66,931,290,7,61,68,70,33,0,52,126,310,114,41,33,95,29
STEPAVL01,2001,Vladimir,Stepania,MIA,N,67,884,285,23,247,270,16,24,44,52,103,249,117,104,50,2,1
STEVEDE01,2001,Deshawn,Stevenson,UTA,N,67,1132,325,44,87,131,116,29,24,68,82,371,143,53,37,25,2
STEWAMI01,2001,Michael,Stewart,TOR,N,11,94,22,12,13,25,3,4,3,4,22,23,8,11,6,0,0
STITHBR01,2001,Bryant,Stith,CLE,N,50,665,208,1,84,85,42,29,6,30,42,188,70,52,44,68,24
STOCKJO01,2001,John,Stockton,UTA,N,82,2567,1102,58,204,262,674,152,24,207,209,775,401,321,275,78,25
STOJAPR01,2001,Predrag,Stojakovic,SAC,N,71,2648,1506,72,301,373,175,81,14,140,120,1130,547,323,283,310,129
STOUDDA01,2001,Damon,Stoudamire,POR,N,75,2798,1016,78,214,292,490,67,7,149,153,918,369,196,174,295,104
STRICER01,2001,Erick,Strickland,BOS,N,79,1643,606,22,192,214,184,56,1,94,145,488,190,155,131,247,95
STRICMA01,2001,Mark,Strickland,ATL,N,46,653,208,41,90,131,20,19,16,28,48,204,91,44,25,4,1
STRICRO01,2001,Rod,Strickland,MIA,N,76,2295,794,49,183,232,463,82,11,159,114,714,316,201,154,26,8
SUNDOBR01,2001,Bruno,Sundov,IND,N,22,88,32,7,14,21,3,3,3,4,16,40,16,2,0,1,0
SURABO01,2001,Bob,Sura,GSW,N,78,1778,778,89,167,256,275,88,17,133,160,590,250,328,236,133,42
SWIFTST01,2001,Stromile,Swift,MEM,N,68,1802,803,161,269,430,50,53,113,122,178,611,293,305,217,3,0
SZCZEWA01,2001,Wally,Szczerbiak,MIN,N,82,3116,1531,120,271,391,257,66,21,181,188,1200,609,272,226,191,87
TERRYJA01,2001,Jason,Terry,ATL,N,78,2964,1504,40,230,270,444,144,13,181,156,1219,524,340,284,444,172
THOMAET01,2001,Etan,Thomas,WAS,N,47,616,203,55,126,181,6,17,35,26,76,151,81,74,41,0,0
THOMAKE01,2001,Kenny,Thomas,HOU,N,72,2484,1015,158,358,516,137,85,66,143,195,829,396,336,223,16,0
THOMAKU01,2001,Kurt,Thomas,NYK,N,82,2772,1143,214,533,747,87,71,79,153,341,938,463,265,216,6,1
THOMATI01,2001,Tim,Thomas,MIL,N,74,1991,869,64,236,300,105,65,32,127,200,753,316,179,142,291,95
TINSLJA01,2001,Jamaal,Tinsley,IND,N,80,2440,751,78,220,298,647,138,40,270,248,760,289,186,131,175,42
TORREOS01,2001,Oscar,Torres,HOU,N,65,1073,389,47,75,122,40,25,9,49,64,341,135,105,82,126,37
TRAYLRO01,2001,Robert,Traylor,CHA,N,61,677,228,67,120,187,37,24,37,45,127,204,87,84,53,1,1
TRENTGA01,2001,Gary,Trent,MIN,N,64,1139,478,104,166,270,60,21,27,58,160,381,193,144,92,2,0
TREPAJE01,2001,Jeff,Trepagnier,CLE,N,12,77,18,3,9,12,12,8,4,11,8,23,7,7,4,1,0
TSAKAIA01,2001,Iakovos,Tsakalidis,PHO,N,67,1581,491,130,243,373,23,23,69,78,193,400,190,159,111,1,0
TURKOHI01,2001,Hidayet,Turkoglu,SAC,N,80,1968,810,63,300,363,163,57,31,81,184,687,290,230,167,171,63
VANEXNI01,2001,Nick,Vanexel,DAL,N,72,2498,1322,28,226,254,478,44,11,156,104,1226,501,251,201,350,119
VANHOKE01,2001,Keith,Vanhorn,NJN,N,81,2462,1199,137,472,609,164,63,42,146,221,1089,471,195,156,293,101
VARDARA01,2001,Ratko,Varda,DET,N,1,6,5,0,1,1,0,0,0,1,3,3,2,1,1,0,0
VAUGHJA01,2001,Jacque,Vaughn,ATL,N,82,1853,540,18,150,168,349,64,2,111,183,438,206,126,104,54,24
VOSKUJA01,2001,Jake,Voskuhl,PHO,N,59,903,296,103,147,250,18,11,23,48,139,193,107,109,82,0,0
WALKEAN01,2001,Antoine,Walker,BOS,N,81,3402,1794,150,564,714,407,122,38,251,237,1689,666,324,240,645,222
WALKESA01,2001,Samaki,Walker,LAL,N,69,1656,460,129,352,481,64,28,88,53,170,365,187,129,86,0,0
WALLABE01,2001,Ben,Wallace,DET,N,80,2920,609,318,721,1039,115,138,278,70,178,480,255,234,99,3,0
WALLAGE01,2001,Gerald,Wallace,SAC,N,54,432,173,49,40,89,27,19,6,22,46,175,75,46,23,7,0
WALLAJO01,2001,John,Wallace,PHO,N,46,492,231,27,58,85,29,11,9,29,60,214,93,46,40,13,5
WALLARA01,2001,Rasheed,Wallace,POR,N,79,2963,1521,136,509,645,152,101,101,131,212,1287,603,274,201,317,114
WANGZH01,2001,Zhizhi,Wang,DAL,N,55,600,308,19,92,111,22,11,18,25,84,248,109,57,42,116,48
WARDCH01,2001,Charlie,Ward,NYK,N,63,1058,326,15,112,127,203,68,14,75,100,303,113,58,47,164,53
WATSOEA01,2001,Earl,Watson,SEA,N,64,966,231,31,52,83,125,60,5,51,93,212,96,36,23,44,16
WEATHCL01,2001,Clarence,Weatherspoon,NYK,N,56,1730,494,149,311,460,60,37,48,47,132,452,189,146,116,0,0
WEBBECH01,2001,Chris,Webber,SAC,N,54,2074,1322,150,396,546,258,90,76,158,181,1075,532,338,253,19,5
WELLSBO01,2001,Bonzi,Wells,POR,N,74,2346,1255,121,323,444,204,113,25,191,208,1039,487,290,215,172,66
WESLEDA01,2001,David,Wesley,CHA,N,67,2486,951,44,99,143,236,74,15,119,147,910,364,188,138,256,85
WHITEJA01,2001,Jahidi,White,WAS,N,71,1349,383,159,285,444,17,25,75,65,163,279,150,154,83,0,0
WHITERO02,2001,Rodney,White,DET,N,16,130,56,2,16,18,12,9,2,14,6,60,21,14,12,9,2
WHITNCH01,2001,Chris,Whitney,WAS,N,82,2173,833,11,141,152,314,72,6,85,182,656,274,175,154,323,131
WILLIAA01,2001,Aaron,Williams,NJN,N,82,1550,592,115,223,338,77,29,76,79,212,439,231,186,130,2,0
WILLIAL01,2001,Alvin,Williams,TOR,N,82,2927,971,58,223,281,468,135,26,150,191,971,403,140,103,193,62
WILLICO02,2001,Corliss,Williamson,DET,N,78,1700,1063,118,202,320,94,49,26,137,226,806,411,298,240,5,1
WILLIER01,2001,Eric,Williams,BOS,N,74,1746,472,58,163,221,109,77,8,95,179,385,144,219,160,86,24
WILLIJA02,2001,Jason,Williams,MEM,N,65,2236,959,22,172,194,519,111,7,214,102,985,376,101,80,430,127
WILLIJE01,2001,Jerome,Williams,TOR,N,68,1639,518,165,221,386,75,78,25,68,153,388,190,204,138,0,0
WILLIKE01,2001,Kevin,Willis,HOU,N,52,863,315,105,194,299,14,25,23,41,98,284,125,87,65,1,0
WILLIMO01,2001,Monty,Williams,ORL,N,68,1285,484,80,155,235,96,48,17,86,134,362,198,134,88,4,0
WILLISC01,2001,Scott,Williams,DEN,N,41,738,202,82,127,209,13,17,33,35,98,217,86,41,30,2,0
WILLISH01,2001,Shammond,Williams,SEA,N,50,605,221,16,47,63,83,21,2,35,35,193,81,39,31,75,28
WILLIWA01,2001,Walt,Williams,HOU,N,48,1118,450,37,125,162,69,18,10,53,106,396,166,51,40,183,78
WOODSLO01,2001,Loren,Woods,MIN,N,60,516,110,47,76,123,22,17,34,36,60,96,33,60,44,2,0
WRIGHLO02,2001,Lorenzen,Wright,MEM,N,43,1251,516,130,276,406,44,30,23,72,126,486,223,123,70,2,0
ABDULTA01,2002,Tariq,Abdul-Wahad,DAL,N,14,204,57,14,26,40,21,6,3,7,26,58,27,6,3,1,0
ABDURSH01,2002,Shareef,Abdur-Rahim,ATL,N,81,3087,1608,175,502,677,242,87,38,212,240,1183,566,541,455,60,21
ALEXACO02,2002,Courtney,Alexander,NOH,N,66,1360,523,39,79,118,79,31,6,68,125,505,193,146,118,57,19
ALLENMA01,2002,Malik,Allen,MIA,N,80,2318,767,134,291,425,54,37,78,128,234,790,335,121,97,4,0
ALLENRA02,2002,Ray,Allen,TOT,N,76,2880,1713,94,287,381,334,103,14,198,220,1363,598,345,316,533,201
ALLENRA02,2002,Ray,Allen,SEA,N,29,1197,710,49,114,163,170,46,3,81,71,560,247,150,138,222,78
ALLENRA02,2002,Ray,Allen,MIL,N,47,1683,1003,45,173,218,164,57,11,117,149,803,351,195,178,311,123
ALSTORA01,2002,Rafer,Alston,TOR,N,47,980,366,21,86,107,192,38,15,86,120,335,139,54,37,130,51
AMAECJO01,2002,John,Amaechi,UTA,N,50,474,99,26,51,77,21,14,7,34,50,118,37,52,25,0,0
ANDERCH01,2002,Chris,Andersen,DEN,N,59,907,305,109,165,274,32,30,60,60,90,285,114,140,77,1,0
ANDERDE01,2002,Derek,Anderson,POR,N,76,2556,1057,53,211,264,325,90,16,128,141,832,355,269,231,331,116
ANDERKE02,2002,Kenny,Anderson,NOH,N,23,446,139,14,31,45,77,18,4,42,43,150,61,22,16,2,1
ANDERKE02,2002,Kenny,Anderson,SEA,N,38,689,233,17,70,87,121,40,1,33,63,232,102,35,29,5,0
ANDERKE02,2002,Kenny,Anderson,TOT,N,61,1135,372,31,101,132,198,58,5,75,106,382,163,57,45,7,1
ANDERSH01,2002,Shandon,Anderson,NYK,N,82,1731,687,64,190,254,87,73,20,114,177,537,248,190,139,140,52
ARCHIRO01,2002,Robert,Archibald,MEM,N,12,72,19,6,11,17,3,0,3,7,9,20,6,18,7,0,0
ARENAGI01,2002,Gilbert,Arenas,GSW,N,82,2866,1497,97,289,386,514,124,17,290,260,1180,509,468,370,313,109
ARMSTBR01,2002,Brandon,Armstrong,NJN,N,17,69,24,0,4,4,2,3,1,5,8,27,9,6,5,6,1
ARMSTDA01,2002,Darrell,Armstrong,ORL,N,82,2350,769,91,204,295,323,135,13,160,167,643,263,188,165,232,78
ARROYCA01,2002,Carlos,Arroyo,UTA,N,44,287,121,11,15,26,53,12,1,30,28,109,50,22,18,7,3
ARTESRO01,2002,Ron,Artest,IND,N,69,2317,1068,101,261,362,198,159,50,145,242,846,362,371,273,211,71
ATKINCH01,2002,Chucky,Atkins,DET,N,65,1398,462,21,75,96,175,27,4,77,108,465,168,49,40,242,86
AUGMOST01,2002,Stacey,Augmon,NOH,N,70,862,212,26,93,119,69,27,9,40,80,192,79,72,54,7,0
BAGARDA01,2002,Dalibor,Bagaric,CHI,N,10,76,19,7,13,20,4,3,3,5,11,26,8,4,3,0,0
BAKERVI01,2002,Vin,Baker,BOS,N,52,942,270,90,108,198,29,22,30,61,146,207,99,107,72,4,0
BARRYBR01,2002,Brent,Barry,SEA,N,75,2480,774,48,253,301,384,113,15,142,199,577,264,161,128,293,118
BARRYJO01,2002,Jon,Barry,DET,N,80,1473,555,33,147,180,206,63,14,81,104,424,191,100,86,214,87
BASTOMA01,2002,Maceo,Baston,TOR,N,16,106,40,4,19,23,0,4,11,6,16,25,15,12,10,0,0
BATEEME01,2002,Mengke,Bateer,SAS,N,12,46,9,2,8,10,4,0,0,6,14,17,4,2,0,3,1
BATISMI01,2002,Mike,Batiste,MEM,N,75,1248,481,82,175,257,52,42,16,69,120,467,197,88,69,81,18
BATTISH01,2002,Shane,Battier,MEM,N,78,2383,756,128,217,345,105,102,88,68,207,569,275,145,120,216,86
BATTITO01,2002,Tony,Battie,BOS,N,67,1683,487,148,285,433,49,33,81,48,197,369,199,118,88,5,1
BAXTELO01,2002,Lonny,Baxter,CHI,N,55,682,262,65,100,165,16,9,22,46,135,206,96,103,70,2,0
BELLRA01,2002,Raja,Bell,DAL,N,75,1173,230,47,98,145,57,52,8,43,134,211,93,34,23,51,21
BENDEJO01,2002,Jonathan,Bender,IND,N,46,819,303,42,91,133,42,8,56,42,86,254,112,84,60,53,19
BENJACO01,2002,Corey,Benjamin,ATL,N,9,152,40,10,21,31,10,1,2,6,20,43,13,16,12,13,2
BESTTR01,2002,Travis,Best,MIA,N,72,1807,603,26,121,147,255,44,7,106,174,583,231,123,105,109,36
BIBBYMI01,2002,Mike,Bibby,SAC,N,55,1835,875,34,113,147,285,72,8,127,93,700,329,187,161,137,56
BILLUCH01,2002,Chauncey,Billups,DET,N,74,2327,1199,38,235,273,287,63,15,134,136,870,366,362,318,380,149
BLOUNCO01,2002,Corie,Blount,CHI,N,50,836,150,68,137,205,50,33,19,43,121,134,65,35,20,0,0
BLOUNMA01,2002,Mark,Blount,TOT,N,81,1403,401,111,197,308,56,42,68,103,187,347,150,139,101,0,0
BLOUNMA01,2002,Mark,Blount,BOS,N,27,518,120,49,76,125,21,20,17,33,75,80,45,40,30,0,0
BLOUNMA01,2002,Mark,Blount,DEN,N,54,885,281,62,121,183,35,22,51,70,112,267,105,99,71,0,0
BOOTHCA01,2002,Calvin,Booth,SEA,N,47,575,138,32,77,109,12,11,33,22,74,119,52,47,34,2,0
BOOZECA01,2002,Carlos,Boozer,CLE,N,81,2049,810,202,407,609,106,59,50,103,224,618,331,192,148,1,0
BOUMTRU01,2002,Ruben,Boumtje Boumtje,POR,N,2,5,0,1,0,1,1,1,0,0,0,1,0,0,0,0,0
BOWENBR01,2002,Bruce,Bowen,SAS,N,82,2566,583,59,180,239,113,66,42,72,195,479,223,89,36,229,101
BOWENRY01,2002,Ryan,Bowen,DEN,N,62,996,223,78,79,157,54,65,29,43,82,197,97,41,27,7,2
BOYKIEA01,2002,Earl,Boykins,GSW,N,68,1321,600,35,53,88,221,38,4,73,75,464,199,200,173,77,29
BRADLMI01,2002,Michael,Bradley,TOR,N,67,1314,338,162,247,409,67,16,32,76,125,314,151,67,35,6,1
BRADLSH01,2002,Shawn,Bradley,DAL,N,81,1731,543,151,325,476,54,65,170,67,242,375,201,175,141,1,0
BRANDEL01,2002,Elton,Brand,LAC,N,62,2454,1146,283,420,703,157,71,158,161,204,899,451,356,244,1,0
BREMEJR01,2002,J.R.,Bremer,BOS,N,64,1503,528,18,127,145,164,38,3,59,80,464,171,111,85,286,101
BREWEJA01,2002,Jamison,Brewer,IND,N,10,80,22,5,4,9,18,2,1,6,11,17,9,9,4,2,0
BREZEPR01,2002,Primoz,Brezec,IND,N,22,111,42,13,10,23,4,2,4,7,16,38,15,20,12,1,0
BROWNDA02,2002,Damone,Brown,TOR,N,5,115,28,3,12,15,3,1,0,6,14,35,11,8,6,2,0
BROWNDE02,2002,Devin,Brown,TOT,N,10,93,30,8,10,18,7,4,1,9,14,35,12,8,6,1,0
BROWNDE02,2002,Devin,Brown,DEN,N,3,71,18,4,7,11,5,4,1,4,11,25,7,6,4,1,0
BROWNDE02,2002,Devin,Brown,SAS,N,7,22,12,4,3,7,2,0,0,5,3,10,5,2,2,0,0
BROWNKE01,2002,Kedrick,Brown,BOS,N,51,666,145,45,95,140,20,34,13,23,68,171,61,32,20,39,3
BROWNKW01,2002,Kwame,Brown,WAS,N,80,1773,593,128,298,426,58,50,80,110,159,502,224,217,145,3,0
BROWNPJ01,2002,P.J.,Brown,NOH,N,78,2609,832,243,458,701,147,67,80,98,203,601,319,232,194,3,0
BROWNRA01,2002,Randy,Brown,PHO,N,32,262,41,3,23,26,35,17,2,17,36,43,16,12,9,0,0
BROWNTI01,2002,Tierre,Brown,CLE,N,15,168,65,8,22,30,39,13,0,22,9,59,27,14,11,1,0
BRUNSRI01,2002,Rick,Brunson,CHI,N,17,196,60,4,15,19,36,10,3,17,20,50,23,12,10,6,4
BRYANKO01,2002,Kobe,Bryant,LAL,N,82,3401,2461,106,458,564,481,181,67,288,218,1924,868,713,601,324,124
BRYANMA01,2002,Mark,Bryant,TOT,N,16,100,13,8,12,20,4,1,1,7,18,19,5,4,3,0,0
BRYANMA01,2002,Mark,Bryant,BOS,N,2,9,0,0,2,2,1,0,0,0,2,1,0,0,0,0,0
BRYANMA01,2002,Mark,Bryant,DEN,N,3,14,1,1,1,2,2,0,0,2,4,1,0,2,1,0,0
BRYANMA01,2002,Mark,Bryant,PHI,N,11,77,12,7,9,16,1,1,1,5,12,17,5,2,2,0,0
BUCKNGR01,2002,Greg,Buckner,PHI,N,75,1514,450,72,144,216,96,72,16,62,203,398,185,81,65,55,15
BURKEPA01,2002,Pat,Burke,ORL,N,62,783,267,57,89,146,23,19,25,47,99,296,113,58,40,7,1
BUTLECA01,2002,Caron,Butler,MIA,N,78,2858,1201,135,262,397,213,137,31,192,230,1032,429,375,309,107,34
BUTLERA01,2002,Rasual,Butler,MIA,N,72,1514,540,29,157,186,93,21,43,77,105,572,207,104,76,171,50
CAFFEJA01,2002,Jason,Caffey,MIL,N,51,894,295,68,108,176,38,19,15,56,122,248,113,106,69,0,0
CAMBYMA01,2002,Marcus,Camby,DEN,N,29,616,221,75,133,208,47,20,40,27,69,227,93,50,33,5,2
CAMPBEL01,2002,Elden,Campbell,SEA,N,15,184,48,13,26,39,9,9,8,8,27,48,16,21,16,0,0
CAMPBEL01,2002,Elden,Campbell,NOH,N,41,685,295,34,108,142,42,24,31,53,102,247,101,115,93,1,0
CAMPBEL01,2002,Elden,Campbell,TOT,N,56,869,343,47,134,181,51,33,39,61,129,295,117,136,109,1,0
CARDIBR01,2002,Brian,Cardinal,WAS,N,5,15,4,3,2,5,1,0,0,1,0,4,1,2,2,1,0
CARTEAN01,2002,Anthony,Carter,MIA,N,49,912,199,12,71,83,203,45,5,81,70,233,83,50,33,8,0
CARTEVI01,2002,Vince,Carter,TOR,N,43,1471,884,59,129,188,143,48,41,74,121,760,355,160,129,131,45
CASSESA01,2002,Sam,Cassell,MIL,N,78,2700,1536,57,285,342,450,88,14,177,216,1162,546,447,385,163,59
CATOKE01,2002,Kelvin,Cato,HOU,N,73,1247,332,132,296,428,20,38,85,56,176,256,133,124,66,4,0
CHANDTY01,2002,Tyson,Chandler,CHI,N,75,1827,691,169,345,514,76,37,106,135,220,484,257,291,177,0,0
CHEANCA01,2002,Calbert,Cheaney,UTA,N,81,2351,700,73,211,284,163,65,13,108,225,651,325,69,40,25,10
CHILDCH01,2002,Chris,Childs,NJN,N,12,106,15,3,2,5,16,8,1,6,17,20,6,3,2,6,1
CHRISDO01,2002,Doug,Christie,SAC,N,80,2710,748,61,281,342,376,180,37,144,186,557,267,174,141,185,73
CLARKKE01,2002,Keon,Clark,SAC,N,80,1780,536,138,313,451,80,38,150,94,227,451,226,128,84,4,0
CLAXTSP01,2002,Speedy,Claxton,SAS,N,30,471,173,22,34,56,75,22,7,35,43,145,67,57,39,11,0
CLEAVMA01,2002,Mateen,Cleaves,SAC,N,12,55,16,1,7,8,10,2,0,14,6,23,6,4,3,1,1
COLEMDE01,2002,Derrick,Coleman,PHI,N,64,1742,602,151,299,450,87,53,69,96,171,498,223,171,134,67,22
COLESBI01,2002,Bimbo,Coles,BOS,N,14,175,52,1,10,11,16,6,0,10,17,49,22,8,8,7,0
COLESBI01,2002,Bimbo,Coles,TOT,N,35,691,154,11,48,59,72,17,4,28,60,168,56,42,35,32,7
COLESBI01,2002,Bimbo,Coles,CLE,N,21,516,102,10,38,48,56,11,4,18,43,119,34,34,27,25,7
COLLIJA02,2002,Jason,Collier,HOU,N,13,104,36,12,17,29,1,2,1,2,10,36,17,2,2,0,0
COLLIJA03,2002,Jason,Collins,NJN,N,81,1900,460,136,232,368,87,47,44,85,252,338,140,236,180,4,0
COLLIJA04,2002,Jarron,Collins,UTA,N,22,421,120,32,28,60,14,5,6,19,70,86,38,62,44,1,0
CRAWFCH01,2002,Chris,Crawford,ATL,N,5,38,24,3,4,7,1,2,3,2,7,13,8,8,7,3,1
CRAWFJA01,2002,Jamal,Crawford,CHI,N,80,1992,858,21,164,185,334,77,25,134,126,808,334,129,104,242,86
CROSHAU01,2002,Austin,Croshere,IND,N,49,633,252,40,115,155,56,6,13,28,48,209,86,65,53,69,27
CROTTJO01,2002,John,Crotty,DEN,N,12,180,41,1,14,15,29,3,0,9,16,41,14,15,9,13,4
CURRYED01,2002,Eddy,Curry,CHI,N,81,1571,849,116,237,353,37,18,62,137,226,573,335,287,179,0,0
CURRYMI01,2002,Michael,Curry,DET,N,78,1555,236,16,111,127,104,44,4,43,163,229,92,45,36,54,16
DAMPIER01,2002,Erick,Dampier,GSW,N,82,1978,673,248,295,543,58,27,154,112,242,522,259,222,155,2,0
DANIEAN01,2002,Antonio,Daniels,POR,N,67,872,251,11,61,72,85,33,9,32,43,186,84,76,65,59,18
DAVISAN01,2002,Antonio,Davis,TOR,N,53,1894,738,130,307,437,131,23,62,118,150,641,261,280,216,0,0
DAVISBA01,2002,Baron,Davis,NOH,N,50,1889,856,56,130,186,320,91,22,140,148,798,332,131,93,283,99
DAVISDA01,2002,Dale,Davis,POR,N,78,2282,579,233,331,564,94,51,70,71,189,438,237,166,105,0,0
DAVISEM01,2002,Emanual,Davis,ATL,N,24,340,88,5,38,43,36,12,2,25,28,88,32,22,17,29,7
DAVISHU01,2002,Hubert,Davis,DET,N,43,328,79,6,30,36,29,5,0,11,23,79,31,6,5,36,12
DAVISRI01,2002,Ricky,Davis,CLE,N,79,3131,1626,97,293,390,436,125,36,277,180,1470,602,465,348,204,74
DECLEAN01,2002,Andrew,DeClercq,ORL,N,77,1327,365,142,197,339,52,39,36,84,258,279,149,104,67,0,0
DELKTO01,2002,Tony,Delk,BOS,N,67,1873,654,41,191,232,146,72,10,69,124,560,233,87,68,304,120
DICKADA01,2002,Dan,Dickau,ATL,N,50,515,183,9,34,43,85,14,2,53,66,170,70,26,21,61,22
DICKEMI01,2002,Michael,Dickerson,MEM,N,6,87,29,1,5,6,8,5,1,6,16,24,10,5,5,11,4
DIOPDE01,2002,Desagana,Diop,CLE,N,80,943,119,63,152,215,43,33,81,56,148,154,54,30,11,0,0
DIVACVL01,2002,Vlade,Divac,SAC,N,80,2384,795,157,417,574,274,83,105,152,239,655,305,251,179,25,6
DIXONJU01,2002,Juan,Dixon,WAS,N,42,647,270,13,59,72,40,26,3,42,54,271,104,46,37,84,25
DOLEAMI01,2002,Michael,Doleac,NYK,N,75,1041,328,65,154,219,42,16,16,49,150,343,146,46,36,0,0
DOOLIKE01,2002,Keyon,Dooling,LAC,N,55,969,350,9,63,72,89,24,6,60,93,329,128,57,44,139,50
DREWBR01,2002,Bryce,Drew,NOH,N,13,79,19,4,9,13,11,2,0,3,2,27,8,0,0,7,3
DROBNPR01,2002,Predrag,Drobnjak,SEA,N,82,1984,771,111,209,320,86,48,38,65,180,789,325,115,91,85,30
DUDLECH02,2002,Chris,Dudley,POR,N,3,11,0,2,0,2,0,0,0,0,3,1,0,0,0,0,0
DUNCATI01,2002,Tim,Duncan,SAS,N,81,3181,1884,259,784,1043,316,55,237,248,231,1392,714,634,450,22,6
DUNLEMI02,2002,Mike,Dunleavy,GSW,N,82,1305,466,66,148,214,106,53,19,86,120,417,168,100,78,150,52
EISLEHO01,2002,Howard,Eisley,NYK,N,82,2243,744,24,162,186,444,71,9,149,222,628,262,105,89,337,131
ELLISLA01,2002,Laphonso,Ellis,MIA,N,55,784,277,44,113,157,15,15,15,31,88,262,100,66,50,107,27
ELYME01,2002,Melvin,Ely,LAC,N,52,802,236,64,110,174,15,10,32,50,95,186,92,74,52,0,0
ESCHMEV01,2002,Evan,Eschmeyer,DAL,N,17,135,17,10,19,29,6,10,7,6,35,19,7,4,3,0,0
EVANSRE01,2002,Reggie,Evans,SEA,N,67,1365,212,167,278,445,34,38,11,52,173,140,66,154,80,0,0
FERRYDA01,2002,Danny,Ferry,SAS,N,64,601,119,20,55,75,21,7,9,27,55,124,44,13,10,60,21
FINLEMI01,2002,Michael,Finley,DAL,N,69,2642,1331,107,295,402,205,76,21,114,105,1193,507,230,198,322,119
FISHEDE01,2002,Derek,Fisher,LAL,N,82,2829,863,40,199,239,298,93,15,94,195,775,339,125,100,212,85
FIZERMA01,2002,Marcus,Fizer,CHI,N,38,809,445,80,136,216,48,14,17,57,89,383,178,134,88,6,1
FORDAL02,2002,Alton,Ford,PHO,N,11,31,7,0,6,6,1,0,0,2,7,9,3,3,1,0,0
FORTEJO01,2002,Joseph,Forte,SEA,N,17,86,24,4,7,11,11,4,0,10,6,35,10,6,4,3,0
FORTSDA01,2002,Danny,Fortson,GSW,N,17,223,59,28,45,73,12,9,0,15,43,54,20,29,19,1,0
FOSTEGR01,2002,Greg,Foster,TOR,N,29,539,121,30,72,102,13,1,9,30,82,122,47,32,26,4,1
FOSTEJE01,2002,Jeff,Foster,IND,N,77,802,162,118,161,279,51,28,21,34,103,178,64,63,34,2,0
FOWLKTR01,2002,Tremaine,Fowlkes,LAC,N,37,573,164,41,62,103,23,25,2,20,63,128,56,59,50,9,2
FOXRI01,2002,Rick,Fox,LAL,N,76,2181,681,64,259,323,253,69,14,121,215,621,262,69,52,280,105
FOYLEAD01,2002,Adonal,Foyle,GSW,N,82,1787,440,176,314,490,37,40,205,73,214,345,185,104,70,1,0
FRANCST01,2002,Steve,Francis,HOU,N,81,3318,1703,159,340,499,502,141,41,299,251,1312,571,595,476,240,85
FUNDELA01,2002,Lawrence,Funderburke,SAC,N,27,229,74,17,38,55,8,1,11,6,25,72,32,17,10,0,0
GADZUDA01,2002,Dan,Gadzuric,MIL,N,49,760,169,66,131,197,9,22,52,27,125,145,70,56,29,1,0
GARNEKE01,2002,Kevin,Garnett,MIN,N,82,3321,1883,244,858,1102,495,113,129,229,199,1481,743,502,377,71,20
GARRIPA01,2002,Pat,Garrity,ORL,N,81,2584,868,72,234,306,121,62,20,77,255,744,312,100,83,407,161
GASOLPA01,2002,Pau,Gasol,MEM,N,82,2948,1555,192,528,720,229,34,148,213,220,1116,569,565,416,10,1
GEORGDE01,2002,Devean,George,LAL,N,71,1613,492,91,195,286,92,56,38,65,180,461,180,105,83,132,49
GILLKE01,2002,Kendall,Gill,MIN,N,82,2068,714,51,197,248,156,78,15,108,176,677,286,161,123,59,19
GINOBEM01,2002,Emmanuel,Ginobili,SAS,N,69,1431,525,47,114,161,138,96,17,100,170,397,174,171,126,148,51
GIRICGO01,2002,Gordan,Giricek,ORL,N,27,961,387,18,112,130,67,30,2,51,55,325,143,76,62,119,39
GIRICGO01,2002,Gordan,Giricek,MEM,N,49,1187,548,18,90,108,70,22,6,94,104,478,207,107,88,130,46
GIRICGO01,2002,Gordan,Giricek,TOT,N,76,2148,935,36,202,238,137,52,8,145,159,803,350,183,150,249,85
GLOVEDI01,2002,Dion,Glover,ATL,N,76,1890,737,62,220,282,141,71,15,108,146,648,277,162,127,158,56
GOLDWAN01,2002,Anthony,Goldwire,SAS,N,10,51,12,0,3,3,3,3,0,2,5,18,5,2,0,8,2
GOLDWAN01,2002,Anthony,Goldwire,TOT,N,15,85,25,0,6,6,4,3,0,6,6,25,9,7,4,9,3
GOLDWAN01,2002,Anthony,Goldwire,WAS,N,5,34,13,0,3,3,1,0,0,4,1,7,4,5,4,1,1
GOODEDR01,2002,Drew,Gooden,TOT,N,70,1873,875,163,292,455,83,53,35,150,172,777,355,212,151,48,14
GOODEDR01,2002,Drew,Gooden,MEM,N,51,1329,616,105,190,295,63,38,22,105,121,576,255,132,92,46,14
GOODEDR01,2002,Drew,Gooden,ORL,N,19,544,259,58,102,160,20,15,13,45,51,201,100,80,59,2,0
GRANTBR01,2002,Brian,Grant,MIA,N,82,2641,846,241,596,837,104,63,47,129,300,676,344,205,158,0,0
GRANTHO01,2002,Horace,Grant,ORL,N,5,85,26,2,6,8,7,3,0,1,5,25,13,0,0,0,0
GRIFFAD01,2002,Adrian,Griffin,DAL,N,74,1373,325,88,176,264,105,77,6,47,157,337,146,32,27,24,6
GRIFFED01,2002,Eddie,Griffin,HOU,N,77,1890,664,138,323,461,86,52,111,76,136,678,271,94,58,192,64
GUGLITO01,2002,Tom,Gugliotta,PHO,N,27,447,129,25,75,100,31,14,5,31,35,132,60,9,9,1,0
GUYTOAJ01,2002,A.J.,Guyton,GSW,N,2,9,0,0,0,0,2,1,0,1,0,4,0,0,0,1,0
HAISLMA01,2002,Marcus,Haislip,MIL,N,39,441,161,21,32,53,9,7,18,21,55,153,66,38,26,12,3
HAMDA01,2002,Darvin,Ham,ATL,N,75,926,180,73,80,153,38,16,19,65,127,159,71,79,38,3,0
HAMILRI01,2002,Richard,Hamilton,DET,N,82,2640,1612,88,230,318,208,64,13,200,249,1286,570,528,440,119,32
HAMILZE01,2002,Zendon,Hamilton,TOR,N,3,12,6,1,3,4,0,1,0,1,2,5,2,2,2,0,0
HARDAAN01,2002,Penny,Hardaway,PHO,N,58,1777,615,66,192,258,235,66,26,145,150,573,256,97,77,73,26
HARDATI01,2002,Tim,Hardaway,IND,N,10,127,49,1,14,15,24,9,0,11,8,49,18,4,2,31,11
HARPRMA01,2002,Matt,Harpring,UTA,N,78,2557,1370,190,324,514,133,73,17,160,217,1020,521,331,262,160,66
HARRIAD01,2002,Adam,Harrington,DAL,N,13,37,11,0,2,2,2,1,1,2,2,17,4,2,2,3,1
HARRIAD01,2002,Adam,Harrington,DEN,N,6,74,19,1,5,6,10,1,0,0,6,20,7,2,1,11,4
HARRIAD01,2002,Adam,Harrington,TOT,N,19,111,30,1,7,8,12,2,1,2,8,37,11,4,3,14,5
HARRIAL01,2002,Al,Harrington,IND,N,82,2467,1002,159,352,511,125,71,33,163,280,896,389,274,211,46,13
HARRILO01,2002,Lorinza,Harrington,DEN,N,82,2003,418,44,206,250,277,80,15,157,250,467,169,112,73,28,7
HARRILU01,2002,Lucious,Harris,NJN,N,77,1973,795,63,169,232,155,53,8,71,95,721,298,189,152,136,47
HARRIOT01,2002,Othella,Harrington,NYK,N,74,1850,573,165,311,476,62,12,23,90,231,443,225,150,123,0,0
HARVEAN01,2002,Antonio,Harvey,ATL,N,4,32,4,1,5,6,0,1,4,3,7,5,2,0,0,0,0
HARVEDO01,2002,Donnell,Harvey,DEN,N,77,1613,611,125,284,409,100,48,27,123,203,551,246,176,118,7,1
HASSETR01,2002,Trenton,Hassell,CHI,N,82,1999,342,37,218,255,151,45,61,83,197,392,144,55,41,40,13
HASTOKI01,2002,Kirk,Haston,NOH,N,12,57,6,0,7,7,3,0,5,7,10,17,2,4,2,3,0
HAWKIJU01,2002,Juaquin,Hawkins,HOU,N,58,685,134,16,62,78,47,29,6,29,57,148,57,20,10,24,10
HAYWOBR01,2002,Brendan,Haywood,WAS,N,81,1930,501,192,212,404,29,32,119,65,225,339,173,245,155,0,0
HENDEAL01,2002,Alan,Henderson,ATL,N,82,1494,394,156,242,398,41,33,32,61,168,327,153,138,88,2,0
HILARMA01,2002,Maybyner,Hilario,DEN,N,80,2258,839,208,283,491,149,127,65,181,294,619,321,341,197,3,0
HILLGR01,2002,Grant,Hill,ORL,N,29,843,421,40,166,206,122,28,13,84,46,307,151,144,118,4,1
HILLTY01,2002,Tyrone,Hill,PHI,N,24,496,109,56,68,124,9,15,7,16,68,109,44,35,21,0,0
HILLTY01,2002,Tyrone,Hill,TOT,N,56,1351,312,126,265,391,41,46,26,68,172,306,129,80,54,0,0
HILLTY01,2002,Tyrone,Hill,CLE,N,32,855,203,70,197,267,32,31,19,52,104,197,85,45,33,0,0
HOIBEFR01,2002,Fred,Hoiberg,CHI,N,63,784,144,11,126,137,70,40,5,25,59,126,49,50,41,21,5
HORRYRO01,2002,Robert,Horry,LAL,N,80,2343,522,181,333,514,233,96,61,112,247,476,184,134,103,177,51
HOUSEED01,2002,Eddie,House,MIA,N,55,1025,411,17,84,101,87,44,1,46,73,444,172,36,31,120,36
HOUSTAL01,2002,Allan,Houston,NYK,N,82,3108,1845,26,205,231,220,54,7,178,191,1465,652,395,363,450,178
HOWARJU01,2002,Juwan,Howard,DEN,N,77,2730,1418,181,404,585,234,77,27,189,239,1261,567,351,282,4,2
HUDSOTR01,2002,Troy,Hudson,MIN,N,79,2600,1123,42,141,183,452,60,7,182,160,956,409,231,208,266,97
HUFFMNA01,2002,Nate,Huffman,TOR,N,7,76,23,9,14,23,5,1,3,3,13,25,9,8,5,0,0
HUGHELA01,2002,Larry,Hughes,WAS,N,67,2137,857,67,241,308,205,86,24,136,149,741,346,186,136,79,29
HUMPHRY01,2002,Ryan,Humphrey,MEM,N,13,122,29,4,26,30,4,5,2,2,18,35,12,11,5,0,0
HUMPHRY01,2002,Ryan,Humphrey,ORL,N,35,322,64,30,39,69,7,4,16,21,57,85,23,28,18,0,0
HUMPHRY01,2002,Ryan,Humphrey,TOT,N,48,444,93,34,65,99,11,9,18,23,75,120,35,39,23,0,0
HUNTELI01,2002,Lindsey,Hunter,TOR,N,29,673,280,15,44,59,71,35,5,57,50,302,106,47,34,107,34
HUNTEST01,2002,Steve,Hunter,ORL,N,33,447,130,38,55,93,6,9,36,15,56,103,56,44,18,0,0
ILGAUZY01,2002,Zydrunas,Ilgauskas,CLE,N,81,2432,1390,240,371,611,127,56,152,210,274,1122,495,512,400,5,0
IVERSAL01,2002,Allen,Iverson,PHI,N,82,3485,2262,68,276,344,454,225,13,286,149,1940,804,736,570,303,84
JACKSBO01,2002,Bobby,Jackson,SAC,N,59,1676,895,57,162,219,182,71,3,106,126,732,340,149,126,235,89
JACKSJE01,2002,Jermaine,Jackson,ATL,N,29,273,55,9,23,32,35,10,3,15,27,42,19,28,17,1,0
JACKSJE01,2002,Jermaine,Jackson,TOT,N,53,559,121,19,38,57,74,19,6,34,51,110,40,55,40,10,1
JACKSJE01,2002,Jermaine,Jackson,TOR,N,24,286,66,10,15,25,39,9,3,19,24,68,21,27,23,9,1
JACKSJI01,2002,Jimmy,Jackson,SAC,N,63,1309,487,84,178,262,118,31,4,80,132,462,204,55,47,71,32
JACKSMA01,2002,Mark,Jackson,UTA,N,82,1467,382,34,142,176,375,48,3,152,90,369,147,80,61,95,27
JACKSMA02,2002,Marc,Jackson,MIN,N,77,1041,421,86,139,225,37,24,30,59,137,349,153,149,114,1,1
JACKSST02,2002,Stephen,Jackson,SAS,N,80,2254,946,66,220,286,183,125,30,176,202,818,356,183,139,297,95
JACOBCA01,2002,Casey,Jacobsen,PHO,N,72,1147,368,29,54,83,73,35,6,55,90,327,122,105,72,165,52
JAMESJE01,2002,Jerome,James,SEA,N,51,766,276,78,138,216,27,12,82,75,166,232,111,92,54,0,0
JAMESMI01,2002,Mike,James,MIA,N,78,1722,607,26,123,149,246,64,5,108,176,585,218,142,104,228,67
JAMISAN01,2002,Antawn,Jamison,GSW,N,82,3226,1822,195,383,578,156,76,45,177,197,1471,691,475,375,209,65
JARICMA01,2002,Marko,Jaric,LAC,N,66,1379,490,35,125,160,193,97,11,103,125,446,179,105,79,166,53
JEFFECH01,2002,Chris,Jefferies,TOR,N,51,666,197,16,43,59,22,19,16,45,56,194,75,43,29,54,18
JEFFERI01,2002,Richard,Jefferson,NJN,N,80,2879,1242,150,364,514,201,80,44,156,216,911,456,436,324,24,6
JEFFRJA01,2002,Jared,Jeffries,WAS,N,20,292,79,26,32,58,16,8,5,21,28,63,30,29,16,6,3
JOHNSAN02,2002,Anthony,Johnson,NJN,N,66,842,270,13,65,78,86,37,5,41,93,231,103,74,51,35,13
JOHNSAV01,2002,Avery,Johnson,DAL,N,48,430,156,10,21,31,64,15,1,29,26,150,63,39,30,2,0
JOHNSER01,2002,Ervin,Johnson,MIL,N,69,1170,152,117,177,294,24,34,63,34,178,135,61,44,30,0,0
JOHNSJO02,2002,Joe,Johnson,PHO,N,82,2255,803,57,207,264,210,62,19,108,143,796,316,124,96,205,75
JOHNSKE03,2002,Ken,Johnson,MIA,N,16,156,32,4,28,32,0,1,12,6,20,37,15,6,2,0,0
JONESDA01,2002,Damon,Jones,SAC,N,49,709,224,11,59,70,80,18,4,23,42,210,80,27,20,121,44
JONESED01,2002,Eddie,Jones,MIA,N,47,1789,869,35,191,226,173,64,31,85,137,688,291,230,189,241,98
JONESFR01,2002,Fred,Jones,IND,N,19,115,23,4,5,9,5,6,1,6,13,24,9,4,3,7,2
JONESJU01,2002,Jumaine,Jones,CLE,N,80,2204,784,106,299,405,112,67,22,107,176,710,308,83,57,314,111
JONESPO01,2002,Popeye,Jones,DAL,N,26,222,53,29,30,59,8,5,1,15,31,62,24,11,5,0,0
JORDAMI01,2002,Michael,Jordan,WAS,N,82,3031,1640,71,426,497,311,123,39,173,171,1527,679,324,266,55,16
KEMPSH01,2002,Shawn,Kemp,ORL,N,79,1633,537,147,304,451,55,66,33,102,239,505,211,155,115,1,0
KERRST01,2002,Steve,Kerr,SAS,N,75,952,299,12,48,60,70,27,3,35,49,256,110,34,30,124,49
KIDDJA01,2002,Jason,Kidd,NJN,N,80,2989,1495,110,394,504,711,179,25,296,127,1244,515,403,339,370,126
KIRILAN01,2002,Andrei,Kirilenko,UTA,N,80,2213,963,147,273,420,138,118,175,136,185,642,315,370,296,114,37
KITTLKE01,2002,Kerry,Kittles,NJN,N,65,1951,848,52,200,252,170,101,30,55,110,711,332,135,106,219,78
KNIGHBR01,2002,Brevin,Knight,MEM,N,55,928,216,15,66,81,233,69,2,94,123,228,97,37,20,8,2
KNIGHTR01,2002,Travis,Knight,NYK,N,32,287,60,18,44,62,14,8,9,10,44,65,25,13,10,1,0
KUKOCTO01,2002,Toni,Kukoc,MIL,N,63,1704,730,67,199,266,230,81,29,122,134,577,249,194,137,263,95
LAETTCH01,2002,Christian,Laettner,WAS,N,76,2215,632,114,388,502,235,82,40,87,206,516,255,144,120,16,2
LAFRERA01,2002,Raef,LaFrentz,DAL,N,69,1611,639,125,205,330,54,35,91,46,264,514,266,88,60,116,47
LAMPLSE01,2002,Sean,Lampley,MIA,N,35,487,169,26,57,83,31,7,3,25,43,129,56,82,57,4,0
LANGHDA01,2002,Dan,Langhi,PHO,N,60,541,183,19,68,87,21,15,6,16,58,202,81,20,12,31,9
LENARVO01,2002,Voshon,Lenard,TOR,N,63,1929,898,48,164,212,144,59,21,103,156,809,325,194,156,252,92
LEWISRA01,2002,Rashard,Lewis,SEA,N,77,3044,1396,152,351,503,133,99,35,143,205,1149,519,345,283,217,75
LIVINRA01,2002,Randy,Livingston,NOH,N,2,12,6,0,0,0,1,0,0,0,0,4,2,2,2,0,0
LONGAR01,2002,Art,Long,TOR,N,7,80,20,8,12,20,4,3,3,11,13,25,9,5,1,2,1
LONGAR01,2002,Art,Long,PHI,N,19,131,40,13,27,40,2,2,8,9,22,50,19,5,1,1,1
LONGAR01,2002,Art,Long,TOT,N,26,211,60,21,39,60,6,5,11,20,35,75,28,10,2,3,2
LONGGR01,2002,Grant,Long,BOS,N,41,488,72,24,59,83,25,9,1,19,62,70,27,23,18,3,0
LUETY01,2002,Tyronn,Lue,WAS,N,75,1986,647,22,127,149,263,47,1,77,151,573,248,104,91,176,60
LYNCHGE01,2002,George,Lynch,NOH,N,81,1497,363,139,214,353,104,66,19,52,136,359,147,74,41,79,28
MACCUTO01,2002,Todd,MacCulloch,PHI,N,42,812,299,66,130,196,20,19,32,35,107,238,123,79,53,0,0
MADDOTI01,2002,Tito,Maddox,HOU,N,9,35,11,1,6,7,5,3,1,3,4,12,3,8,5,3,0
MADSEMA01,2002,Mark,Madsen,LAL,N,54,781,174,86,73,159,38,15,19,27,116,163,69,61,36,0,0
MAGGECO01,2002,Corey,Maggette,LAC,N,64,2006,1073,77,245,322,123,55,16,147,194,773,343,405,325,177,62
MAGLOJA01,2002,Jamaal,Magloire,NOH,N,82,2443,841,260,464,724,88,49,111,158,276,635,305,322,231,3,0
MALONKA01,2002,Karl,Malone,UTA,N,81,2936,1667,113,515,628,379,136,31,210,204,1289,595,621,474,14,3
MALONMA01,2002,Matt,Maloney,ATL,N,14,103,24,1,6,7,17,4,0,5,9,25,8,5,3,15,5
MANNIDA01,2002,Danny,Manning,DET,N,13,89,34,7,11,18,7,9,3,7,11,32,13,6,5,8,3
MARBUST01,2002,Stephon,Marbury,PHO,N,81,3240,1806,53,210,263,654,108,20,263,200,1530,671,467,375,296,89
MARIOSH01,2002,Shawn,Marion,PHO,N,81,3373,1716,199,574,773,198,185,95,157,208,1466,662,295,251,364,141
MARKSSE01,2002,Sean,Marks,MIA,N,23,223,54,8,27,35,3,5,6,14,37,59,22,15,10,1,0
MARSHDO01,2002,Donyell,Marshall,CHI,N,78,2378,1042,234,465,699,137,95,85,135,234,918,421,221,167,87,33
MARSHDO02,2002,Donny,Marshall,NJN,N,3,6,0,0,3,3,0,0,0,1,0,3,0,0,0,1,0
MARTIKE01,2002,Kenyon,Martin,NJN,N,77,2628,1283,164,476,640,185,98,70,192,294,1082,509,392,256,43,9
MASHBJA01,2002,Jamal,Mashburn,NOH,N,82,3321,1772,66,432,498,462,83,17,230,196,1586,670,369,313,306,119
MASONAN01,2002,Anthony,Mason,MIL,N,65,2119,466,90,326,416,209,32,12,79,147,393,191,117,84,1,0
MASONDE01,2002,Desmond,Mason,MIL,N,28,952,415,66,122,188,68,20,11,41,74,350,166,102,78,17,5
MASONDE01,2002,Desmond,Mason,TOT,N,80,2763,1147,154,369,523,163,67,32,115,210,1017,457,283,212,72,21
MASONDE01,2002,Desmond,Mason,SEA,N,52,1811,732,88,247,335,95,47,21,74,136,667,291,181,134,55,16
MASONRO01,2002,Roger,Mason Jr,CHI,N,17,113,30,2,10,12,12,4,0,5,20,31,11,2,2,18,6
MASSETO01,2002,Tony,Massenburg,UTA,N,58,792,273,59,97,156,17,17,19,50,144,232,104,84,65,0,0
MCCARWA01,2002,Walter,McCarty,BOS,N,82,1949,498,64,224,288,106,78,28,67,188,418,173,98,61,248,91
MCCASAM01,2002,Amal,McCaskill,ATL,N,11,70,11,7,15,22,5,3,1,2,13,17,4,4,3,0,0
MCCOYJE01,2002,Jelani,McCoy,TOR,N,67,1367,457,95,260,355,43,28,60,96,162,395,194,126,69,0,0
MCGRATR01,2002,Tracy,McGrady,ORL,N,75,2954,2407,121,367,488,411,124,59,195,156,1813,829,726,576,448,173
MCINNJE01,2002,Jeff,McInnis,POR,N,75,1311,432,22,75,97,170,21,2,75,117,423,188,67,50,35,6
MCKIEAA01,2002,Aaron,McKie,PHI,N,80,2374,721,61,289,350,278,131,9,109,177,666,286,134,112,112,37
MEDVEST01,2002,Stanislav,Medvedenko,LAL,N,58,620,255,66,75,141,18,11,8,37,118,258,112,43,31,2,0
MERCERO01,2002,Ron,Mercer,IND,N,72,1671,556,32,122,154,112,49,14,54,123,597,244,81,65,16,3
MIHMCH01,2002,Chris,Mihm,CLE,N,52,809,308,93,138,231,28,18,38,48,124,287,116,105,76,3,0
MILESDA01,2002,Darius,Miles,CLE,N,67,2008,618,113,250,363,176,67,69,178,159,642,263,155,92,14,0
MILLEAN02,2002,Andre,Miller,LAC,N,80,2913,1088,84,232,316,537,99,11,206,203,928,377,391,311,108,23
MILLEBR01,2002,Brad,Miller,IND,N,73,2270,955,185,418,603,193,65,43,118,203,667,329,357,292,16,5
MILLEMI01,2002,Mike,Miller,MEM,N,16,360,205,6,49,55,31,6,5,26,34,151,77,36,29,44,22
MILLEMI01,2002,Mike,Miller,TOT,N,65,2186,1011,46,295,341,170,42,21,125,173,859,373,186,156,300,109
MILLEMI01,2002,Mike,Miller,ORL,N,49,1826,806,40,246,286,139,36,16,99,139,708,296,150,127,256,87
MILLERE01,2002,Reggie,Miller,IND,N,70,2117,882,21,151,172,170,62,4,66,89,637,281,230,207,318,113
MILLSCH01,2002,Chris,Mills,GSW,N,21,262,101,19,31,50,22,7,3,10,29,106,39,18,16,25,7
MINGYA01,2002,Yao,Ming,HOU,N,82,2382,1104,196,479,675,137,31,147,173,230,805,401,371,301,2,1
MOBLECU01,2002,Cuttino,Mobley,HOU,N,73,3044,1280,70,233,303,208,95,36,166,185,1067,463,282,242,318,112
MOHAMNA01,2002,Nazr,Mohammed,ATL,N,35,445,160,47,82,129,6,16,21,25,79,159,67,41,26,0,0
MOISOJE01,2002,Jerome,Moiso,NOH,N,51,644,205,59,119,178,22,19,44,46,87,171,89,41,27,0,0
MOOREMI01,2002,Mikki,Moore,BOS,N,3,12,0,1,0,1,0,0,2,0,6,1,0,0,0,0,0
MOOREMI01,2002,Mikki,Moore,TOT,N,8,43,18,6,2,8,3,0,4,2,7,13,5,10,8,0,0
MOOREMI01,2002,Mikki,Moore,ATL,N,5,31,18,5,2,7,3,0,2,2,1,12,5,10,8,0,0
MORRITE01,2002,Terence,Morris,HOU,N,49,632,182,40,88,128,25,8,17,29,35,176,82,14,11,32,7
MURPHTR01,2002,Troy,Murphy,GSW,N,79,2510,923,228,578,806,106,65,30,111,246,749,338,290,244,14,3
MURRARO01,2002,Ronald,Murray,MIL,N,12,42,23,0,1,1,3,4,0,4,0,26,9,8,5,4,0
MURRARO01,2002,Ronald,Murray,SEA,N,2,20,4,0,3,3,2,0,0,4,0,5,2,0,0,1,0
MURRARO01,2002,Ronald,Murray,TOT,N,14,62,27,0,4,4,5,4,0,8,0,31,11,8,5,5,0
MURRATR01,2002,Tracy,Murray,LAL,N,31,193,61,5,18,23,12,5,3,14,22,71,23,9,7,38,8
MUTOMDI01,2002,Dikembe,Mutombo,NJN,N,24,514,138,54,99,153,19,4,37,34,54,131,49,55,40,0,0
NACHBBO01,2002,Bostjan,Nachbar,HOU,N,14,77,29,3,8,11,3,2,2,6,13,31,11,10,5,10,2
NAILOLE01,2002,Lee,Nailon,NYK,N,38,405,210,32,38,70,26,6,3,32,46,190,84,51,42,1,0
NAJERED01,2002,Eduardo,Najera,DAL,N,48,1103,320,90,133,223,47,40,22,23,129,231,129,91,62,1,0
NASHST01,2002,Steve,Nash,DAL,N,82,2711,1455,63,171,234,598,85,6,192,134,1114,518,339,308,269,111
NDIAYMA02,2002,Mamadou,N'diaye,TOR,N,22,364,120,29,53,82,7,8,32,21,58,96,43,47,34,0,0
NESTERA01,2002,Radoslav,Nesterovic,MIN,N,77,2337,861,146,358,504,114,39,116,99,256,762,400,95,61,2,0
NEWBLIR01,2002,Ira,Newble,ATL,N,73,1931,564,86,185,271,99,50,26,69,174,467,231,90,70,84,32
NORRIMO01,2002,Moochie,Norris,HOU,N,82,1375,357,37,122,159,196,55,4,86,72,330,134,114,78,45,11
NOWITDI01,2002,Dirk,Nowitzki,DAL,N,80,3117,2011,81,710,791,239,111,82,152,206,1489,690,548,483,390,148
OAKLECH01,2002,Charles,Oakley,WAS,N,42,514,74,37,70,107,40,13,6,21,90,55,23,34,28,0,0
ODOMLA01,2002,Lamar,Odom,LAC,N,49,1679,714,59,267,326,178,42,41,140,181,611,268,175,136,129,42
OKURME01,2002,Mehmet,Okur,DET,N,72,1366,494,117,218,335,71,25,39,66,167,423,180,131,96,112,38
OLIVEDE01,2002,Dean,Oliver,GSW,N,15,93,22,8,8,16,23,7,0,10,9,29,7,8,7,6,1
OLLIEKE01,2002,Kevin,Ollie,SEA,N,29,770,231,13,70,83,110,32,1,36,51,186,82,87,66,1,1
OLLIEKE01,2002,Kevin,Ollie,TOT,N,82,1897,534,25,157,182,291,69,5,72,122,441,199,178,134,6,2
OLLIEKE01,2002,Kevin,Ollie,MIL,N,53,1127,303,12,87,99,181,37,4,36,71,255,117,91,68,5,1
OLOWOMI01,2002,Michael,Olowokandi,LAC,N,36,1369,441,57,271,328,47,18,79,98,110,436,186,105,69,0,0
ONEAJE01,2002,Jermaine,O'Neal,IND,N,77,2864,1600,202,594,796,155,66,178,180,277,1260,610,510,373,21,7
ONEASH01,2002,Shaquille,O'Neal,LAL,N,67,2535,1841,259,483,742,206,38,159,196,229,1211,695,725,451,0,0
OSTERGR01,2002,Greg,Ostertag,UTA,N,81,1926,438,180,323,503,55,20,147,104,235,326,169,196,100,0,0
OUTLABO01,2002,Bo,Outlaw,PHO,N,80,1800,378,134,234,368,112,50,71,76,194,278,153,116,72,2,0
OWENSCH01,2002,Chris,Owens,MEM,N,1,6,4,1,0,1,0,0,0,1,0,3,2,0,0,0,0
OYEDEOL01,2002,Olumide,Oyedeji,ORL,N,27,145,27,10,40,50,5,5,3,5,30,23,10,11,7,0,0
PACKRO01,2002,Robert,Pack,NOH,N,28,440,145,11,40,51,81,25,0,40,35,129,52,55,41,5,0
PADGESC01,2002,Scott,Padgett,UTA,N,82,1321,466,83,189,272,86,41,24,70,148,423,170,107,81,133,45
PALACMI01,2002,Milt,Palacio,CLE,N,80,1976,397,48,187,235,259,68,16,131,168,388,162,87,65,37,8
PARGOJA01,2002,Jannero,Pargo,LAL,N,34,342,85,9,28,37,39,13,2,23,45,93,37,4,4,24,7
PARKETO01,2002,Tony,Parker,SAS,N,82,2774,1269,33,183,216,432,71,4,198,174,1043,484,290,219,243,82
PARKEWI01,2002,Smush,Parker,CLE,N,66,1103,408,29,90,119,162,48,12,133,106,338,136,118,98,118,38
PARKSCH01,2002,Cherokee,Parks,LAC,N,30,648,188,46,86,132,21,16,20,18,52,163,82,38,23,2,1
PATTERU01,2002,Ruben,Patterson,POR,N,78,1655,649,120,144,264,101,73,29,117,161,516,254,220,138,20,3
PAYTOGA01,2002,Gary,Payton,MIL,N,80,3208,1634,23,311,334,663,133,20,187,181,1466,665,352,250,182,54
PEELEAN01,2002,Anthony,Peeler,MIN,N,82,2245,630,40,201,241,244,72,13,82,161,609,252,50,39,212,87
PERSOWE01,2002,Wesley,Person,MEM,N,66,1941,727,24,168,192,112,42,19,56,64,601,274,97,79,231,100
PETERMO01,2002,Morris,Peterson,TOR,N,82,2949,1153,97,266,363,188,88,32,128,232,1073,421,247,195,344,116
PIATKER01,2002,Eric,Piatkowski,LAC,N,62,1360,601,44,112,156,70,33,9,56,92,446,210,122,101,201,80
PIERCPA01,2002,Paul,Pierce,BOS,N,79,3096,2048,106,472,578,349,139,62,288,227,1592,663,753,604,391,118
PIPPESC01,2002,Scottie,Pippen,POR,N,64,1911,689,57,221,278,285,105,25,164,149,597,265,148,121,133,38
POLLASC01,2002,Scot,Pollard,SAC,N,23,325,103,46,60,106,6,13,15,15,50,87,40,38,23,0,0
POSEYJA01,2002,James,Posey,HOU,N,58,1646,541,52,229,281,106,77,9,78,134,428,188,144,119,141,46
POSEYJA01,2002,James,Posey,DEN,N,25,872,352,38,107,145,78,29,6,66,63,324,121,102,86,88,24
POSEYJA01,2002,James,Posey,TOT,N,83,2518,893,90,336,426,184,106,15,144,197,752,309,246,205,229,70
POSTELA01,2002,Lavor,Postell,NYK,N,12,98,43,1,3,4,3,2,0,7,9,38,14,15,13,7,2
POTAPVI01,2002,Vitaly,Potapenko,SEA,N,26,403,104,25,64,89,4,9,8,25,46,93,41,29,22,0,0
PRINCTA01,2002,Tayshaun,Prince,DET,N,42,435,137,5,40,45,24,10,14,21,25,118,53,17,11,47,20
PRZYBJO01,2002,Joel,Przybilla,MIL,N,32,546,48,48,97,145,12,10,45,19,85,46,18,24,12,0,0
RADMAVL01,2002,Vladimir,Radmanovic,SEA,N,72,1910,724,76,247,323,97,64,22,100,136,668,274,102,72,293,104
RAKOCIG01,2002,Igor,Rakocevic,MIN,N,42,244,78,4,13,17,33,4,0,23,25,58,22,36,29,12,5
RANDOZA01,2002,Zach,Randolph,POR,N,77,1301,650,139,204,343,41,42,14,62,141,515,264,161,122,5,0
RATLITH01,2002,Theo,Ratliff,ATL,N,81,2518,706,154,453,607,73,56,262,137,271,595,276,214,154,0,0
REBRAZE01,2002,Zelijko,Rebraca,DET,N,30,488,198,27,65,92,9,6,17,29,79,145,80,48,38,0,0
REDDMI01,2002,Michael,Redd,MIL,N,82,2316,1241,98,273,371,117,100,13,74,143,971,455,185,149,416,182
REIDDO01,2002,Don,Reid,DET,N,1,10,1,0,0,0,0,0,0,0,4,3,0,2,1,0,0
RENTZEF01,2002,Efthimios,Rentzias,PHI,N,35,144,52,10,16,26,7,6,2,4,21,59,20,9,8,8,4
RICEGL01,2002,Glen,Rice,HOU,N,62,1532,556,28,126,154,65,23,5,55,99,457,196,83,63,254,101
RICHAJA01,2002,Jason,Richardson,GSW,N,82,2698,1282,111,267,378,247,90,23,179,201,1161,476,271,207,334,123
RICHAQU01,2002,Quentin,Richardson,LAC,N,59,1368,552,98,183,281,52,35,10,64,92,546,203,124,85,198,61
RIGAUAN01,2002,Antoine,Rigaudeau,DAL,N,11,91,17,4,4,8,6,3,0,6,11,35,8,0,0,5,1
ROBINCL02,2002,Cliff,Robinson,DET,N,81,2825,992,81,237,318,268,87,88,158,259,935,372,238,161,259,87
ROBINDA01,2002,David,Robinson,SAS,N,64,1676,546,163,345,508,61,52,111,83,126,420,197,214,152,0,0
ROBINED01,2002,Eddie,Robinson,CHI,N,64,1355,364,76,124,200,66,62,13,52,120,315,155,63,51,14,3
ROBINGL01,2002,Glenn,Robinson,ATL,N,69,2591,1436,86,371,457,205,91,26,248,183,1248,539,306,268,263,90
ROGERRO01,2002,Rodney,Rogers,NJN,N,68,1303,478,61,202,263,107,50,31,91,192,455,183,90,68,132,44
ROOKSSE01,2002,Sean,Rooks,LAC,N,70,1344,297,53,163,216,69,34,44,66,174,297,125,58,47,1,0
ROSEJA01,2002,Jalen,Rose,CHI,N,82,3351,1816,68,283,351,395,72,23,285,271,1583,642,467,399,359,133
ROSEMA01,2002,Malik,Rose,SAS,N,79,1933,822,148,358,506,124,57,40,170,206,630,289,306,242,5,2
RUCKEGU01,2002,Guy,Rucker,GSW,N,3,4,0,0,1,1,1,0,0,0,1,0,0,0,0,0,0
RUSHKA01,2002,Kareem,Rush,LAL,N,76,872,227,26,68,94,68,10,11,63,71,244,96,23,16,68,19
RUSSEBR01,2002,Bryon,Russell,WAS,N,70,1388,315,43,165,208,72,70,7,55,130,306,108,69,53,140,46
SABONAR01,2002,Arvydas,Sabonis,POR,N,78,1209,476,88,247,335,142,61,49,75,141,361,172,164,129,6,3
SALMOJO01,2002,John,Salmons,PHI,N,64,504,132,16,43,59,47,17,6,29,53,116,48,35,26,31,10
SAMAKSO01,2002,Soumaila,Samake,LAL,N,13,77,22,10,13,23,4,0,5,2,13,24,10,2,2,0,0
SAMPSJA01,2002,Jamal,Sampson,MIL,N,5,8,0,1,1,2,1,1,0,0,0,2,0,0,0,0,0
SANCHPE01,2002,Pepe,Sanchez,DET,N,9,37,0,4,2,6,8,5,0,2,3,5,0,0,0,0,0
SASSEJE01,2002,Jeryl,Sasser,ORL,N,75,1025,194,64,120,184,65,45,12,39,91,207,64,78,53,44,13
SATTEKE01,2002,Kenny,Satterfield,TOT,N,39,502,132,16,27,43,68,20,2,43,36,183,55,25,17,28,5
SATTEKE01,2002,Kenny,Satterfield,PHI,N,17,82,9,4,4,8,15,2,0,7,6,18,4,2,1,0,0
SATTEKE01,2002,Kenny,Satterfield,DEN,N,22,420,123,12,23,35,53,18,2,36,30,165,51,23,16,28,5
SAVOVPR01,2002,Predrag,Savovic,DEN,N,27,256,83,9,16,25,22,14,1,21,33,93,29,29,21,26,4
SCALABR01,2002,Brian,Scalabrine,NJN,N,59,724,180,40,101,141,46,16,18,46,77,169,68,36,30,39,14
SESAYAN01,2002,Ansu,Sesay,SEA,N,45,448,94,34,39,73,23,14,5,25,62,107,41,21,12,0,0
SHAWBR01,2002,Brian,Shaw,LAL,N,72,900,250,20,99,119,103,32,13,54,62,261,101,15,10,109,38
SHIRLPA01,2002,Paul,Shirley,ATL,N,2,5,0,0,1,1,0,0,0,0,0,4,0,0,0,0,0
SIMMOBO01,2002,Bobby,Simmons,WAS,N,36,378,120,33,44,77,20,10,3,8,51,112,44,35,32,5,0
SKINNBR01,2002,Brian,Skinner,PHI,N,77,1381,461,136,230,366,19,47,53,62,176,331,182,161,97,0,0
SLATERE01,2002,Reggie,Slater,MIN,N,26,141,81,18,13,31,4,6,1,9,31,50,27,45,27,0,0
SLAYTA01,2002,Tamar,Slay,NJN,N,36,274,92,8,23,31,14,14,3,20,31,103,39,10,7,25,7
SMITHCH03,2002,Charles,Smith,POR,N,3,13,5,0,0,0,1,1,0,1,3,4,1,4,3,1,0
SMITHJO01,2002,Joe,Smith,MIN,N,54,1117,404,111,159,270,38,14,55,43,171,328,151,131,102,2,0
SMITHST01,2002,Steve,Smith,SAS,N,53,1032,360,21,78,99,70,28,9,43,79,291,113,114,95,118,39
SNOWER01,2002,Eric,Snow,PHI,N,82,3108,1054,71,230,301,544,133,11,194,235,799,361,379,325,32,7
SPREWLA01,2002,Latrell,Sprewell,NYK,N,74,2859,1215,45,240,285,332,102,22,172,134,1127,454,218,173,360,134
STACKJE01,2002,Jerry,Stackhouse,WAS,N,70,2747,1508,61,197,258,316,65,28,193,130,1201,491,518,455,245,71
STEPAVL01,2002,Vladimir,Stepania,MIA,N,79,1594,441,211,343,554,24,45,40,69,169,427,185,134,71,0,0
STEVEDE01,2002,DeShawn,Stevenson,UTA,N,61,760,279,22,63,85,40,22,8,49,57,284,114,68,47,12,4
STEWAMI01,2002,Michael,Stewart,CLE,N,47,251,36,19,36,55,6,2,15,10,42,37,14,12,8,0,0
STOCKJO01,2002,John,Stockton,UTA,N,82,2275,884,51,150,201,629,137,16,182,184,640,309,287,237,80,29
STOJAPR01,2002,Predrag,Stojakovic,SAC,N,72,2450,1380,61,336,397,141,72,5,101,143,1034,497,264,231,406,155
STOUDAM01,2002,Amare,Stoudemire,PHO,N,82,2570,1106,250,471,721,78,62,87,189,269,830,392,484,320,10,2
STOUDDA01,2002,Damon,Stoudamire,POR,N,59,1315,409,40,115,155,204,39,6,82,67,415,156,67,53,114,44
STRICER01,2002,Erick,Strickland,IND,N,71,1275,458,23,122,145,209,38,7,98,111,380,163,87,70,160,62
STRICMA01,2002,Mark,Strickland,DAL,N,4,13,4,5,2,7,0,0,0,1,1,5,2,0,0,0,0
STRICRO01,2002,Rod,Strickland,MIN,N,47,956,320,20,75,95,215,46,6,76,55,278,120,107,79,11,1
SUNDOBR01,2002,Bruno,Sundov,BOS,N,26,138,32,8,20,28,7,6,3,9,24,56,14,2,0,16,4
SURABO01,2002,Bob,Sura,GSW,N,55,1130,401,58,109,167,177,45,2,82,108,328,135,148,103,85,28
SWIFTST01,2002,Stromile,Swift,MEM,N,67,1478,647,114,270,384,45,55,104,99,152,489,235,245,177,2,0
SZCZEWA01,2002,Wally,Szczerbiak,MIN,N,52,1836,913,53,188,241,136,44,22,87,123,729,351,173,150,145,61
TAYLOMA01,2002,Maurice,Taylor,HOU,N,67,1377,562,95,143,238,66,22,22,100,151,535,231,138,100,2,0
TERRYJA01,2002,Jason,Terry,ATL,N,81,3081,1395,37,242,279,600,126,14,249,175,1141,488,292,259,431,160
THOMAET01,2002,Etan,Thomas,WAS,N,38,513,182,70,95,165,3,8,23,33,66,124,61,94,60,0,0
THOMAKE01,2002,Kenny,Thomas,HOU,N,20,586,197,45,92,137,39,16,6,40,49,190,82,45,33,0,0
THOMAKE01,2002,Kenny,Thomas,PHI,N,46,1392,470,140,252,392,73,46,22,76,120,369,178,152,114,0,0
THOMAKE01,2002,Kenny,Thomas,TOT,N,66,1978,667,185,344,529,112,62,28,116,169,559,260,197,147,0,0
THOMAKU01,2002,Kurt,Thomas,NYK,N,81,2577,1134,160,477,637,162,81,97,138,344,1028,497,184,138,3,2
THOMATI01,2002,Tim,Thomas,MIL,N,80,2358,1066,97,292,389,102,70,49,133,257,930,412,186,145,265,97
TINSLJA01,2002,Jamaal,Tinsley,IND,N,73,2237,566,58,202,260,548,125,18,192,201,556,220,112,80,166,46
TORREOS01,2002,Oscar,Torres,GSW,N,17,109,53,3,9,12,3,4,2,8,9,36,16,20,14,13,7
TRAYLRO01,2002,Robert,Traylor,NOH,N,69,851,268,108,154,262,50,45,37,53,153,237,105,88,57,3,1
TRENTGA01,2002,Gary,Trent,MIN,N,80,1222,476,106,185,291,77,32,23,59,142,389,208,101,60,2,0
TREPAJE01,2002,Jeff,Trepagnier,DEN,N,8,97,45,8,8,16,6,8,0,8,5,40,17,7,7,8,4
TRYBACE01,2002,Cezary,Trybanski,MEM,N,15,86,14,6,8,14,1,0,6,8,13,20,5,10,4,0,0
TSAKAIA01,2002,Jake,Tsakalidis,PHO,N,33,543,161,45,77,122,13,6,17,26,80,135,61,58,39,0,0
TSKITNI01,2002,Nikoloz,Tskitishvili,DEN,N,81,1320,315,64,117,181,91,31,29,84,136,393,115,65,48,152,37
TURKOHI01,2002,Hidayet,Turkoglu,SAC,N,67,1175,447,35,153,188,87,25,12,50,125,391,165,110,88,78,29
VANEXNI01,2002,Nick,Van Exel,DAL,N,73,2026,912,35,173,208,312,42,4,123,86,831,342,144,110,312,118
VANHOKE01,2002,Keith,Van Horn,PHI,N,74,2337,1176,159,365,524,93,63,30,150,251,952,459,240,193,176,65
VAUGHJA01,2002,Jacque,Vaughn,ORL,N,80,1686,473,26,92,118,232,64,2,97,169,411,184,125,97,34,8
VOSKUJA01,2002,Jake,Voskuhl,PHO,N,65,947,248,97,128,225,36,18,29,48,172,163,92,96,64,0,0
WAGNEDA02,2002,Dajuan,Wagner,CLE,N,47,1385,629,20,62,82,130,38,7,85,107,605,223,160,128,174,55
WALKEAN01,2002,Antoine,Walker,BOS,N,78,3235,1570,99,464,563,373,116,31,260,221,1554,603,286,176,582,188
WALKESA01,2002,Samaki,Walker,LAL,N,67,1243,296,115,253,368,64,20,55,56,143,274,115,101,66,1,0
WALLABE01,2002,Ben,Wallace,DET,N,73,2873,506,293,833,1126,120,104,230,88,179,437,210,189,85,6,1
WALLAGE01,2002,Gerald,Wallace,SAC,N,47,571,220,38,90,128,23,23,15,44,68,183,90,74,39,4,1
WALLARA01,2002,Rasheed,Wallace,POR,N,74,2684,1340,113,435,548,153,70,77,140,223,1094,515,272,200,307,110
WANGZH01,2002,Wang,ZhiZhi,LAC,N,41,412,182,26,51,77,10,8,10,31,41,162,62,58,42,47,16
WARDCH01,2002,Charlie,Ward,NYK,N,66,1465,472,25,152,177,306,78,11,95,146,414,165,53,41,267,101
WATSOEA01,2002,Earl,Watson,MEM,N,79,1366,433,46,118,164,225,89,14,88,138,391,170,86,62,91,31
WEATHCL01,2002,Clarence,Weatherspoon,NYK,N,79,2024,521,214,385,599,68,69,36,63,174,414,186,194,149,0,0
WEBBECH01,2002,Chris,Webber,SAC,N,67,2622,1542,160,544,704,364,106,88,215,204,1433,661,354,215,21,5
WELLSBO01,2002,Bonzi,Wells,POR,N,75,2396,1138,98,296,394,246,123,18,215,220,990,437,313,226,130,38
WELSCJI01,2002,Jiri,Welsch,GSW,N,37,234,61,12,16,28,27,8,2,19,32,75,19,29,22,4,1
WESLEDA01,2002,David,Wesley,NOH,N,73,2710,1217,38,137,175,251,109,9,132,173,1037,449,237,185,316,134
WHITEJA01,2002,Jahidi,White,WAS,N,16,230,67,37,36,73,2,1,12,9,33,53,25,25,17,0,0
WHITERO02,2002,Rodney,White,DEN,N,72,1563,650,43,170,213,121,45,32,156,134,638,260,125,98,134,32
WHITNCH01,2002,Chris,Whitney,ORL,N,22,290,78,2,19,21,21,12,1,16,15,88,30,12,11,36,7
WHITNCH01,2002,Chris,Whitney,TOT,N,51,1052,355,3,64,67,145,29,2,71,92,349,124,69,57,164,50
WHITNCH01,2002,Chris,Whitney,DEN,N,29,762,277,1,45,46,124,17,1,55,77,261,94,57,46,128,43
WILCOCH01,2002,Chris,Wilcox,LAC,N,46,479,171,32,72,104,21,7,12,26,65,140,73,50,25,0,0
WILKSMI01,2002,Mike,Wilks,MIN,N,31,324,62,11,19,30,50,11,3,12,31,67,21,18,16,18,4
WILKSMI01,2002,Mike,Wilks,ATL,N,15,364,85,9,32,41,42,16,1,16,38,81,29,29,21,17,6
WILKSMI01,2002,Mike,Wilks,TOT,N,46,688,147,20,51,71,92,27,4,28,69,148,50,47,37,35,10
WILLIAA01,2002,Aaron,Williams,NJN,N,81,1597,500,137,194,331,88,27,57,85,206,439,199,130,102,1,0
WILLIAL01,2002,Alvin,Williams,TOR,N,78,2638,1027,55,190,245,416,111,21,128,170,905,396,239,187,146,48
WILLIBR01,2002,Brandon,Williams,ATL,N,6,19,2,2,0,2,0,2,0,3,4,7,1,0,0,1,0
WILLICO02,2002,Corliss,Williamson,DET,N,82,2061,987,147,211,358,104,44,27,126,238,826,374,300,237,11,2
WILLIER01,2002,Eric,Williams,BOS,N,82,2350,746,143,239,382,140,86,19,97,234,575,254,268,201,110,37
WILLIFR02,2002,Frank,Williams,NYK,N,21,167,28,3,15,18,34,7,2,17,20,33,9,6,4,16,6
WILLIJA02,2002,Jason,Williams,MEM,N,76,2407,919,25,187,212,631,91,10,168,130,859,333,131,110,404,143
WILLIJA03,2002,Jay,Williams,CHI,N,75,1961,714,27,168,195,350,86,17,171,179,685,273,161,103,202,65
WILLIJE01,2002,Jerome,Williams,TOR,N,71,2346,691,231,419,650,95,116,26,98,197,535,267,281,156,6,1
WILLIKE01,2002,Kevin,Willis,SAS,N,71,840,297,83,143,226,24,20,20,60,120,257,123,83,51,2,0
WILLIMO01,2002,Monty,Williams,PHI,N,21,276,92,12,33,45,26,12,5,17,33,80,34,32,24,2,0
WILLISC01,2002,Scott,Williams,PHO,N,69,872,273,72,121,193,22,27,21,32,159,292,120,42,33,2,0
WILLISH01,2002,Shammond,Williams,TOT,N,78,1881,627,24,147,171,266,77,6,114,140,579,228,102,78,261,93
WILLISH01,2002,Shammond,Williams,DEN,N,27,712,255,12,49,61,138,16,3,53,56,241,94,45,30,102,37
WILLISH01,2002,Shammond,Williams,BOS,N,51,1169,372,12,98,110,128,61,3,61,84,338,134,57,48,159,56
WILLIWA01,2002,Walt,Williams,DAL,N,66,1161,363,53,154,207,59,42,26,35,141,341,134,50,31,171,64
WOLKORU01,2002,Ruben,Wolkowyski,BOS,N,7,24,5,0,1,1,1,0,0,1,3,4,2,4,1,1,0
WOODSLO01,2002,Loren,Woods,MIN,N,38,353,80,27,68,95,19,10,13,23,37,76,29,27,21,3,1
WOODSQY01,2002,Qyntel,Woods,POR,N,53,334,128,15,38,53,12,15,1,23,36,118,59,20,7,9,3
WRIGHLO02,2002,Lorenzen,Wright,MEM,N,70,1982,797,170,358,528,80,51,54,110,209,716,325,223,147,5,0
YARBRVI01,2002,Vincent,Yarbrough,DEN,N,59,1381,404,36,126,162,130,57,33,81,145,427,167,62,49,78,21
ABDURSH01,2003,Shareef,Abdur-rahim,TOT,N,85,2685,1384,189,450,639,174,68,37,184,222,1054,501,429,373,34,9
ABDURSH01,2003,Shareef,Abdur-rahim,POR,N,32,728,319,48,96,144,47,24,18,53,75,264,118,95,79,11,4
ABDURSH01,2003,Shareef,Abdur-rahim,ATL,N,53,1957,1065,141,354,495,127,44,19,131,147,790,383,334,294,23,5
ALLENMA01,2003,Malik,Allen,MIA,N,45,616,191,42,77,119,16,12,28,27,81,198,83,33,25,0,0
ALLENRA02,2003,Ray,Allen,SEA,N,56,2152,1287,69,217,286,268,71,11,156,132,1017,447,271,245,378,148
ALSTORA01,2003,Rafer,Alston,MIA,N,82,2581,838,26,200,226,372,114,18,128,212,764,287,134,103,434,161
ANDERCH01,2003,Chris,Andersen,DEN,N,71,1029,243,89,209,298,35,34,114,48,119,203,90,107,63,1,0
ANDERDE01,2003,Derek,Anderson,POR,N,51,1810,694,26,156,182,228,66,3,90,79,612,230,188,155,259,79
ANDERKE02,2003,Kenny,Anderson,IND,N,44,905,262,19,62,81,125,26,5,50,73,256,113,48,35,4,1
ANDERSH01,2003,Shandon,Anderson,NYK,N,80,1974,635,53,169,222,122,68,17,118,182,564,238,161,123,128,36
ANTHOCA01,2003,Carmelo,Anthony,DEN,N,82,2995,1725,183,315,498,227,97,41,247,225,1465,624,525,408,214,69
ARCHIRO01,2003,Robert,Archibald,PHO,N,1,6,1,0,1,1,1,0,0,1,1,1,0,2,1,0,0
ARCHIRO01,2003,Robert,Archibald,ORL,N,1,4,2,0,1,1,0,1,0,0,0,2,1,2,0,0,0
ARCHIRO01,2003,Robert,Archibald,TOR,N,30,246,29,21,29,50,12,13,3,9,49,30,8,27,13,0,0
ARCHIRO01,2003,Robert,Archibald,TOT,N,32,256,32,21,31,52,13,14,3,10,50,33,9,31,14,0,0
ARENAGI01,2003,Gilbert,Arenas,WAS,N,55,2067,1078,55,199,254,275,103,12,226,176,914,358,317,237,333,125
ARMSTBR01,2003,Brandon,Armstrong,NJN,N,56,434,151,12,31,43,14,12,2,24,49,175,65,4,2,52,19
ARMSTDA01,2003,Darrell,Armstrong,NOH,N,79,2247,840,63,163,226,311,133,16,155,148,736,291,144,123,429,135
ARROYCA01,2003,Carlos,Arroyo,UTA,N,71,2008,897,41,144,185,355,63,5,156,165,768,339,225,181,117,38
ARTESRO01,2003,Ron,Artest,IND,N,73,2714,1333,100,285,385,272,152,50,202,194,1112,468,439,322,242,75
ATKINCH01,2003,Chucky,Atkins,DET,N,40,753,249,6,42,48,95,19,1,48,60,235,88,43,31,130,42
ATKINCH01,2003,Chucky,Atkins,BOS,N,24,793,289,3,42,45,128,26,1,44,42,249,104,54,42,111,39
ATKINCH01,2003,Chucky,Atkins,TOT,N,64,1546,538,9,84,93,223,45,2,92,102,484,192,97,73,241,81
AUGMOST01,2003,Stacey,Augmon,NOH,N,69,1415,397,52,122,174,85,55,15,76,114,347,143,139,110,7,1
BAKERVI01,2003,Vin,Baker,NYK,N,17,313,113,36,34,70,12,7,9,25,62,99,40,45,32,2,1
BAKERVI01,2003,Vin,Baker,BOS,N,37,1000,418,76,134,210,54,22,23,52,98,333,168,112,82,1,0
BAKERVI01,2003,Vin,Baker,TOT,N,54,1313,531,112,168,280,66,29,32,77,160,432,208,157,114,3,1
BANKSMA01,2003,Marcus,Banks,BOS,N,81,1385,480,30,103,133,175,88,13,125,171,442,177,131,99,86,27
BARBOLE01,2003,Leandrinho,Barbosa,PHO,N,70,1500,550,23,100,123,165,93,7,120,184,470,210,61,47,210,83
BARNEMA02,2003,Matt,Barnes,LAC,N,38,719,171,53,98,151,48,27,3,44,76,138,63,61,43,13,2
BARRODA01,2003,Dana,Barros,BOS,N,1,11,6,0,0,0,0,0,0,0,2,3,2,2,2,0,0
BARRYBR01,2003,Brent,Barry,SEA,N,59,1803,635,21,183,204,342,85,16,139,121,427,215,110,91,252,114
BARRYJO01,2003,Jon,Barry,DEN,N,57,1101,351,25,98,123,147,57,8,53,66,297,120,71,60,138,51
BATEEME01,2003,Mengke,Bateer,TOR,N,7,40,8,0,8,8,1,1,0,2,10,7,4,0,0,0,0
BATTISH01,2003,Shane,Battier,MEM,N,79,1947,669,102,201,303,101,101,58,56,187,543,242,164,120,186,65
BATTITO01,2003,Tony,Battie,BOS,N,23,502,136,39,79,118,21,8,20,24,55,117,56,33,23,1,1
BATTITO01,2003,Tony,Battie,CLE,N,50,977,272,79,162,241,37,18,47,39,104,267,114,56,43,8,1
BATTITO01,2003,Tony,Battie,TOT,N,73,1479,408,118,241,359,58,26,67,63,159,384,170,89,66,9,2
BAXTELO01,2003,Lonny,Baxter,TOT,N,62,766,251,64,112,176,20,17,29,38,123,209,103,76,44,3,1
BAXTELO01,2003,Lonny,Baxter,TOR,N,36,487,150,42,79,121,10,14,18,22,69,128,60,56,30,1,0
BAXTELO01,2003,Lonny,Baxter,CHI,N,14,147,60,11,13,24,5,1,6,11,31,49,27,8,5,1,1
BAXTELO01,2003,Lonny,Baxter,WAS,N,12,132,41,11,20,31,5,2,5,5,23,32,16,12,9,1,0
BEASLJE01,2003,Jerome,Beasley,MIA,N,2,5,2,0,1,1,0,0,0,0,0,3,1,0,0,0,0
BELLRA01,2003,Raja,Bell,UTA,N,82,2020,915,60,181,241,107,63,13,111,261,805,329,248,195,166,62
BELLTR01,2003,Troy,Bell,MEM,N,6,34,11,3,1,4,4,1,0,6,6,18,4,3,3,4,0
BENDEJO01,2003,Jonathan,Bender,IND,N,21,271,148,9,31,40,9,5,11,33,23,106,50,47,39,22,9
BESTTR01,2003,Travis,Best,DAL,N,61,762,171,17,51,68,112,31,4,33,66,172,64,46,40,20,3
BIBBYMI01,2003,Mike,Bibby,SAC,N,82,2981,1506,67,210,277,444,112,18,175,146,1170,527,373,304,378,148
BILLUCH01,2003,Chauncey,Billups,DET,N,78,2758,1318,35,241,276,446,84,8,189,177,996,392,460,404,335,130
BLAKEST01,2003,Steve,Blake,WAS,N,75,1391,444,18,99,117,209,57,7,128,100,407,157,67,55,202,75
BLOUNCO01,2003,Corie,Blount,TOR,N,16,294,38,22,47,69,10,11,5,8,49,47,18,3,2,0,0
BLOUNCO01,2003,Corie,Blount,CHI,N,46,756,207,76,130,206,45,38,19,35,86,206,97,24,13,3,0
BLOUNCO01,2003,Corie,Blount,TOT,N,62,1050,245,98,177,275,55,49,24,43,135,253,115,27,15,3,0
BLOUNMA01,2003,Mark,Blount,BOS,N,82,2402,843,207,382,589,75,80,106,150,253,604,342,221,159,0,0
BOGANKE01,2003,Keith,Bogans,ORL,N,73,1787,498,106,211,317,98,46,10,75,129,454,183,103,65,187,67
BOOTHCA01,2003,Calvin,Booth,SEA,N,71,1206,345,86,194,280,28,17,101,45,150,290,135,94,75,2,0
BOOZECA01,2003,Carlos,Boozer,CLE,N,75,2592,1162,230,627,857,148,74,55,134,199,900,471,285,219,6,1
BORCHCU01,2003,Curtis,Borchardt,UTA,N,16,258,58,13,41,54,15,4,14,18,40,56,22,18,14,1,0
BOSHCH01,2003,Chris,Bosh,TOR,N,75,2510,861,191,366,557,78,59,106,107,215,712,327,288,202,14,5
BOUMTRU01,2003,Ruben,Boumtje-Boumtje,POR,N,9,26,4,0,1,1,1,0,1,0,2,5,1,2,2,0,0
BOWENBR01,2003,Bruce,Bowen,SAS,N,82,2624,565,45,208,253,113,84,33,90,166,502,211,114,66,212,77
BOWENRY01,2003,Ryan,Bowen,DEN,N,52,392,46,39,48,87,18,18,16,6,47,53,18,12,10,0,0
BOYKIEA01,2003,Earl,Boykins,DEN,N,82,1849,839,42,101,143,295,51,3,100,84,766,321,162,142,171,55
BRADLMI01,2003,Michael,Bradley,TOR,N,5,38,3,1,10,11,1,1,0,3,6,3,1,2,1,0,0
BRADLMI01,2003,Michael,Bradley,ATL,N,11,60,12,5,7,12,0,2,0,4,8,12,6,0,0,0,0
BRADLMI01,2003,Michael,Bradley,TOT,N,16,98,15,6,17,23,1,3,0,7,14,15,7,2,1,0,0
BRADLSH01,2003,Shawn,Bradley,DAL,N,66,773,219,72,101,173,20,33,74,17,130,188,89,49,41,1,0
BRAGGTO01,2003,Torraye,Braggs,TOT,N,15,154,40,18,21,39,7,4,2,13,29,33,16,12,8,0,0
BRAGGTO01,2003,Torraye,Braggs,HOU,N,11,132,34,15,19,34,6,4,2,12,21,28,13,12,8,0,0
BRAGGTO01,2003,Torraye,Braggs,WAS,N,4,22,6,3,2,5,1,0,0,1,8,5,3,0,0,0,0
BRANDEL01,2003,Elton,Brand,LAC,N,69,2675,1379,269,445,714,227,64,154,193,229,982,484,532,411,1,0
BREMEJR01,2003,J.R.,Bremer,GSW,N,5,40,8,2,1,3,12,0,0,5,5,21,4,0,0,8,0
BREMEJR01,2003,J.R.,Bremer,CLE,N,31,403,110,7,26,33,39,18,4,19,27,137,39,20,13,66,19
BREMEJR01,2003,J.R.,Bremer,TOT,N,36,443,118,9,27,36,51,18,4,24,32,158,43,20,13,74,19
BREWEJA01,2003,Jamison,Brewer,IND,N,13,160,32,2,9,11,17,7,0,10,9,35,13,6,1,14,5
BREZEPR01,2003,Primoz,Brezec,IND,N,18,72,28,5,10,15,3,0,3,6,13,26,12,6,4,0,0
BROWNDA02,2003,Damone,Brown,NJN,N,3,17,3,3,2,5,0,2,0,1,2,10,1,2,1,0,0
BROWNDE02,2003,Devin,Brown,SAS,N,58,627,234,38,92,130,33,15,4,38,61,196,85,74,60,14,4
BROWNKE01,2003,Kedrick,Brown,TOT,N,55,969,289,41,105,146,64,30,7,29,80,254,117,27,17,99,38
BROWNKE01,2003,Kedrick,Brown,BOS,N,21,408,110,18,50,68,25,17,2,12,38,99,45,13,8,32,12
BROWNKE01,2003,Kedrick,Brown,CLE,N,34,561,179,23,55,78,39,13,5,17,42,155,72,14,9,67,26
BROWNKW01,2003,Kwame,Brown,WAS,N,74,2239,805,178,372,550,112,66,52,140,144,589,288,334,228,2,1
BROWNPJ01,2003,P.J.,Brown,NOH,N,80,2753,836,237,453,690,155,78,73,101,203,712,339,185,158,1,0
BROWNTI01,2003,Tierre,Brown,NOH,N,3,17,6,0,1,1,2,0,0,7,1,4,2,4,2,0,0
BRUNSRI01,2003,Rick,Brunson,CHI,N,37,402,114,9,28,37,80,25,3,33,44,101,38,31,27,23,11
BRUNSRI01,2003,Rick,Brunson,TOT,N,40,412,118,9,28,37,82,25,3,33,44,105,40,31,27,23,11
BRUNSRI01,2003,Rick,Brunson,TOR,N,3,10,4,0,0,0,2,0,0,0,0,4,2,0,0,0,0
BRYANKO01,2003,Kobe,Bryant,LAL,N,65,2447,1557,103,256,359,330,112,28,171,176,1178,516,533,454,217,71
BUCKNGR01,2003,Greg,Buckner,PHI,N,53,703,164,28,75,103,45,21,4,34,77,175,66,27,20,44,12
BUFORRO01,2003,Rodney,Buford,SAC,N,22,141,41,6,9,15,7,6,1,4,9,56,19,6,3,2,0
BUTLECA01,2003,Caron,Butler,MIA,N,68,2030,623,92,234,326,126,75,13,91,162,631,240,176,133,42,10
BUTLEMI01,2003,Mitchell,Butler,WAS,N,41,552,134,24,47,71,32,22,4,24,54,124,54,24,15,30,11
BUTLERA01,2003,Rasual,Butler,MIA,N,45,675,304,4,57,61,23,10,13,28,72,250,119,21,16,108,50
CABARZA01,2003,Zarko,Cabarkapa,PHO,N,49,570,203,26,73,99,40,10,13,54,75,197,81,53,35,32,6
CAMBYMA01,2003,Marcus,Camby,DEN,N,72,2162,622,211,516,727,132,86,187,98,239,549,262,136,98,2,0
CAMPBEL01,2003,Elden,Campbell,DET,N,65,892,361,52,157,209,45,21,50,63,137,314,138,124,85,0,0
CARDIBR01,2003,Brian,Cardinal,GSW,N,76,1634,733,100,217,317,103,66,20,84,206,466,220,271,238,124,55
CARROMA01,2003,Matt,Carroll,SAS,N,3,22,6,1,2,3,1,1,0,4,5,5,2,4,2,0,0
CARROMA01,2003,Matt,Carroll,POR,N,13,48,13,0,3,3,1,0,0,2,3,11,5,2,2,3,1
CARROMA01,2003,Matt,Carroll,TOT,N,16,70,19,1,5,6,2,1,0,6,8,16,7,6,4,3,1
CARTEAN01,2003,Anthony,Carter,SAS,N,5,87,22,2,9,11,12,4,0,12,9,37,11,0,0,3,0
CARTEMA01,2003,Maurice,Carter,NOH,N,6,60,20,2,6,8,2,0,0,3,5,21,6,8,5,8,3
CARTEMA01,2003,Maurice,Carter,LAL,N,4,50,22,0,3,3,2,0,0,6,5,14,5,12,11,3,1
CARTEMA01,2003,Maurice,Carter,TOT,N,10,110,42,2,9,11,4,0,0,9,10,35,11,20,16,11,4
CARTEVI01,2003,Vince,Carter,TOR,N,73,2785,1645,95,254,349,348,88,65,223,212,1457,608,417,336,243,93
CASSESA01,2003,Sam,Cassell,MIN,N,81,2838,1603,44,227,271,592,102,18,220,247,1270,620,331,289,186,74
CATOKE01,2003,Kelvin,Cato,HOU,N,69,1743,418,153,319,472,72,52,96,84,203,360,161,142,96,0,0
CHANDTY01,2003,Tyson,Chandler,CHI,N,35,782,213,82,188,270,23,17,43,38,87,158,67,118,79,1,0
CHEANCA01,2003,Calbert,Cheaney,GSW,N,79,2066,603,77,183,260,136,60,12,85,184,578,278,77,47,10,0
CHRISDO01,2003,Doug,Christie,SAC,N,82,2779,831,69,260,329,347,151,41,155,186,688,317,172,148,142,49
CLARKKE01,2003,Keon,Clark,UTA,N,2,27,4,0,7,7,1,1,0,0,1,6,2,0,0,0,0
CLAXTSP01,2003,Speedy,Claxton,GSW,N,60,1595,634,38,118,156,267,97,9,102,146,524,224,224,182,22,4
CLEAVMA01,2003,Mateen,Cleaves,CLE,N,4,92,15,1,6,7,19,4,2,5,13,23,7,2,1,1,0
COLEMDE01,2003,Derrick,Coleman,PHI,N,34,843,271,45,147,192,46,23,26,57,79,259,107,65,49,36,8
COLESBI01,2003,Bimbo,Coles,MIA,N,22,170,28,2,8,10,15,3,0,9,27,34,12,6,4,0,0
COLLIJA02,2003,Jason,Collier,ATL,N,20,544,226,36,75,111,17,11,11,31,71,165,79,85,67,4,1
COLLIJA03,2003,Jason,Collins,NJN,N,78,2220,462,143,257,400,153,67,56,97,251,384,163,184,136,2,0
COLLIJA04,2003,Jarron,Collins,UTA,N,81,1732,482,117,199,316,77,26,18,79,255,295,147,262,188,1,0
COOKBR01,2003,Brian,Cook,LAL,N,35,442,155,31,70,101,20,16,16,17,64,141,67,28,21,5,0
COOKOM01,2003,Omar,Cook,POR,N,17,139,14,3,3,6,24,10,0,10,14,27,7,0,0,1,0
CRAWFCH01,2003,Chris,Crawford,ATL,N,56,1208,569,58,117,175,45,37,20,55,131,471,211,119,103,113,44
CRAWFJA01,2003,Jamal,Crawford,CHI,N,80,2811,1383,46,237,283,405,111,29,193,161,1318,509,240,200,521,165
CROSHAU01,2003,Austin,Croshere,IND,N,77,1051,387,60,183,243,52,24,14,55,101,307,119,104,93,144,56
CURRYED01,2003,Eddy,Curry,CHI,N,73,2154,1070,143,308,451,68,24,83,177,258,840,417,350,235,1,1
CURRYMI01,2003,Michael,Curry,TOR,N,70,1229,204,22,65,87,53,23,5,48,153,196,76,58,49,15,3
DALEMSA01,2003,Samuel,Dalembert,PHI,N,82,2198,652,194,432,626,21,44,189,86,273,499,270,174,112,1,0
DAMPIER01,2003,Erick,Dampier,GSW,N,74,2403,913,344,543,887,60,33,137,131,227,650,348,332,217,2,0
DANIEAN01,2003,Antonio,Daniels,SEA,N,71,1512,571,23,119,142,298,45,6,61,64,398,187,184,155,116,42
DANIEMA01,2003,Marquis,Daniels,DAL,N,56,1039,477,66,79,145,116,53,12,44,51,411,203,78,60,36,11
DAVISAN01,2003,Antonio,Davis,CHI,N,65,2032,579,158,370,528,123,29,57,93,161,540,220,181,139,0,0
DAVISAN01,2003,Antonio,Davis,TOR,N,15,539,129,49,94,143,14,8,8,21,45,120,46,49,37,0,0
DAVISAN01,2003,Antonio,Davis,TOT,N,80,2571,708,207,464,671,137,37,65,114,206,660,266,230,176,0,0
DAVISBA01,2003,Baron,Davis,NOH,N,67,2686,1532,66,221,287,501,158,27,215,178,1402,554,352,237,582,187
DAVISDA01,2003,Dale,Davis,POR,N,76,1682,331,158,240,398,72,43,62,40,154,281,133,106,65,0,0
DAVISHU01,2003,Hubert,Davis,TOT,N,17,79,4,2,6,8,4,2,0,3,12,11,1,2,2,1,0
DAVISHU01,2003,Hubert,Davis,NJN,N,14,55,4,2,6,8,3,2,0,2,8,9,1,2,2,0,0
DAVISHU01,2003,Hubert,Davis,DET,N,3,24,0,0,0,0,1,0,0,1,4,2,0,0,0,1,0
DAVISJO02,2003,Josh,Davis,ATL,N,4,23,5,1,4,5,0,0,0,2,3,5,2,1,1,2,0
DAVISRI01,2003,Ricky,Davis,BOS,N,57,1678,804,59,178,237,148,71,14,121,120,639,312,198,145,92,35
DAVISRI01,2003,Ricky,Davis,TOT,N,79,2474,1140,77,281,358,259,96,22,189,171,950,446,273,196,140,52
DAVISRI01,2003,Ricky,Davis,CLE,N,22,796,336,18,103,121,111,25,8,68,51,311,134,75,51,48,17
DECLEAN01,2003,Andrew,DeClercq,ORL,N,71,1211,230,131,186,317,44,47,32,54,217,195,93,54,44,0,0
DELKTO01,2003,Tony,Delk,DAL,N,33,509,197,16,43,59,28,27,7,17,46,184,70,44,37,66,20
DIALDE01,2003,Derrick,Dial,ORL,N,9,86,26,5,8,13,2,6,0,1,6,28,9,8,6,9,2
DIAWBO01,2003,Boris,Diaw,ATL,N,76,1919,342,111,231,342,182,59,37,126,191,313,140,93,56,26,6
DICKADA01,2003,Dan,Dickau,POR,N,20,151,46,3,7,10,20,8,0,13,22,49,16,8,7,20,7
DICKADA01,2003,Dan,Dickau,ATL,N,23,143,49,4,12,16,18,9,0,13,22,49,21,6,4,10,3
DICKADA01,2003,Dan,Dickau,TOT,N,43,294,95,7,19,26,38,17,0,26,44,98,37,14,11,30,10
DICKEKA01,2003,Kaniel,Dickens,POR,N,3,12,7,2,0,2,0,0,0,1,3,3,3,2,1,0,0
DIOPDE01,2003,DeSagana,Diop,CLE,N,56,730,126,72,127,199,34,26,51,29,116,147,57,20,12,0,0
DIVACVL01,2003,Vlade,Divac,SAC,N,81,2317,800,136,327,463,432,57,77,173,222,668,314,260,170,13,2
DIXONJU01,2003,Juan,Dixon,WAS,N,71,1478,664,30,118,148,137,82,4,104,111,637,247,139,111,198,59
DOLEAMI01,2003,Michael,Doleac,TOT,N,72,1029,325,88,177,265,44,23,36,48,142,322,140,52,45,0,0
DOLEAMI01,2003,Michael,Doleac,NYK,N,46,685,231,60,129,189,30,17,30,37,84,225,100,36,31,0,0
DOLEAMI01,2003,Michael,Doleac,DEN,N,26,344,94,28,48,76,14,6,6,11,58,97,40,16,14,0,0
DOOLIKE01,2003,Keyon,Dooling,LAC,N,58,1137,360,17,62,79,130,45,6,65,108,352,137,94,78,46,8
DREWBR01,2003,Bryce,Drew,NOH,N,15,78,12,0,6,6,13,4,0,8,1,18,4,3,3,7,1
DROBNPR01,2003,Predrag,Drobnjak,LAC,N,61,949,382,54,142,196,39,22,24,48,85,379,149,86,73,36,11
DUNCATI01,2003,Tim,Duncan,SAS,N,69,2527,1538,227,632,859,213,62,185,183,164,1181,592,588,352,12,2
DUNLEMI02,2003,Mike,Dunleavy,GSW,N,75,2337,877,87,355,442,220,68,13,143,169,720,323,185,137,254,94
DUPRERO01,2003,Ronald,Dupree,CHI,N,47,893,292,55,112,167,55,32,18,51,134,282,111,105,66,9,4
EBIND01,2003,Ndudi,Ebi,MIN,N,17,32,13,2,1,3,3,0,4,3,6,14,6,4,1,0,0
EISLEHO01,2003,Howard,Eisley,PHO,N,34,727,240,13,50,63,117,26,2,48,52,249,86,53,44,78,24
EISLEHO01,2003,Howard,Eisley,TOT,N,67,1455,460,20,109,129,273,56,5,98,137,451,166,89,76,163,52
EISLEHO01,2003,Howard,Eisley,NYK,N,33,728,220,7,59,66,156,30,3,50,85,202,80,36,32,85,28
ELSONFR01,2003,Francisco,Elson,DEN,N,62,875,218,65,138,203,32,35,39,35,145,199,94,45,30,1,0
ELYME01,2003,Melvin,Ely,LAC,N,42,510,157,48,53,101,22,9,17,20,68,153,66,42,25,1,0
EVANSRE01,2003,Reggie,Evans,SEA,N,75,1280,217,156,252,408,33,54,10,65,176,165,67,148,83,3,0
FERGUDE01,2003,Desmond,Ferguson,POR,N,7,32,13,0,4,4,1,0,0,1,0,12,5,2,0,8,3
FINLEMI01,2003,Michael,Finley,DAL,N,72,2778,1342,78,247,325,212,84,39,83,118,1159,514,193,164,370,150
FISHEDE01,2003,Derek,Fisher,LAL,N,82,1769,580,30,122,152,187,103,4,79,115,576,203,153,122,179,52
FIZERMA01,2003,Marcus,Fizer,CHI,N,46,738,360,61,141,202,43,16,8,51,97,350,134,120,90,17,2
FORDAL02,2003,Alton,Ford,HOU,N,9,41,15,3,8,11,3,0,1,3,9,11,6,6,3,0,0
FORDTJ01,2003,T.J.,Ford,MIL,N,55,1472,391,37,140,177,356,60,3,139,123,398,153,98,80,21,5
FORTSDA01,2003,Danny,Fortson,DAL,N,56,625,217,114,136,250,9,12,11,37,148,139,71,92,75,0,0
FOSTEJE01,2003,Jeff,Foster,IND,N,82,1961,497,248,362,610,64,71,27,60,189,362,197,154,103,4,0
FOWLKTR01,2003,Tremaine,Fowlkes,DET,N,36,261,44,18,35,53,14,9,3,12,37,48,15,18,13,8,1
FOXRI01,2003,Rick,Fox,LAL,N,38,846,183,29,73,102,98,29,4,48,99,186,73,30,22,61,15
FOYLEAD01,2003,Adonal,Foyle,GSW,N,44,572,137,54,113,167,17,6,46,21,68,130,59,35,19,0,0
FRAHMRI01,2003,Richie,Frahm,SEA,N,54,469,183,12,44,56,24,16,4,7,50,139,63,26,23,92,34
FRANCST01,2003,Steve,Francis,HOU,N,79,3194,1310,116,317,433,493,139,35,294,257,1117,450,435,337,250,73
FULLEHI01,2003,Hiram,Fuller,ATL,N,4,43,8,4,7,11,2,0,1,4,5,8,3,6,2,0,0
GADZUDA01,2003,Dan,Gadzuric,MIL,N,75,1260,424,126,220,346,28,51,105,45,186,349,183,118,58,1,0
GAINERE01,2003,Reece,Gaines,ORL,N,38,364,69,8,31,39,40,11,2,18,22,86,25,25,16,10,3
GARCIAL01,2003,Alex,Garcia,SAS,N,2,13,3,0,0,0,0,2,0,1,0,7,1,2,1,0,0
GARNEKE01,2003,Kevin,Garnett,MIN,N,82,3231,1987,245,894,1139,409,120,178,212,202,1611,804,465,368,43,11
GARRIPA01,2003,Pat,Garrity,ORL,N,2,22,2,0,0,0,1,0,0,0,2,3,1,0,0,0,0
GASOLPA01,2003,Pau,Gasol,MEM,N,78,2458,1381,206,394,600,198,44,132,187,185,1049,506,511,365,15,4
GEORGDE01,2003,Devean,George,LAL,N,82,1951,604,87,245,332,112,81,38,88,189,571,233,96,73,186,65
GILLED01,2003,Eddie,Gill,POR,N,22,157,50,4,13,17,16,9,1,12,16,36,15,20,17,8,3
GILLKE01,2003,Kendall,Gill,CHI,N,56,1411,539,61,129,190,89,65,16,83,107,548,215,136,100,38,9
GINOBEM01,2003,Emmanuel,Ginobili,SAS,N,77,2260,987,86,258,344,291,136,16,161,181,789,330,298,239,245,88
GIRICGO01,2003,Gordan,Giricek,UTA,N,25,606,338,14,48,62,42,15,5,40,46,297,128,77,68,39,14
GIRICGO01,2003,Gordan,Giricek,TOT,N,73,2039,827,51,175,226,122,56,15,103,144,724,316,158,135,152,60
GIRICGO01,2003,Gordan,Giricek,ORL,N,48,1433,489,37,127,164,80,41,10,63,98,427,188,81,67,113,46
GLOVEDI01,2003,Dion,Glover,TOR,N,14,178,64,4,25,29,15,10,2,19,17,65,25,14,10,14,4
GLOVEDI01,2003,Dion,Glover,ATL,N,55,1465,556,54,183,237,115,40,17,83,106,524,205,142,110,105,36
GLOVEDI01,2003,Dion,Glover,TOT,N,69,1643,620,58,208,266,130,50,19,102,123,589,230,156,120,119,40
GOLDWAN01,2003,Anthony,Goldwire,MIN,N,5,66,13,1,5,6,10,3,0,2,5,14,5,1,1,6,2
GOLDWAN01,2003,Anthony,Goldwire,TOT,N,11,85,17,1,6,7,11,5,0,3,5,22,7,1,1,8,2
GOLDWAN01,2003,Anthony,Goldwire,NJN,N,6,19,4,0,1,1,1,2,0,1,0,8,2,0,0,2,0
GOODEDR01,2003,Drew,Gooden,ORL,N,79,2134,914,160,356,516,89,62,72,126,196,829,369,262,167,42,9
GRANTBR01,2003,Brian,Grant,MIA,N,76,2303,664,174,350,524,69,51,35,82,254,613,289,110,86,1,0
GRANTHO01,2003,Horace,Grant,LAL,N,55,1106,223,79,154,233,71,24,21,29,70,224,92,54,39,1,0
GRANTPA01,2003,Paul,Grant,UTA,N,10,98,25,7,10,17,3,1,1,7,17,23,11,8,3,0,0
GREENWI01,2003,Willie,Green,PHI,N,53,767,364,16,49,65,53,26,5,59,83,357,143,81,59,61,19
GRIFFAD01,2003,Adrian,Griffin,HOU,N,19,133,11,1,18,19,10,7,2,3,17,18,5,4,0,2,1
GUGLITO01,2003,Tom,Gugliotta,UTA,N,25,515,93,50,81,131,42,17,8,19,47,104,39,20,14,3,1
GUGLITO01,2003,Tom,Gugliotta,TOT,N,55,819,161,65,121,186,63,31,12,39,80,203,70,28,20,4,1
GUGLITO01,2003,Tom,Gugliotta,PHO,N,30,304,68,15,40,55,21,14,4,20,33,99,31,8,6,1,0
HAISLMA01,2003,Marcus,Haislip,MIL,N,31,263,93,21,32,53,4,6,12,9,25,74,36,28,20,2,1
HAMDA01,2003,Darvin,Ham,DET,N,54,484,96,47,46,93,16,13,8,31,63,75,37,35,21,2,1
HAMILRI01,2003,Richard,Hamilton,DET,N,78,2772,1375,78,201,279,310,103,17,210,222,1166,530,342,297,68,18
HAMILZE01,2003,Zendon,Hamilton,PHI,N,45,473,169,49,97,146,13,8,8,27,74,95,51,96,67,0,0
HANDLBE01,2003,Ben,Handlogten,UTA,N,17,172,68,22,33,55,6,3,4,10,32,47,25,27,18,0,0
HANSETR01,2003,Travis,Hansen,ATL,N,41,507,123,30,40,70,19,10,9,15,67,130,46,27,22,30,9
HARDAAN01,2003,Anfernee,Hardaway,NYK,N,42,1219,403,42,147,189,79,42,12,65,81,408,159,89,69,44,16
HARDAAN01,2003,Anfernee,Hardaway,TOT,N,76,2095,699,69,218,287,176,70,20,107,146,679,279,138,111,79,30
HARDAAN01,2003,Anfernee,Hardaway,PHO,N,34,876,296,27,71,98,97,28,8,42,65,271,120,49,42,35,14
HARPRMA01,2003,Matt,Harpring,UTA,N,31,1134,502,91,156,247,63,22,2,65,102,410,193,157,108,33,8
HARRIAL01,2003,Al,Harrington,IND,N,79,2441,1048,163,345,508,131,80,22,163,250,909,421,252,185,77,21
HARRILU01,2003,Lucious,Harris,NJN,N,69,1504,478,39,101,140,135,41,2,53,74,463,187,78,66,101,38
HARRIOT01,2003,Othella,Harrington,NYK,N,56,872,258,58,119,177,29,12,14,65,134,202,100,78,58,0,0
HARTJA01,2003,Jason,Hart,SAS,N,53,660,177,10,69,79,81,28,5,29,59,159,71,43,33,9,2
HARVEDO01,2003,Donnell,Harvey,ORL,N,24,345,98,29,43,72,8,10,11,22,44,89,36,39,26,3,0
HARVEDO01,2003,Donnell,Harvey,TOT,N,60,783,239,48,116,164,21,24,27,45,129,201,89,83,61,3,0
HARVEDO01,2003,Donnell,Harvey,PHO,N,36,438,141,19,73,92,13,14,16,23,85,112,53,44,35,0,0
HASLEUD01,2003,Udonis,Haslem,MIA,N,75,1795,550,189,284,473,51,33,24,74,197,447,205,183,140,3,0
HASSETR01,2003,Trenton,Hassell,MIN,N,81,2264,406,68,189,257,133,36,54,46,200,381,177,61,48,13,4
HAYESJA01,2003,Jarvis,Hayes,WAS,N,70,2044,673,71,193,264,106,71,11,110,157,695,278,98,77,131,40
HAYWOBR01,2003,Brendan,Haywood,WAS,N,77,1484,537,186,201,387,43,32,100,80,154,388,200,234,137,1,0
HEALSH01,2003,Shane,Heal,SAS,N,6,72,22,1,3,4,5,1,0,5,2,24,7,5,4,18,4
HENDEAL01,2003,Alan,Henderson,ATL,N,6,68,24,11,10,21,2,1,2,3,1,21,10,6,4,0,0
HILARMA01,2003,Nene,Hilario,DEN,N,77,2504,908,154,349,503,168,116,41,183,280,630,334,352,240,2,0
HILLTY01,2003,Tyrone,Hill,MIA,N,5,38,9,5,3,8,0,0,1,2,10,5,3,4,3,0,0
HINRIKI01,2003,Kirk,Hinrich,CHI,N,76,2706,915,42,217,259,517,101,21,204,276,823,318,168,135,369,144
HOIBEFR01,2003,Fred,Hoiberg,MIN,N,79,1804,530,21,247,268,109,66,10,44,136,383,178,116,98,172,76
HORRYRO01,2003,Robert,Horry,SAS,N,81,1290,392,108,164,272,101,48,49,55,165,348,141,107,69,108,41
HOUSEED01,2003,Eddie,House,LAC,N,60,1188,409,28,110,138,148,65,4,63,92,449,161,45,36,136,51
HOUSTAL01,2003,Allan,Houston,NYK,N,50,1799,924,20,101,121,99,38,2,102,105,781,340,172,157,202,87
HOWARJO01,2003,Josh,Howard,DAL,N,67,1589,575,149,219,368,97,69,54,67,168,532,229,138,97,66,20
HOWARJU01,2003,Juwan,Howard,ORL,N,81,2877,1376,171,399,570,158,54,22,178,284,1169,529,393,318,1,0
HUDSOTR01,2003,Troy,Hudson,MIN,N,29,503,218,4,31,35,70,7,0,34,32,207,80,33,27,77,31
HUGHELA01,2003,Larry,Hughes,WAS,N,61,2060,1148,96,230,326,148,95,26,152,147,1009,401,335,267,232,79
HUMPHRY01,2003,Ryan,Humphrey,MEM,N,2,11,2,2,1,3,1,1,0,2,3,4,1,0,0,1,0
HUNTEBR01,2003,Brandon,Hunter,BOS,N,36,406,125,50,68,118,19,13,1,22,40,116,53,43,19,3,0
HUNTELI01,2003,Lindsey,Hunter,DET,N,33,661,117,13,54,67,85,39,6,34,45,143,49,8,5,50,14
HUNTEST01,2003,Steve,Hunter,ORL,N,59,789,187,54,116,170,12,5,73,29,101,155,82,69,23,0,0
ILGAUZY01,2003,Zydrunas,Ilgauskas,CLE,N,81,2539,1237,279,374,653,109,39,201,163,277,965,466,406,303,7,2
IVERSAL01,2003,Allen,Iverson,PHI,N,48,2040,1266,34,144,178,324,115,5,209,87,1125,435,455,339,199,57
JACKSBO01,2003,Bobby,Jackson,SAC,N,50,1185,689,55,119,174,105,49,8,63,106,592,263,109,82,219,81
JACKSJI01,2003,Jimmy,Jackson,HOU,N,80,3119,1033,52,435,487,226,86,23,175,227,900,382,127,107,405,162
JACKSMA01,2003,Mark,Jackson,HOU,N,42,577,103,10,60,70,119,17,1,53,41,100,34,39,28,41,7
JACKSMA02,2003,Marc,Jackson,PHI,N,22,598,206,45,81,126,18,12,6,24,45,171,71,81,64,1,0
JACKSST02,2003,Stephen,Jackson,ATL,N,80,2939,1450,97,273,370,244,142,20,223,216,1261,536,297,233,427,145
JACOBCA01,2003,Casey,Jacobsen,PHO,N,78,1828,466,42,159,201,98,48,9,68,144,360,150,111,91,180,75
JAMESJE01,2003,Jerome,James,SEA,N,65,990,324,78,152,230,32,20,60,82,180,259,129,100,66,0,0
JAMESLE01,2003,LeBron,James,CLE,N,79,3122,1654,99,333,432,465,130,58,273,149,1492,622,460,347,217,63
JAMESMI01,2003,Mike,James,DET,N,26,512,165,8,50,58,95,26,1,41,43,147,59,32,27,55,20
JAMESMI01,2003,Mike,James,TOT,N,81,2195,753,28,206,234,339,96,3,124,156,657,272,127,103,281,106
JAMESMI01,2003,Mike,James,BOS,N,55,1683,588,20,156,176,244,70,2,83,113,510,213,95,76,226,86
JAMISAN01,2003,Antawn,Jamison,DAL,N,82,2376,1212,233,287,520,70,83,30,81,174,913,488,294,220,40,16
JARICMA01,2003,Marko,Jaric,LAC,N,58,1760,495,44,131,175,281,93,20,115,132,477,185,101,74,150,51
JEFFECH01,2003,Chris,Jefferies,CHI,N,19,187,76,5,23,28,6,4,7,18,36,66,24,19,12,39,16
JEFFECH01,2003,Chris,Jefferies,TOR,N,2,8,8,0,1,1,1,0,0,1,0,6,3,1,1,3,1
JEFFECH01,2003,Chris,Jefferies,TOT,N,21,195,84,5,24,29,7,4,7,19,36,72,27,20,13,42,17
JEFFERI01,2003,Richard,Jefferson,NJN,N,82,3133,1515,109,355,464,315,92,28,198,224,1115,555,468,357,132,48
JEFFRJA01,2003,Jared,Jeffries,WAS,N,82,1913,464,180,244,424,93,48,28,107,212,469,177,171,105,30,5
JOHNSAN02,2003,Anthony,Johnson,IND,N,73,1598,450,28,102,130,202,64,8,75,138,411,167,94,75,122,41
JOHNSAV01,2003,Avery,Johnson,GSW,N,46,637,212,3,30,33,111,26,3,51,34,199,80,78,52,3,0
JOHNSBR01,2003,Britton,Johnsen,ORL,N,20,290,42,15,30,45,12,7,1,14,27,59,17,16,7,12,1
JOHNSDE03,2003,Dermarr,Johnson,NYK,N,21,287,113,5,34,39,11,8,7,16,32,97,36,31,28,36,13
JOHNSER01,2003,Ervin,Johnson,MIN,N,66,965,127,61,171,232,24,27,43,30,156,103,55,28,17,1,0
JOHNSJO02,2003,Joe,Johnson,PHO,N,82,3331,1367,80,305,385,362,93,26,199,177,1291,555,232,174,272,83
JOHNSLI01,2003,Linton,Johnson,CHI,N,41,735,173,59,124,183,27,37,32,37,90,203,72,37,22,33,7
JONESDA01,2003,Damon,Jones,MIL,N,82,2016,573,15,155,170,478,30,4,103,92,524,210,72,55,273,98
JONESDA02,2003,Dahntay,Jones,MEM,N,20,154,36,7,16,23,12,5,6,12,23,53,15,11,5,4,1
JONESED01,2003,Eddie,Jones,MIA,N,81,2998,1401,38,270,308,258,92,34,129,226,1156,473,333,278,479,177
JONESFR01,2003,Fred,Jones,IND,N,81,1508,397,25,101,126,173,65,18,73,132,311,123,149,124,89,27
JONESJA02,2003,James,Jones,IND,N,6,26,7,0,2,2,0,1,0,0,1,9,2,2,2,4,1
JONESJU01,2003,Jumaine,Jones,BOS,N,42,373,93,24,44,68,14,12,9,19,48,96,33,23,14,44,13
JONESPO01,2003,Popeye,Jones,GSW,N,5,10,0,1,0,1,0,0,0,0,2,2,0,0,0,0,0
KAMANCH01,2003,Chris,Kaman,LAC,N,82,1843,499,126,335,461,85,23,73,155,211,435,200,142,99,2,0
KAPONJA01,2003,Jason,Kapono,CLE,N,41,427,145,19,36,55,14,13,2,21,41,129,52,24,20,44,21
KIDDJA01,2003,Jason,Kidd,NJN,N,67,2450,1036,85,343,428,618,122,14,214,110,959,368,249,206,293,94
KIRILAN01,2003,Andrei,Kirilenko,UTA,N,78,2895,1284,226,403,629,244,150,215,215,174,931,412,496,392,201,68
KITTLKE01,2003,Kerry,Kittles,NJN,N,82,2842,1072,56,271,327,206,125,40,95,144,959,434,136,107,276,97
KNIGHBR01,2003,Brevin,Knight,TOT,N,56,1038,261,14,98,112,204,84,1,72,107,246,105,65,49,8,2
KNIGHBR01,2003,Brevin,Knight,PHO,N,3,20,2,0,3,3,4,3,1,3,1,3,1,0,0,0,0
KNIGHBR01,2003,Brevin,Knight,WAS,N,32,598,136,11,50,61,102,52,0,44,50,138,58,27,19,5,1
KNIGHBR01,2003,Brevin,Knight,MIL,N,21,420,123,3,45,48,98,29,0,25,56,105,46,38,30,3,1
KORVEKY01,2003,Kyle,Korver,PHI,N,74,882,330,30,81,111,40,25,8,41,102,327,115,24,19,207,81
KUKOCTO01,2003,Toni,Kukoc,MIL,N,73,1522,616,60,211,271,200,59,21,110,110,506,211,199,145,168,49
LAETTCH01,2003,Christian,Laettner,WAS,N,48,984,284,50,182,232,89,37,28,42,102,256,119,50,40,21,6
LAFRERA01,2003,Raef,LaFrentz,BOS,N,17,328,132,30,49,79,24,8,13,11,47,124,57,13,10,40,8
LAMPEMA01,2003,Maciej,Lampe,PHO,N,21,224,96,9,35,44,9,3,3,15,28,88,43,13,10,4,0
LAMPLSE01,2003,Sean,Lampley,GSW,N,10,63,34,0,11,11,2,0,1,3,2,20,13,12,8,0,0
LANGHDA01,2003,Dan,Langhi,TOT,N,6,37,13,0,4,4,0,0,0,2,7,14,5,2,2,2,1
LANGHDA01,2003,Dan,Langhi,GSW,N,4,17,6,0,3,3,0,0,0,2,5,6,2,2,2,0,0
LANGHDA01,2003,Dan,Langhi,MIL,N,2,20,7,0,1,1,0,0,0,0,2,8,3,0,0,2,1
LARUERU01,2003,Rusty,LaRue,GSW,N,4,22,4,0,3,3,2,2,0,4,2,3,1,2,1,1,1
LENARVO01,2003,Voshon,Lenard,DEN,N,73,2233,1038,46,154,200,151,61,12,101,177,933,394,182,144,289,106
LEWISQU01,2003,Quincy,Lewis,MIN,N,14,65,16,1,6,7,2,2,2,3,10,20,7,0,0,5,2
LEWISRA01,2003,Rashard,Lewis,SEA,N,80,2931,1421,133,385,518,175,99,54,135,233,1229,535,270,206,386,145
LIVINRA01,2003,Randy,Livingston,LAC,N,4,48,8,2,5,7,4,2,0,4,7,10,2,6,4,3,0
LOPEZRA01,2003,Raul,Lopez,UTA,N,82,1617,572,24,131,155,305,62,2,174,200,517,223,117,101,85,25
LUETY01,2003,Tyronn,Lue,ORL,N,76,2332,799,26,161,187,317,61,5,124,185,714,309,131,101,209,80
LYNCHGE01,2003,George,Lynch,NOH,N,78,1701,375,96,216,312,117,48,18,64,159,375,149,51,34,139,43
MADSEMA01,2003,Mark,Madsen,MIN,N,72,1246,259,134,138,272,28,33,18,47,175,204,101,118,57,6,0
MAGGECO01,2003,Corey,Maggette,LAC,N,73,2628,1508,96,334,430,224,65,16,207,217,1013,453,620,526,231,76
MAGLOJA01,2003,Jamaal,Magloire,NOH,N,82,2778,1119,268,579,847,86,43,101,201,278,809,383,470,353,1,0
MALONKA01,2003,Karl,Malone,LAL,N,42,1373,554,61,306,367,163,50,20,103,116,400,193,225,168,1,0
MARBUST01,2003,Stephon,Marbury,TOT,N,81,3254,1639,58,205,263,719,129,9,249,172,1386,598,436,356,274,87
MARBUST01,2003,Stephon,Marbury,PHO,N,34,1415,708,19,98,117,281,64,5,97,74,606,262,185,147,118,37
MARBUST01,2003,Stephon,Marbury,NYK,N,47,1839,931,39,107,146,438,65,4,152,98,780,336,251,209,156,50
MARIOSH01,2003,Shawn,Marion,PHO,N,79,3217,1498,212,525,737,214,167,104,156,203,1341,590,268,228,265,90
MARSHDO01,2003,Donyell,Marshall,CHI,N,16,408,139,28,43,71,28,13,20,22,47,136,57,20,14,27,11
MARSHDO01,2003,Donyell,Marshall,TOT,N,82,2988,1205,210,570,780,122,93,124,117,247,1020,470,182,134,325,131
MARSHDO01,2003,Donyell,Marshall,TOR,N,66,2580,1066,182,527,709,94,80,104,95,200,884,413,162,120,298,120
MARTIDA01,2003,Darrick,Martin,MIN,N,16,172,55,2,5,7,23,2,1,7,23,67,20,9,9,26,6
MARTIKE01,2003,Kenyon,Martin,NJN,N,65,2252,1086,133,484,617,160,95,82,168,230,900,439,294,201,25,7
MASHBJA01,2003,Jamal,Mashburn,NOH,N,19,730,396,19,98,117,47,14,5,37,42,398,156,80,65,67,19
MASONDE01,2003,Desmond,Mason,MIL,N,82,2534,1183,93,266,359,152,60,24,148,191,867,409,463,356,39,9
MASONRO01,2003,Roger,Mason Jr,CHI,N,3,43,3,0,3,3,3,1,0,2,5,11,1,0,0,6,1
MASONRO01,2003,Roger,Mason Jr,TOT,N,26,328,96,1,30,31,26,11,6,20,36,98,32,22,19,39,13
MASONRO01,2003,Roger,Mason Jr,TOR,N,23,285,93,1,27,28,23,10,6,18,31,87,31,22,19,33,12
MASSETO01,2003,Tony,Massenburg,SAC,N,59,789,251,57,131,188,29,14,18,45,144,219,104,63,43,1,0
MCCARWA01,2003,Walter,McCarty,BOS,N,77,1900,605,28,211,239,124,72,22,91,179,523,203,82,62,366,137
MCCASAM01,2003,Amal,McCaskill,PHI,N,59,636,113,48,85,133,20,12,20,25,89,117,47,27,19,1,0
MCCOYJE01,2003,Jelani,McCoy,CLE,N,2,12,0,1,3,4,0,0,0,1,4,0,0,0,0,0,0
MCDYEAN01,2003,Antonio,Mcdyess,NYK,N,18,421,152,31,88,119,20,12,11,27,46,142,65,38,22,0,0
MCDYEAN01,2003,Antonio,Mcdyess,TOT,N,42,927,290,70,187,257,36,37,24,57,117,268,126,69,38,0,0
MCDYEAN01,2003,Antonio,Mcdyess,PHO,N,24,506,138,39,99,138,16,25,13,30,71,126,61,31,16,0,0
MCGRATR01,2003,Tracy,McGrady,ORL,N,67,2675,1878,95,307,402,370,93,42,179,129,1566,653,500,398,513,174
MCINNJE01,2003,Jeff,Mcinnis,TOT,N,70,2365,828,33,143,176,430,72,6,120,163,747,334,143,114,127,46
MCINNJE01,2003,Jeff,Mcinnis,POR,N,39,1269,465,16,78,94,196,36,2,61,94,416,196,76,58,47,15
MCINNJE01,2003,Jeff,Mcinnis,CLE,N,31,1096,363,17,65,82,234,36,4,59,69,331,138,67,56,80,31
MCKIEAA01,2003,Aaron,McKie,PHI,N,75,2111,689,45,208,253,195,85,23,103,142,577,265,111,84,172,75
MCLEOKE01,2003,Keith,McLeod,MIN,N,33,391,88,5,29,34,59,16,1,29,39,82,27,43,33,10,1
MEDVEST01,2003,Stanislav,Medvedenko,LAL,N,68,1442,563,148,195,343,57,38,18,59,191,537,237,116,89,3,0
MERCERO01,2003,Ron,Mercer,SAS,N,39,516,195,10,39,49,22,14,5,26,37,211,90,17,13,7,2
MIHMCH01,2003,Chris,Mihm,TOT,N,76,1330,482,156,257,413,21,37,63,90,208,381,186,166,110,0,0
MIHMCH01,2003,Chris,Mihm,CLE,N,22,391,152,47,93,140,10,9,22,25,58,127,59,48,34,0,0
MIHMCH01,2003,Chris,Mihm,BOS,N,54,939,330,109,164,273,11,28,41,65,150,254,127,118,76,0,0
MILESDA01,2003,Darius,Miles,TOT,N,79,2079,861,112,247,359,162,67,61,130,168,753,368,193,124,40,7
MILESDA01,2003,Darius,Miles,CLE,N,37,888,330,48,119,167,80,25,27,56,84,331,146,72,39,30,5
MILESDA01,2003,Darius,Miles,POR,N,42,1191,531,64,128,192,82,42,34,74,84,422,222,121,85,10,2
MILICDA01,2003,Darko,Milicic,DET,N,34,159,48,11,32,43,7,7,15,13,33,65,17,24,14,1,0
MILLEAN02,2003,Andre,Miller,DEN,N,82,2838,1214,127,239,366,501,142,25,215,194,941,430,411,342,65,12
MILLEBR01,2003,Brad,Miller,SAC,N,72,2621,1014,191,552,743,312,68,86,144,247,731,373,329,256,38,12
MILLEMI01,2003,Mike,Miller,MEM,N,65,1770,722,42,174,216,232,59,14,107,162,616,270,141,102,215,80
MILLEOL01,2003,Oliver,Miller,MIN,N,48,506,121,46,84,130,36,19,26,33,91,100,53,23,15,1,0
MILLERE01,2003,Reggie,Miller,IND,N,80,2254,800,18,170,188,249,65,11,68,96,594,260,165,146,334,134
MINGYA01,2003,Yao,Ming,HOU,N,82,2693,1431,197,538,735,122,22,156,204,273,1025,535,446,361,2,0
MOBLECU01,2003,Cuttino,Mobley,HOU,N,80,3229,1260,40,322,362,258,107,33,180,179,1081,460,217,176,420,164
MOHAMNA01,2003,Nazr,Mohammed,ATL,N,53,935,345,101,166,267,20,22,27,55,113,280,138,110,69,0,0
MOHAMNA01,2003,Nazr,Mohammed,TOT,N,80,1608,592,178,296,474,36,55,52,96,195,472,246,169,100,0,0
MOHAMNA01,2003,Nazr,Mohammed,NYK,N,27,673,247,77,130,207,16,33,25,41,82,192,108,59,31,0,0
MOISOJE01,2003,Jerome,Moiso,TOR,N,35,417,102,41,72,113,8,17,12,25,42,84,40,38,22,1,0
MOOREMI01,2003,Mikki,Moore,NJN,N,4,11,2,1,1,2,0,0,0,0,1,5,1,0,0,0,0
MOOREMI01,2003,Mikki,Moore,TOT,N,32,396,130,29,55,84,19,7,13,22,65,99,50,35,30,0,0
MOOREMI01,2003,Mikki,Moore,UTA,N,28,385,128,28,54,82,19,7,13,22,64,94,49,35,30,0,0
MOURNAL01,2003,Alonzo,Mourning,NJN,N,12,215,96,8,19,27,8,2,6,10,32,71,33,34,30,0,0
MURPHTR01,2003,Troy,Murphy,GSW,N,28,610,279,48,125,173,20,12,17,34,58,243,107,80,60,17,5
MURRALA01,2003,Lamond,Murray,TOR,N,33,518,197,14,76,90,28,15,7,38,47,215,76,35,24,60,21
MURRARO01,2003,Ronald,Murray,SEA,N,82,2021,1013,45,159,204,205,81,28,149,158,915,389,235,168,229,67
MURRATR01,2003,Tracy,Murray,POR,N,7,35,8,3,2,5,1,1,0,2,3,12,3,1,0,5,2
MUTOMDI01,2003,Dikembe,Mutombo,NYK,N,65,1494,363,145,292,437,25,17,123,54,141,295,141,119,81,0,0
NACHBBO01,2003,Bostjan,Nachbar,HOU,N,45,516,138,8,62,70,30,14,14,23,72,132,47,29,21,63,23
NAILOLE01,2003,Lee,Nailon,ORL,N,8,83,29,8,6,14,4,1,0,0,9,27,11,9,7,0,0
NAILOLE01,2003,Lee,Nailon,TOT,N,57,780,341,64,79,143,38,15,8,45,93,327,147,58,47,3,0
NAILOLE01,2003,Lee,Nailon,ATL,N,27,300,142,26,37,63,17,10,7,24,48,138,63,19,16,0,0
NAILOLE01,2003,Lee,Nailon,CLE,N,22,397,170,30,36,66,17,4,1,21,36,162,73,30,24,3,0
NAJERED01,2003,Eduardo,Najera,DAL,N,58,720,176,67,88,155,25,35,19,29,90,162,72,46,30,4,2
NASHST01,2003,Steve,Nash,DAL,N,78,2612,1128,59,173,232,687,67,8,209,139,845,397,251,230,257,104
NDIAYMA02,2003,Mamadou,Ndiaye,DAL,N,3,7,0,0,1,1,0,0,1,1,1,1,0,0,0,0,0
NDIAYMA02,2003,Mamadou,Ndiaye,ATL,N,25,359,98,43,68,111,0,8,24,17,58,68,27,59,44,0,0
NDIAYMA02,2003,Mamadou,Ndiaye,TOT,N,28,366,98,43,69,112,0,8,25,18,59,69,27,59,44,0,0
NESTERA01,2003,Radoslav,Nesterovic,SAS,N,82,2353,710,257,376,633,114,51,165,107,247,700,328,114,54,0,0
NEWBLIR01,2003,Ira,Newble,CLE,N,64,1245,254,65,90,155,72,25,19,53,109,276,108,46,36,19,2
NORRIMO01,2003,Moochie,Norris,HOU,N,30,401,80,2,28,30,48,16,2,30,16,87,27,24,18,23,8
NORRIMO01,2003,Moochie,Norris,TOT,N,66,847,234,10,55,65,121,44,5,64,51,217,80,71,54,58,20
NORRIMO01,2003,Moochie,Norris,NYK,N,36,446,154,8,27,35,73,28,3,34,35,130,53,47,36,35,12
NOWITDI01,2003,Dirk,Nowitzki,DAL,N,77,2915,1680,90,580,670,207,92,104,135,216,1310,605,423,371,290,99
OAKLECH01,2003,Charles,Oakley,HOU,N,7,25,9,0,5,5,2,0,0,1,8,6,2,6,5,0,0
ODOMLA01,2003,Lamar,Odom,MIA,N,80,3003,1371,160,616,776,327,85,71,236,273,1127,485,458,340,205,61
OKURME01,2003,Mehmet,Okur,DET,N,71,1580,682,160,261,421,69,36,63,101,138,542,251,209,162,48,18
OLLIEKE01,2003,Kevin,Ollie,CLE,N,82,1401,341,23,147,170,234,51,8,81,119,257,95,176,147,9,4
OLOWOMI01,2003,Michael,Olowokandi,MIN,N,43,925,278,78,167,245,24,16,68,54,137,285,121,61,36,0,0
ONEAJE01,2003,Jermaine,O'Neal,IND,N,78,2788,1566,193,585,778,164,59,199,181,248,1400,608,460,348,18,2
ONEASH01,2003,Shaquille,O'Neal,LAL,N,67,2464,1439,246,523,769,196,34,166,195,225,948,554,676,331,0,0
OSTERGR01,2003,Greg,Ostertag,UTA,N,78,2153,529,221,357,578,123,30,139,99,228,437,208,195,113,1,0
OUTLABO01,2003,Bo,Outlaw,MEM,N,82,1606,379,125,217,342,90,73,70,69,170,312,159,116,61,4,0
OUTLATR01,2003,Travis,Outlaw,POR,N,8,19,8,2,2,4,1,1,0,1,1,7,3,4,2,0,0
OVERTDO01,2003,Doug,Overton,TOT,N,61,1033,224,16,70,86,138,26,2,58,89,245,99,31,23,23,3
OVERTDO01,2003,Doug,Overton,LAC,N,55,1011,216,16,69,85,134,25,2,56,85,237,96,29,21,23,3
OVERTDO01,2003,Doug,Overton,NJN,N,6,22,8,0,1,1,4,1,0,2,4,8,3,2,2,0,0
PACHUZA01,2003,Zaza,Pachulia,ORL,N,59,664,194,69,105,174,13,21,12,34,87,175,68,90,58,0,0
PACKRO01,2003,Robert,Pack,NJN,N,26,220,49,4,14,18,27,12,1,16,20,52,22,6,5,0,0
PADGESC01,2003,Scott,Padgett,HOU,N,58,546,200,46,93,139,23,12,13,22,73,167,74,32,24,65,28
PALACMI01,2003,Milt,Palacio,TOR,N,59,1211,257,15,87,102,184,41,11,87,90,298,104,68,45,26,4
PARGOJA01,2003,Jannero,Pargo,TOT,N,31,479,207,8,29,37,70,13,6,47,50,199,81,27,23,62,22
PARGOJA01,2003,Jannero,Pargo,TOR,N,5,71,18,0,4,4,12,4,1,5,7,29,9,0,0,5,0
PARGOJA01,2003,Jannero,Pargo,CHI,N,13,345,175,8,19,27,47,7,5,30,38,154,66,27,23,53,20
PARGOJA01,2003,Jannero,Pargo,LAL,N,13,63,14,0,6,6,11,2,0,12,5,16,6,0,0,4,2
PARKETO01,2003,Tony,Parker,SAS,N,75,2577,1099,43,194,237,411,61,7,179,148,946,423,272,191,199,62
PARKSCH01,2003,Cherokee,Parks,GSW,N,12,64,12,4,6,10,1,0,3,2,7,10,4,6,4,0,0
PATTERU01,2003,Ruben,Patterson,POR,N,73,1650,507,129,139,268,139,84,21,105,152,395,200,190,105,12,2
PAVLOAL01,2003,Aleksandar,Pavlovic,UTA,N,79,1144,382,44,115,159,60,41,16,67,187,376,149,84,65,70,19
PAYTOGA01,2003,Gary,Payton,LAL,N,82,2825,1199,72,270,342,449,96,19,151,169,1024,482,252,180,165,55
PEELEAN01,2003,Anthony,Peeler,SAC,N,75,1391,431,31,122,153,120,56,10,77,103,348,156,61,51,141,68
PENIGDE01,2003,Desmond,Penigar,ORL,N,10,89,32,6,18,24,3,2,2,6,14,28,14,4,4,0,0
PENNEKI01,2003,Kirk,Penney,MIA,N,2,18,3,0,1,1,1,1,0,3,1,6,1,0,0,3,1
PERKIKE01,2003,Kendrick,Perkins,BOS,N,10,35,22,5,9,14,3,0,2,5,6,15,8,9,6,0,0
PERSOWE01,2003,Wesley,Person,ATL,N,9,132,40,2,23,25,5,3,1,4,5,39,13,6,6,19,8
PERSOWE01,2003,Wesley,Person,TOT,N,58,1037,338,16,101,117,66,19,9,38,38,314,126,39,31,138,55
PERSOWE01,2003,Wesley,Person,MEM,N,16,284,83,2,16,18,23,5,2,16,11,107,33,8,6,43,11
PERSOWE01,2003,Wesley,Person,POR,N,33,621,215,12,62,74,38,11,6,18,22,168,80,25,19,76,36
PETERMO01,2003,Morris,Peterson,TOR,N,82,2147,678,35,226,261,113,88,14,69,206,587,238,94,76,340,126
PIATKER01,2003,Eric,Piatkowski,HOU,N,49,703,201,10,63,73,26,16,5,29,42,191,72,16,14,122,43
PIERCPA01,2003,Paul,Pierce,BOS,N,80,3099,1836,69,453,522,410,131,52,303,234,1497,602,631,517,384,115
PIETRMI01,2003,Mickael,Pietrus,GSW,N,53,748,279,48,71,119,27,32,12,40,100,231,96,75,52,105,35
PIPPESC01,2003,Scottie,Pippen,CHI,N,23,412,136,20,48,68,50,21,9,29,38,140,53,27,17,48,13
PLANIZO01,2003,Zoran,Planinic,NJN,N,49,472,153,14,41,55,68,13,3,36,70,129,53,60,38,32,9
POLLASC01,2003,Scot,Pollard,IND,N,61,678,106,67,97,164,10,23,26,22,110,114,47,21,12,0,0
POLYNOL01,2003,Olden,Polynice,LAC,N,2,12,0,1,1,2,1,1,0,4,2,0,0,0,0,0,0
POPEMA01,2003,Mark,Pope,DEN,N,4,20,2,0,3,3,0,1,0,3,8,2,1,1,0,0,0
POSEYJA01,2003,James,Posey,MEM,N,82,2451,1126,92,311,403,122,137,40,112,248,770,368,335,278,290,112
POTAPVI01,2003,Vitaly,Potapenko,SEA,N,65,1419,459,101,188,289,53,22,28,77,161,409,200,92,59,0,0
PRINCTA01,2003,Tayshaun,Prince,DET,N,82,2701,841,93,297,390,191,63,69,119,149,723,338,141,108,157,57
PRZYBJO01,2003,Joel,Przybilla,MIL,N,5,33,1,1,9,10,3,0,0,2,5,0,0,2,1,0,0
PRZYBJO01,2003,Joel,Przybilla,TOT,N,17,347,49,32,79,111,7,5,17,18,53,50,18,31,13,0,0
PRZYBJO01,2003,Joel,Przybilla,ATL,N,12,314,48,31,70,101,4,5,17,16,48,50,18,29,12,0,0
RADMAVL01,2003,Vladimir,Radmanovic,SEA,N,77,2321,925,104,302,406,142,80,42,109,187,812,345,127,95,377,140
RANDOZA01,2003,Zach,Randolph,POR,N,81,3067,1626,242,609,851,163,68,41,247,227,1368,663,393,299,5,1
RATLITH01,2003,Theo,Ratliff,POR,N,32,1016,234,90,143,233,20,24,141,34,111,176,95,70,44,0,0
RATLITH01,2003,Theo,Ratliff,ATL,N,53,1653,438,105,276,381,51,30,166,86,189,373,171,147,96,0,0
RATLITH01,2003,Theo,Ratliff,TOT,N,85,2669,672,195,419,614,71,54,307,120,300,549,266,217,140,0,0
REBRAZE01,2003,Zeljko,Rebraca,TOT,N,24,273,91,23,35,58,6,5,11,17,52,77,34,30,23,0,0
REBRAZE01,2003,Zeljko,Rebraca,ATL,N,3,51,25,4,5,9,2,0,2,4,7,23,12,2,1,0,0
REBRAZE01,2003,Zeljko,Rebraca,DET,N,21,222,66,19,30,49,4,5,9,13,45,54,22,28,22,0,0
REDDMI01,2003,Michael,Redd,MIL,N,82,3021,1776,118,289,407,185,81,6,116,152,1439,633,441,383,363,127
RICEGL01,2003,Glen,Rice,LAC,N,18,262,66,9,32,41,24,6,0,13,22,76,22,17,17,28,5
RICHAJA01,2003,Jason,Richardson,GSW,N,78,2936,1461,124,400,524,226,86,41,196,182,1284,563,377,258,273,77
RICHAQU01,2003,Quentin,Richardson,LAC,N,65,2338,1121,146,268,414,139,67,19,141,130,1068,425,204,151,341,120
RIDNOLU01,2003,Luke,Ridnour,SEA,N,69,1114,382,35,73,108,163,52,7,80,105,350,145,79,65,80,27
ROBINCL02,2003,Cliff,Robinson,GSW,N,82,2846,967,54,268,322,271,68,73,173,237,945,366,173,123,314,112
ROBINED01,2003,Eddie,Robinson,CHI,N,51,1024,343,27,77,104,58,33,10,45,57,326,157,43,28,5,1
ROBINGL01,2003,Glenn,Robinson,PHI,N,42,1336,698,46,143,189,57,42,9,106,96,614,275,137,114,100,34
ROGERRO01,2003,Rodney,Rogers,NJN,N,69,1409,539,100,207,307,137,59,27,98,183,505,207,98,75,152,50
ROOKSSE01,2003,Sean,Rooks,ORL,N,20,270,61,14,33,47,18,5,5,7,41,57,20,22,21,1,0
ROOKSSE01,2003,Sean,Rooks,TOT,N,55,596,141,24,73,97,29,14,10,22,89,151,54,37,33,1,0
ROOKSSE01,2003,Sean,Rooks,NOH,N,35,326,80,10,40,50,11,9,5,15,48,94,34,15,12,0,0
ROSEJA01,2003,Jalen,Rose,TOR,N,50,1968,810,27,175,202,273,39,18,171,139,752,308,180,148,148,46
ROSEJA01,2003,Jalen,Rose,TOT,N,66,2497,1022,34,225,259,329,51,22,208,184,952,383,231,187,202,69
ROSEJA01,2003,Jalen,Rose,CHI,N,16,529,212,7,50,57,56,12,4,37,45,200,75,51,39,54,23
ROSEMA01,2003,Malik,Rose,SAS,N,67,1256,529,110,210,320,69,36,24,112,164,404,173,225,183,3,0
RUFFIMI01,2003,Michael,Ruffin,UTA,N,41,733,92,78,129,207,41,22,21,42,103,117,38,38,16,0,0
RUSHKA01,2003,Kareem,Rush,LAL,N,72,1244,459,20,77,97,59,33,20,48,109,432,190,52,31,138,48
RUSSEBR01,2003,Bryon,Russell,LAL,N,72,945,289,32,114,146,71,32,12,37,110,244,98,65,50,112,43
SALMOJO01,2003,John,Salmons,PHI,N,77,1603,443,38,158,196,134,62,16,77,122,416,161,92,71,147,50
SAMPSJA01,2003,Jamal,Sampson,LAL,N,10,130,29,23,29,52,7,2,4,6,16,23,11,12,7,0,0
SANTIDA01,2003,Daniel,Santiago,MIL,N,54,708,217,35,97,132,24,19,21,32,98,163,78,90,61,0,0
SCALABR01,2003,Brian,Scalabrine,NJN,N,69,928,240,42,131,173,65,21,14,42,113,218,86,70,58,41,10
SESAYAN01,2003,Ansu,Sesay,SEA,N,57,583,200,43,49,92,19,19,20,23,66,178,81,46,32,21,6
SHIRLPA01,2003,Paul,Shirley,CHI,N,7,86,21,8,8,16,4,1,1,9,9,23,10,3,1,1,0
SIMMOBO01,2003,Bobby,Simmons,LAC,N,56,1376,437,115,147,262,96,51,17,73,169,373,147,169,141,12,2
SKINNBR01,2003,Brian,Skinner,MIL,N,56,1577,589,119,292,411,49,30,61,78,165,513,255,138,79,0,0
SLAYTA01,2003,Tamar,Slay,NJN,N,22,165,53,10,15,25,14,7,1,11,20,60,21,14,7,12,4
SMITHJA01,2003,Jabari,Smith,SAC,N,31,168,64,11,20,31,11,2,6,7,25,70,26,20,12,3,0
SMITHJO01,2003,Joe,Smith,MIL,N,76,2254,830,230,413,643,78,47,94,82,209,708,311,241,207,5,1
SMITHLE01,2003,Leon,Smith,SEA,N,1,4,2,1,1,2,0,0,0,0,1,2,1,0,0,0,0
SMITHST01,2003,Steve,Smith,NOH,N,71,929,358,27,54,81,56,15,6,42,91,293,119,83,77,107,43
SMITHTH01,2003,Theron,Smith,MEM,N,20,178,44,13,28,41,7,5,5,14,18,43,16,8,6,12,6
SNOWER01,2003,Eric,Snow,PHI,N,82,2966,844,62,219,281,563,97,6,187,213,715,295,316,252,18,2
SONGADA01,2003,Darius,Songaila,SAC,N,73,976,337,91,134,225,48,42,12,43,126,273,133,88,71,0,0
SPREWLA01,2003,Latrell,Sprewell,MIN,N,82,3100,1375,56,254,310,286,88,21,158,101,1266,518,295,240,299,99
STACKJE01,2003,Jerry,Stackhouse,WAS,N,26,774,362,16,78,94,103,24,3,88,49,321,128,103,83,65,23
STEPAVL01,2003,Vladimir,Stepania,POR,N,42,453,108,50,75,125,23,11,15,19,61,103,43,36,22,0,0
STEVEDE01,2003,Deshawn,Stevenson,ORL,N,26,933,291,36,84,120,66,24,1,40,54,285,115,71,49,41,12
STEVEDE01,2003,Deshawn,Stevenson,TOT,N,80,2444,909,79,211,290,244,52,17,120,135,871,376,204,138,71,19
STEVEDE01,2003,Deshawn,Stevenson,UTA,N,54,1511,618,43,127,170,178,28,16,80,81,586,261,133,89,30,7
STEWAMI01,2003,Michael,Stewart,TOT,N,25,147,13,8,21,29,0,2,10,3,34,12,5,4,3,0,0
STEWAMI01,2003,Michael,Stewart,CLE,N,8,76,8,5,13,18,0,1,8,1,21,7,3,2,2,0,0
STEWAMI01,2003,Michael,Stewart,BOS,N,17,71,5,3,8,11,0,1,2,2,13,5,2,2,1,0,0
STOJAPR01,2003,Predrag,Stojakovic,SAC,N,81,3264,1964,91,417,508,173,108,14,153,159,1386,665,425,394,554,240
STOUDAM01,2003,Amare,Stoudemire,PHO,N,55,2025,1133,157,339,496,78,64,89,177,188,865,411,435,310,5,1
STOUDDA01,2003,Damon,Stoudamire,POR,N,82,3118,1099,52,256,308,500,99,9,180,173,1018,408,145,127,427,156
STRICER01,2003,Erick,Strickland,MIL,N,43,571,231,13,58,71,90,26,2,54,63,196,79,51,44,66,29
STRICRO01,2003,Rod,Strickland,TOT,N,61,1200,382,34,121,155,244,35,11,85,76,353,150,98,72,36,10
STRICRO01,2003,Rod,Strickland,TOR,N,15,282,71,10,27,37,59,8,4,18,17,84,28,22,15,3,0
STRICRO01,2003,Rod,Strickland,ORL,N,46,918,311,24,94,118,185,27,7,67,59,269,122,76,57,33,10
SUNDOBR01,2003,Bruno,Sundov,CLE,N,4,29,9,2,8,10,0,0,0,3,7,9,3,6,3,0,0
SUNDOBR01,2003,Bruno,Sundov,TOT,N,5,33,11,2,8,10,1,0,0,3,9,10,4,6,3,0,0
SUNDOBR01,2003,Bruno,Sundov,NYK,N,1,4,2,0,0,0,1,0,0,0,2,1,1,0,0,0,0
SURABO01,2003,Bob,Sura,TOT,N,80,1663,596,100,226,326,233,62,14,105,158,485,202,226,171,79,21
SURABO01,2003,Bob,Sura,ATL,N,27,956,397,70,153,223,144,25,5,66,72,312,131,157,123,43,12
SURABO01,2003,Bob,Sura,DET,N,53,707,199,30,73,103,89,37,9,39,86,173,71,69,48,36,9
SWEETMI01,2003,Mike,Sweetney,NYK,N,42,494,180,68,89,157,14,18,12,32,57,140,69,58,42,1,0
SWIFTST01,2003,Stromile,Swift,MEM,N,77,1528,727,141,237,378,38,56,118,88,188,571,268,262,190,4,1
SZCZEWA01,2003,Wally,Szczerbiak,MIN,N,28,622,285,24,64,88,33,12,1,28,42,236,106,64,53,46,20
TAYLOMA01,2003,Maurice,Taylor,HOU,N,75,2081,862,131,253,384,107,43,47,149,253,765,367,174,128,2,0
TERRYJA01,2003,Jason,Terry,ATL,N,81,3018,1359,49,287,336,437,124,16,229,192,1196,499,260,215,421,146
THOMAET01,2003,Etan,Thomas,WAS,N,79,1901,705,183,345,528,68,36,123,113,219,526,257,295,191,0,0
THOMAKE01,2003,Kenny,Thomas,PHI,N,74,2699,1006,261,489,750,111,82,33,172,219,813,381,323,243,5,1
THOMAKU01,2003,Kurt,Thomas,NYK,N,80,2548,890,145,517,662,149,56,80,132,298,829,392,127,106,3,0
THOMATI01,2003,Tim,Thomas,TOT,N,66,2089,970,64,256,320,124,64,20,116,196,813,363,218,171,194,73
THOMATI01,2003,Tim,Thomas,NYK,N,24,746,378,26,89,115,34,24,5,43,69,303,137,96,78,64,26
THOMATI01,2003,Tim,Thomas,MIL,N,42,1343,592,38,167,205,90,40,15,73,127,510,226,122,93,130,47
TINSLJA01,2003,Jamaal,Tinsley,IND,N,52,1378,432,28,108,136,303,84,17,110,132,370,153,67,49,207,77
TRAYLRO01,2003,Robert,Traylor,NOH,N,71,941,362,106,156,262,43,39,37,62,161,287,145,128,70,5,2
TRENTGA01,2003,Gary,Trent,MIN,N,68,1025,379,83,133,216,49,12,17,54,129,328,155,91,69,6,0
TREPAJE01,2003,Jeff,Trepagnier,DEN,N,11,96,25,6,9,15,4,3,0,6,7,38,10,6,3,4,2
TRYBACE01,2003,Cezary,Trybanski,PHO,N,4,10,0,0,1,1,0,0,1,2,1,2,0,0,0,0,0
TRYBACE01,2003,Cezary,Trybanski,TOT,N,7,15,1,0,1,1,0,1,1,2,3,4,0,2,1,0,0
TRYBACE01,2003,Cezary,Trybanski,NYK,N,3,5,1,0,0,0,0,1,0,0,2,2,0,2,1,0,0
TSAKAIA01,2003,Jake,Tsakalidis,MEM,N,40,533,170,37,91,128,18,9,22,23,79,133,67,61,36,0,0
TSKITNI01,2003,Nikoloz,Tskitishvili,DEN,N,39,307,106,24,39,63,10,6,8,17,50,122,40,29,23,11,3
TURKOHI01,2003,Hidayet,Turkoglu,SAS,N,80,2073,739,52,306,358,154,80,32,94,165,645,262,161,114,241,101
UDOKAIM01,2003,Ime,Udoka,LAL,N,4,28,8,1,4,5,2,2,1,3,3,9,3,4,2,1,0
VANEXNI01,2003,Nick,Van Exel,GSW,N,39,1255,490,16,88,104,206,20,2,78,57,479,187,99,70,150,46
VANHOKE01,2003,Keith,Vanhorn,MIL,N,25,766,393,51,107,158,37,16,15,50,64,290,137,91,86,72,33
VANHOKE01,2003,Keith,Vanhorn,TOT,N,72,2338,1162,149,352,501,120,68,33,169,215,903,410,290,249,233,93
VANHOKE01,2003,Keith,Vanhorn,NYK,N,47,1572,769,98,245,343,83,52,18,119,151,613,273,199,163,161,60
VAUGHJA01,2003,Jacque,Vaughn,ATL,N,71,1271,270,12,104,116,195,44,2,84,126,277,107,68,53,20,3
VOSKUJA01,2003,Jake,Voskuhl,PHO,N,66,1606,438,123,220,343,57,42,25,77,258,300,152,181,134,0,0
VRANESL01,2003,Slavko,Vranes,POR,N,1,3,0,0,0,0,0,0,0,0,1,1,0,0,0,0,0
WADEDW01,2003,Dwyane,Wade,MIA,N,61,2126,991,85,162,247,275,86,34,196,140,798,371,312,233,53,16
WAGNEDA02,2003,Dajuan,Wagner,CLE,N,44,708,287,9,49,58,51,26,7,41,89,306,112,47,32,86,31
WALKEAN01,2003,Antoine,Walker,DAL,N,82,2840,1151,198,486,684,369,65,65,202,212,1129,483,186,103,305,82
WALKESA01,2003,Samaki,Walker,MIA,N,33,418,105,42,70,112,6,9,11,15,54,99,38,44,29,2,0
WALLABE01,2003,Ben,Wallace,DET,N,81,3050,773,324,682,1006,138,143,246,123,162,748,315,290,142,8,1
WALLAGE01,2003,Gerald,Wallace,SAC,N,37,337,75,35,39,74,19,14,14,8,37,89,32,24,11,2,0
WALLAJO01,2003,John,Wallace,MIA,N,37,368,158,12,47,59,14,5,8,24,38,145,61,40,31,13,5
WALLARA01,2003,Rasheed,Wallace,ATL,N,1,42,20,1,5,6,2,1,5,3,0,24,8,3,3,6,1
WALLARA01,2003,Rasheed,Wallace,TOT,N,68,2390,1088,102,357,459,156,61,122,119,190,974,425,212,156,248,82
WALLARA01,2003,Rasheed,Wallace,DET,N,22,673,302,32,123,155,40,24,45,29,59,281,121,54,38,69,22
WALLARA01,2003,Rasheed,Wallace,POR,N,45,1675,766,69,229,298,114,36,72,87,131,669,296,155,115,173,59
WALTOLU01,2003,Luke,Walton,LAL,N,72,730,174,39,88,127,113,28,8,44,70,153,65,44,31,39,13
WANGZH01,2003,Zhizhi,Wang,LAC,N,2,10,4,0,4,4,0,0,1,0,0,1,0,4,4,0,0
WANGZH01,2003,Zhizhi,Wang,MIA,N,14,105,43,4,10,14,2,3,4,6,13,45,17,6,5,14,4
WANGZH01,2003,Zhizhi,Wang,TOT,N,16,115,47,4,14,18,2,3,5,6,13,46,17,10,9,14,4
WARDCH01,2003,Charlie,Ward,TOT,N,71,1253,424,12,132,144,215,64,11,96,107,390,160,27,20,206,84
WARDCH01,2003,Charlie,Ward,SAS,N,36,425,119,2,46,48,45,17,3,27,33,130,45,6,4,68,25
WARDCH01,2003,Charlie,Ward,NYK,N,35,828,305,10,86,96,170,47,8,69,74,260,115,21,16,138,59
WATSOEA01,2003,Earl,Watson,MEM,N,81,1669,460,49,129,178,402,91,19,146,175,464,172,138,90,106,26
WEATHCL01,2003,Clarence,Weatherspoon,HOU,N,37,652,207,60,94,154,17,22,13,26,56,171,86,53,35,1,0
WEATHCL01,2003,Clarence,Weatherspoon,NYK,N,15,218,54,14,36,50,13,8,2,9,19,40,18,19,18,0,0
WEATHCL01,2003,Clarence,Weatherspoon,TOT,N,52,870,261,74,130,204,30,30,15,35,75,211,104,72,53,1,0
WEBBECH01,2003,Chris,Webber,SAC,N,23,831,430,48,152,200,105,31,20,60,76,421,174,114,81,5,1
WELLSBO01,2003,Bonzi,Wells,TOT,N,72,1872,886,78,182,260,139,91,19,161,197,850,363,183,138,69,22
WELLSBO01,2003,Bonzi,Wells,MEM,N,59,1468,728,57,142,199,104,71,16,129,159,675,295,156,117,61,21
WELLSBO01,2003,Bonzi,Wells,POR,N,13,404,158,21,40,61,35,20,3,32,38,175,68,27,21,8,1
WELSCJI01,2003,Jiri,Welsch,BOS,N,81,2178,746,60,236,296,183,101,7,129,176,612,262,206,153,181,69
WESLEDA01,2003,David,Wesley,NOH,N,61,2001,851,28,106,134,175,71,14,100,147,800,311,182,137,285,92
WESTDA01,2003,David,West,NOH,N,71,931,273,117,180,297,60,27,28,48,117,228,108,80,57,2,0
WHITEJA01,2003,Jahidi,White,WAS,N,1,4,0,0,0,0,0,0,1,1,0,1,0,0,0,0,0
WHITEJA01,2003,Jahidi,White,TOT,N,62,865,261,97,164,261,7,25,51,66,176,190,99,126,63,0,0
WHITEJA01,2003,Jahidi,White,PHO,N,61,861,261,97,164,261,7,25,50,65,176,189,99,126,63,0,0
WHITERO02,2003,Rodney,White,DEN,N,72,985,541,44,121,165,60,32,20,78,105,468,215,104,78,87,33
WHITNCH01,2003,Chris,Whitney,WAS,N,16,186,47,3,12,15,14,6,2,6,6,45,17,5,5,18,8
WILCOCH01,2003,Chris,Wilcox,LAC,N,65,1340,559,125,180,305,51,29,20,80,183,436,227,150,105,1,0
WILKSMI01,2003,Mike,Wilks,HOU,N,26,145,50,3,13,16,17,3,0,7,15,36,17,12,10,10,6
WILLIAA01,2003,Aaron,Williams,NJN,N,72,1338,450,101,193,294,81,34,46,89,187,342,172,155,105,3,1
WILLIAL01,2003,Alvin,Williams,TOR,N,56,1730,494,18,132,150,224,55,10,78,114,496,201,85,66,89,26
WILLICO02,2003,Corliss,Williamson,DET,N,79,1574,752,88,168,256,57,30,20,113,204,602,304,197,144,0,0
WILLIER01,2003,Eric,Williams,TOT,N,71,1886,712,65,221,286,120,70,9,88,180,598,231,283,215,127,35
WILLIER01,2003,Eric,Williams,BOS,N,21,513,243,21,74,95,25,22,1,31,52,177,77,109,78,32,11
WILLIER01,2003,Eric,Williams,CLE,N,50,1373,469,44,147,191,95,48,8,57,128,421,154,174,137,95,24
WILLIFR02,2003,Frank,Williams,NYK,N,56,714,219,8,45,53,121,25,6,63,58,208,80,48,41,60,18
WILLIJA02,2003,Jason,Williams,MEM,N,72,2115,782,25,122,147,492,92,5,136,97,713,290,98,82,364,120
WILLIJE01,2003,Jerome,Williams,TOR,N,15,407,77,35,93,128,11,19,3,23,30,57,28,29,21,1,0
WILLIJE01,2003,Jerome,Williams,TOT,N,68,1637,422,177,298,475,72,90,8,74,134,336,158,155,106,8,0
WILLIJE01,2003,Jerome,Williams,CHI,N,53,1230,345,142,205,347,61,71,5,51,104,279,130,126,85,7,0
WILLIKE01,2003,Kevin,Willis,SAS,N,48,373,164,37,61,98,11,21,9,32,61,150,70,39,24,1,0
WILLIMA01,2003,Maurice,Williams,UTA,N,57,772,284,23,49,72,76,28,2,51,87,303,115,56,44,39,10
WILLISC01,2003,Scott,Williams,TOT,N,43,527,92,38,94,132,17,20,16,16,95,186,90,27,16,3,2
WILLISC01,2003,Scott,Williams,DAL,N,27,260,81,15,45,60,11,5,9,10,50,85,37,14,7,1,0
WILLISC01,2003,Scott,Williams,PHO,N,16,267,11,23,49,72,6,15,7,6,45,101,53,13,9,2,2
WILLISH01,2003,Shammond,Williams,TOT,N,53,765,255,9,51,60,116,37,2,47,62,232,87,58,51,100,30
WILLISH01,2003,Shammond,Williams,NOH,N,16,238,72,0,17,17,52,14,1,21,22,81,28,13,11,26,5
WILLISH01,2003,Shammond,Williams,ORL,N,37,527,183,9,34,43,64,23,1,26,40,151,59,45,40,74,25
WOODSLO01,2003,Loren,Woods,MIA,N,38,506,121,65,69,134,10,11,19,26,52,96,44,55,33,0,0
WOODSQY01,2003,Qyntel,Woods,POR,N,62,673,224,46,90,136,46,20,14,52,88,237,88,60,38,29,10
WRIGHLO02,2003,Lorenzen,Wright,MEM,N,65,1674,610,144,301,445,71,45,58,77,192,586,257,131,96,5,0
ABDURSH01,2004,Shareef,Abdur-Rahim,POR,N,54,1868,909,123,269,392,111,49,26,117,150,670,337,254,220,39,15
ALEXACO01,2004,Cory,Alexander,CHR,N,16,201,49,8,21,29,37,9,1,19,29,49,16,12,9,19,8
ALLENMA01,2004,Malik,Allen,CHR,N,22,271,111,16,31,47,7,5,11,7,24,101,49,14,13,0,0
ALLENMA01,2004,Malik,Allen,MIA,N,14,248,83,24,28,52,11,4,11,11,29,76,35,14,13,0,0
ALLENMA01,2004,Malik,Allen,TOT,N,36,519,194,40,59,99,18,9,22,18,53,177,84,28,26,0,0
ALLENRA02,2004,Ray,Allen,SEA,N,78,3065,1867,79,268,347,289,84,5,171,167,1494,640,428,378,556,209
ALLENTO01,2004,Tony,Allen,BOS,N,77,1261,492,85,136,221,64,76,24,77,156,387,184,152,112,31,12
ALSTORA01,2004,Rafer,Alston,TOR,N,80,2717,1136,42,237,279,514,118,7,170,212,974,403,258,191,389,139
ANDERCH01,2004,Chris,Andersen,NOH,N,67,1430,513,137,273,410,71,14,100,64,144,358,191,190,131,3,0
ANDERDE01,2004,Derek,Anderson,POR,N,47,1239,432,25,103,128,143,36,4,70,89,391,152,87,70,151,58
ANDERKE02,2004,Kenny,Anderson,LAC,N,4,26,8,1,4,5,5,0,0,3,6,11,4,0,0,0,0
ANDERKE02,2004,Kenny,Anderson,ATL,N,39,717,195,23,60,83,98,34,1,45,81,190,81,37,27,13,6
ANDERKE02,2004,Kenny,Anderson,TOT,N,43,743,203,24,64,88,103,34,1,48,87,201,85,37,27,13,6
ANDERSH01,2004,Shandon,Anderson,TOT,N,66,1171,255,41,150,191,70,40,14,50,138,217,98,66,54,29,5
ANDERSH01,2004,Shandon,Anderson,NYK,N,1,20,0,1,0,1,0,0,0,1,2,2,0,0,0,1,0
ANDERSH01,2004,Shandon,Anderson,MIA,N,65,1151,255,40,150,190,70,40,14,49,136,215,98,66,54,28,5
ANTHOCA01,2004,Carmelo,Anthony,DEN,N,75,2608,1558,141,285,426,194,68,30,224,229,1230,530,573,456,158,42
ARAUJRA01,2004,Rafael,Araujo,TOR,N,59,736,196,59,126,185,16,21,8,52,157,175,76,55,43,3,1
ARENAGI01,2004,Gilbert,Arenas,WAS,N,80,3274,2038,83,295,378,411,139,23,242,245,1523,656,640,521,562,205
ARIZATR01,2004,Trevor,Ariza,NYK,N,80,1382,468,89,153,242,85,70,18,73,150,389,172,174,121,13,3
ARMSTDA01,2004,Darrell,Armstrong,NOH,N,14,412,142,16,32,48,65,15,2,28,30,159,53,21,19,70,17
ARMSTDA01,2004,Darrell,Armstrong,DAL,N,52,576,122,19,48,67,113,30,6,39,62,118,36,47,39,41,11
ARMSTDA01,2004,Darrell,Armstrong,TOT,N,66,988,264,35,80,115,178,45,8,67,92,277,89,68,58,111,28
ARROYCA01,2004,Carlos,Arroyo,TOT,N,70,1448,461,26,78,104,280,44,4,107,143,429,167,149,119,30,8
ARROYCA01,2004,Carlos,Arroyo,UTA,N,30,742,246,11,35,46,152,20,3,55,67,232,93,63,53,18,7
ARROYCA01,2004,Carlos,Arroyo,DET,N,40,706,215,15,43,58,128,24,1,52,76,197,74,86,66,12,1
ARTESRO01,2004,Ron,Artest,IND,N,7,291,172,8,37,45,22,12,6,17,27,119,59,51,47,17,7
ATKINCH01,2004,Chucky,Atkins,LAL,N,82,2903,1115,31,166,197,358,73,2,151,180,910,388,203,163,455,176
AUGMOST01,2004,Stacey,Augmon,ORL,N,55,663,193,45,54,99,36,23,8,31,83,167,68,77,57,0,0
BAKERMA02,2004,Maurice,Baker,POR,N,4,18,0,1,1,2,1,1,0,1,3,1,0,0,0,0,0
BAKERMA02,2004,Maurice,Baker,LAC,N,1,1,0,0,0,0,0,0,0,0,0,0,0,0,0,0,0
BAKERMA02,2004,Maurice,Baker,TOT,N,5,19,0,1,1,2,1,1,0,1,3,1,0,0,0,0,0
BAKERVI01,2004,Vin,Baker,TOT,N,27,204,35,17,22,39,10,2,4,17,38,42,13,17,9,1,0
BAKERVI01,2004,Vin,Baker,HOU,N,3,13,2,0,2,2,1,0,0,2,7,4,0,2,2,0,0
BAKERVI01,2004,Vin,Baker,NYK,N,24,191,33,17,20,37,9,2,4,15,31,38,13,15,7,1,0
BANKSMA01,2004,Marcus,Banks,BOS,N,81,1145,372,29,97,126,155,63,13,79,146,286,115,163,121,59,21
BARBOLE01,2004,Leandrinho,Barbosa,PHO,N,63,1087,442,32,98,130,126,30,7,87,127,354,168,69,55,139,51
BARNEMA02,2004,Matt,Barnes,SAC,N,43,714,164,49,84,133,57,30,7,45,80,151,62,58,35,22,5
BARREAN01,2004,Andre,Barrett,ORL,N,11,169,62,6,15,21,27,5,1,11,16,55,25,9,7,15,5
BARREAN01,2004,Andre,Barrett,HOU,N,27,314,56,5,14,19,42,14,0,16,35,69,20,10,7,37,9
BARREAN01,2004,Andre,Barrett,TOT,N,38,483,118,11,29,40,69,19,1,27,51,124,45,19,14,52,14
BARRYBR01,2004,Brent,Barry,SAS,N,81,1742,601,29,161,190,178,39,20,64,123,459,194,135,113,280,100
BARRYJO01,2004,Jon,Barry,HOU,N,53,1230,372,22,116,138,139,46,7,53,67,291,130,58,52,133,60
BARRYJO01,2004,Jon,Barry,ATL,N,16,275,83,4,17,21,28,14,2,14,28,77,31,13,10,32,11
BARRYJO01,2004,Jon,Barry,TOT,N,69,1505,455,26,133,159,167,60,9,67,95,368,161,71,62,165,71
BATTISH01,2004,Shane,Battier,MEM,N,80,2516,792,158,255,413,126,91,77,75,201,613,271,228,180,177,70
BATTITO01,2004,Tony,Battie,ORL,N,81,1894,394,109,343,452,42,30,81,81,244,354,163,94,68,6,0
BAXTELO01,2004,Lonny,Baxter,NOH,N,4,36,6,4,4,8,0,0,0,4,10,11,3,2,0,0,0
BELLRA01,2004,Raja,Bell,UTA,N,63,1790,772,48,153,201,91,44,8,79,205,667,303,150,112,134,54
BENDEJO01,2004,Jonathan,Bender,IND,N,7,93,36,5,9,14,4,1,2,10,9,40,16,6,3,5,1
BESTTR01,2004,Travis,Best,NJN,N,76,1461,514,19,88,107,143,66,9,67,148,452,190,122,108,85,26
BIBBYMI01,2004,Mike,Bibby,SAC,N,80,3085,1571,77,255,332,541,124,30,203,191,1264,560,413,320,364,131
BIEDRAN01,2004,Andris,Biedrins,GSW,N,30,384,109,47,71,118,12,12,24,12,87,78,45,40,19,1,0
BILLUCH01,2004,Chauncey,Billups,DET,N,80,2867,1316,48,223,271,464,81,9,180,194,913,404,382,343,387,165
BLAKEST01,2004,Steve,Blake,WAS,N,44,648,191,18,53,71,69,13,0,39,47,186,61,41,33,93,36
BLOUNMA01,2004,Mark,Blount,BOS,N,82,2130,771,143,254,397,129,33,64,158,229,618,327,164,117,1,0
BOBBITO01,2004,Tony,Bobbitt,LAL,N,2,12,5,0,3,3,0,0,0,0,1,5,2,0,0,2,1
BOGANKE01,2004,Keith,Bogans,CHR,N,74,1791,714,76,150,226,135,68,8,122,167,688,262,183,133,173,57
BONNEMA01,2004,Matt,Bonner,TOR,N,82,1553,589,108,177,285,48,39,19,40,220,463,247,71,56,92,39
BOOTHCA01,2004,Calvin,Booth,DAL,N,34,262,82,16,42,58,4,11,16,8,55,79,34,16,14,1,0
BOOTHCA01,2004,Calvin,Booth,MIL,N,17,189,42,13,36,49,4,4,12,8,23,29,15,16,12,0,0
BOOTHCA01,2004,Calvin,Booth,TOT,N,51,451,124,29,78,107,8,15,28,16,78,108,49,32,26,1,0
BOOZECA01,2004,Carlos,Boozer,UTA,N,51,1772,909,141,316,457,144,41,24,137,179,693,361,268,187,1,0
BORCHCU01,2004,Curtis,Borchardt,UTA,N,67,859,200,86,138,224,49,10,32,52,160,172,74,71,52,0,0
BOSHCH01,2004,Chris,Bosh,TOR,N,81,3017,1361,194,524,718,153,76,113,187,226,1005,473,542,412,10,3
BOWENBR01,2004,Bruce,Bowen,SAS,N,82,2627,675,50,235,285,126,55,39,57,175,598,251,112,71,253,102
BOWENRY01,2004,Ryan,Bowen,HOU,N,66,604,111,21,55,76,18,23,5,7,61,111,47,21,14,6,3
BOYKIEA01,2004,Earl,Boykins,DEN,N,82,2162,1015,37,106,143,372,78,12,121,122,824,340,303,279,166,56
BRADLMI01,2004,Michael,Bradley,SAC,N,8,48,18,5,6,11,2,0,0,3,8,12,8,6,2,0,0
BRADLMI01,2004,Michael,Bradley,PHI,N,2,16,9,0,3,3,1,0,0,1,0,5,4,2,1,1,0
BRADLMI01,2004,Michael,Bradley,ORL,N,8,55,6,3,11,14,2,1,2,1,4,7,3,0,0,0,0
BRADLMI01,2004,Michael,Bradley,TOT,N,18,119,33,8,20,28,5,1,2,5,12,24,15,8,3,1,0
BRADLSH01,2004,Shawn,Bradley,DAL,N,77,885,211,70,144,214,15,25,63,33,153,186,84,63,43,0,0
BRAGGTO01,2004,Torraye,Braggs,HOU,N,7,24,6,7,5,12,0,0,0,2,4,7,3,0,0,0,0
BRANDEL01,2004,Elton,Brand,LAC,N,81,3001,1622,296,474,770,208,62,169,183,240,1251,629,484,364,3,0
BREWEJA01,2004,Jamison,Brewer,NYK,N,18,185,31,6,16,22,12,8,1,13,11,37,11,13,6,15,3
BREZEPR01,2004,Primoz,Brezec,CHR,N,72,2276,938,226,305,531,86,33,55,106,183,756,387,220,164,0,0
BROWNDA02,2004,Damone,Brown,WAS,N,14,152,54,10,18,28,14,1,6,15,17,62,23,9,4,11,4
BROWNDE02,2004,Devin,Brown,SAS,N,67,1238,494,37,139,176,92,39,12,53,83,409,173,130,103,121,45
BROWNKE01,2004,Kedrick,Brown,PHI,N,8,55,12,1,10,11,4,3,1,5,4,6,2,10,8,3,0
BROWNKW01,2004,Kwame,Brown,WAS,N,42,908,292,72,134,206,39,25,15,67,112,237,109,129,74,0,0
BROWNPJ01,2004,P.J.,Brown,NOH,N,82,2817,886,266,471,737,178,74,50,101,233,758,338,243,210,0,0
BROWNTI01,2004,Tierre,Brown,LAL,N,76,1065,333,21,72,93,155,32,1,74,59,348,124,75,59,72,26
BRUNSRI01,2004,Rick,Brunson,LAC,N,80,1945,437,23,164,187,410,82,7,125,106,442,166,74,57,131,48
BRYANKO01,2004,Kobe,Bryant,LAL,N,66,2690,1819,95,297,392,398,86,53,270,175,1324,573,664,542,387,131
BUCKNGR01,2004,Greg,Buckner,DEN,N,70,1522,432,66,142,208,133,75,6,49,169,303,160,81,63,121,49
BUFORRO01,2004,Rodney,Buford,NJN,N,64,1314,445,33,156,189,63,40,4,35,101,489,187,45,37,108,34
BURKSAN01,2004,Antonio,Burks,MEM,N,24,219,73,1,11,12,28,13,1,12,25,60,28,19,14,11,3
BUTLECA01,2004,Caron,Butler,LAL,N,77,2746,1195,146,304,450,146,110,23,125,213,991,441,319,275,125,38
BUTLEJA01,2004,Jackie,Butler,NYK,N,3,5,10,0,0,0,0,1,0,1,0,4,4,2,2,0,0
BUTLERA01,2004,Rasual,Butler,MIA,N,65,1203,420,15,136,151,62,18,29,37,104,409,163,48,37,153,57
CABARZA01,2004,Zarko,Cabarkapa,GSW,N,37,464,229,33,66,99,25,10,5,30,59,170,82,64,52,36,13
CABARZA01,2004,Zarko,Cabarkapa,PHO,N,3,11,9,2,1,3,0,0,0,0,0,7,4,1,1,0,0
CABARZA01,2004,Zarko,Cabarkapa,TOT,N,40,475,238,35,67,102,25,10,5,30,59,177,86,65,53,36,13
CAMBYMA01,2004,Marcus,Camby,DEN,N,66,2015,683,131,530,661,152,61,199,103,177,600,279,173,125,4,0
CAMPBEL01,2004,Elden,Campbell,DET,N,31,340,118,25,57,82,16,8,6,28,47,116,39,51,40,2,0
CAMPBEL01,2004,Elden,Campbell,NJN,N,10,50,2,3,8,11,3,0,1,1,10,7,0,4,2,0,0
CAMPBEL01,2004,Elden,Campbell,TOT,N,41,390,120,28,65,93,19,8,7,29,57,123,39,55,42,2,0
CARDIBR01,2004,Brian,Cardinal,MEM,N,58,1433,522,63,162,225,114,88,19,83,172,432,160,181,158,125,44
CARLIGE01,2004,Geno,Carlisle,POR,N,6,16,8,1,0,1,1,0,0,1,1,3,2,6,4,0,0
CARROMA01,2004,Matt,Carroll,CHR,N,25,430,224,13,47,60,17,17,2,25,37,180,70,83,71,39,13
CARTEAN01,2004,Anthony,Carter,MIN,N,66,742,181,12,57,69,161,35,18,62,88,177,72,51,35,17,2
CARTEVI01,2004,Vince,Carter,TOR,N,20,608,317,28,38,66,61,25,15,22,56,302,124,72,50,59,19
CARTEVI01,2004,Vince,Carter,NJN,N,57,2220,1569,78,257,335,266,84,33,146,187,1239,572,388,317,254,108
CARTEVI01,2004,Vince,Carter,TOT,N,77,2828,1886,106,295,401,327,109,48,168,243,1541,696,460,367,313,127
CASSESA01,2004,Sam,Cassell,MIN,N,59,1522,799,25,132,157,301,36,14,109,160,687,319,155,134,103,27
CATOKE01,2004,Kelvin,Cato,ORL,N,62,1525,432,102,314,416,40,55,82,64,170,297,160,143,112,0,0
CHALMLI01,2004,Lionel,Chalmers,LAC,N,36,433,111,4,27,31,51,13,0,24,30,125,42,24,15,49,12
CHANDTY01,2004,Tyson,Chandler,CHI,N,80,2189,640,261,514,775,65,69,141,118,268,419,207,336,226,2,0
CHEANCA01,2004,Calbert,Cheaney,GSW,N,55,950,250,32,92,124,64,17,15,35,95,265,113,37,24,3,0
CHILDJO01,2004,Josh,Childress,ATL,N,80,2376,807,195,287,482,151,74,35,106,184,642,302,231,190,56,13
CHRISDO01,2004,Doug,Christie,ORL,N,21,529,119,9,45,54,46,37,5,36,45,128,47,22,20,23,5
CHRISDO01,2004,Doug,Christie,SAC,N,31,995,226,29,94,123,153,43,13,68,61,204,83,56,50,39,10
CHRISDO01,2004,Doug,Christie,TOT,N,52,1524,345,38,139,177,199,80,18,104,106,332,130,78,70,62,15
CLAXTSP01,2004,Craig,Claxton,TOT,N,62,1867,712,37,147,184,374,109,8,119,184,611,257,254,187,61,11
CLAXTSP01,2004,Craig,Claxton,GSW,N,46,1502,604,32,121,153,286,87,6,92,154,501,216,213,162,52,10
CLAXTSP01,2004,Craig,Claxton,NOH,N,16,365,108,5,26,31,88,22,2,27,30,110,41,41,25,9,1
CLEAVMA01,2004,Mateen,Cleaves,SEA,N,14,65,13,2,4,6,7,2,0,2,2,14,5,4,3,2,0
COLEMDE01,2004,Derrick,Coleman,DET,N,5,50,9,3,12,15,0,0,0,2,6,14,3,3,3,2,0
COLLIJA02,2004,Jason,Collier,ATL,N,70,942,402,84,100,184,18,15,13,63,147,376,174,71,48,14,6
COLLIJA03,2004,Jason,Collins,NJN,N,80,2542,511,153,335,488,105,71,71,91,322,451,186,209,137,6,2
COLLIJA04,2004,Jarron,Collins,UTA,N,50,961,213,57,107,164,61,11,6,34,146,157,65,119,83,1,0
COLLINI01,2004,Nick,Collison,SEA,N,82,1396,463,155,220,375,32,34,50,62,252,353,190,118,83,3,0
COOKBR01,2004,Brian,Cook,LAL,N,72,1087,458,63,153,216,35,23,26,29,139,422,176,37,28,199,78
COOKOM01,2004,Omar,Cook,TOR,N,5,74,23,2,5,7,22,6,1,6,6,24,10,6,3,4,0
CRAWFJA01,2004,Jamal,Crawford,NYK,N,70,2688,1241,33,170,203,302,92,19,148,135,1097,437,216,182,512,185
CROSHAU01,2004,Austin,Croshere,IND,N,73,1826,647,103,272,375,98,48,17,104,154,497,188,256,226,174,45
CURRYED01,2004,Eddy,Curry,CHI,N,63,1808,1012,116,222,338,37,21,58,163,202,731,393,314,226,0,0
CURRYMI01,2004,Michael,Curry,IND,N,18,249,30,8,19,27,15,5,4,5,39,29,13,8,4,0,0
DALEMSA01,2004,Samuel,Dalembert,PHI,N,72,1785,589,187,355,542,34,46,121,114,241,477,250,148,89,0,0
DAMPIER01,2004,Erick,Dampier,DAL,N,59,1609,542,183,318,501,51,15,80,102,205,367,202,228,138,3,0
DANIEAN01,2004,Antonio,Daniels,SEA,N,75,2026,843,20,149,169,308,51,3,78,78,623,273,304,248,165,49
DANIEER01,2004,Erik,Daniels,SAC,N,21,72,13,7,11,18,4,2,0,6,7,18,6,0,0,2,1
DANIEMA01,2004,Marquis,Daniels,DAL,N,60,1412,545,87,129,216,128,83,14,86,124,504,220,133,98,35,7
DAVISAN01,2004,Antonio,Davis,CHI,N,72,1844,501,152,276,428,80,27,41,96,147,419,193,152,115,0,0
DAVISBA01,2004,Baron,Davis,NOH,N,18,593,340,16,51,67,129,31,4,38,52,303,111,96,74,137,44
DAVISBA01,2004,Baron,Davis,GSW,N,28,988,545,16,92,108,233,50,10,93,74,449,180,147,111,217,74
DAVISBA01,2004,Baron,Davis,TOT,N,46,1581,885,32,143,175,362,81,14,131,126,752,291,243,185,354,118
DAVISDA01,2004,Dale,Davis,TOT,N,61,1307,284,152,223,375,47,32,65,43,162,234,112,99,60,0,0
DAVISDA01,2004,Dale,Davis,IND,N,25,730,172,91,131,222,24,19,33,23,83,125,67,61,38,0,0
DAVISDA01,2004,Dale,Davis,GSW,N,36,577,112,61,92,153,23,13,32,20,79,109,45,38,22,0,0
DAVISJO02,2004,Josh,Davis,PHI,N,42,328,117,29,50,79,12,8,4,15,45,111,42,17,14,53,19
DAVISRI01,2004,Ricky,Davis,BOS,N,82,2696,1309,66,183,249,246,89,27,205,174,1041,481,351,286,180,61
DECLEAN01,2004,Andrew,DeClercq,ORL,N,8,49,9,7,3,10,0,2,0,1,14,9,4,3,1,0,0
DELFICA01,2004,Carlos,Delfino,DET,N,30,459,116,13,42,55,38,22,6,23,44,117,42,40,23,35,9
DELKTO01,2004,Tony,Delk,ATL,N,56,1340,667,28,102,130,104,47,3,54,123,591,246,136,103,202,72
DENGLU01,2004,Luol,Deng,CHI,N,61,1662,711,92,230,322,135,48,27,118,98,645,280,162,120,117,31
DIAWBO01,2004,Boris,Diaw,ATL,N,66,1201,314,54,116,170,149,37,18,87,123,294,124,77,57,50,9
DICKADA01,2004,Dan,Dickau,NOH,N,67,2074,882,34,145,179,346,76,4,144,200,748,305,225,188,242,84
DICKADA01,2004,Dan,Dickau,DAL,N,4,16,5,0,1,1,1,0,0,1,1,8,1,3,2,3,1
DICKADA01,2004,Dan,Dickau,TOT,N,71,2090,887,34,146,180,347,76,4,145,201,756,306,228,190,245,85
DICKEKA01,2004,Kaniel,Dickens,NJN,N,11,61,13,3,6,9,1,2,1,2,5,14,4,2,2,9,3
DIOPDE01,2004,DeSagana,Diop,CLE,N,39,306,40,30,40,70,15,8,27,12,53,69,20,5,0,2,0
DIVACVL01,2004,Vlade,Divac,LAL,N,15,130,34,18,14,32,19,4,1,14,25,31,13,12,8,0,0
DIXONJU01,2004,Juan,Dixon,WAS,N,63,1054,507,32,87,119,111,43,4,68,98,447,186,97,87,147,48
DOLEAMI01,2004,Michael,Doleac,MIA,N,80,1175,321,74,185,259,47,23,22,36,160,331,148,41,25,2,0
DOOLIKE01,2004,Keyon,Dooling,MIA,N,74,1184,382,11,79,90,132,39,11,65,120,345,139,109,85,75,19
DROBNPR01,2004,Pedrag,Drobnjak,ATL,N,71,1435,597,73,165,238,49,42,24,78,138,543,238,120,96,71,25
DUHONCH01,2004,Chris,Duhon,CHI,N,82,2177,487,23,190,213,398,82,3,119,205,488,172,67,49,265,94
DUNCATI01,2004,Tim,Duncan,SAS,N,66,2203,1342,202,530,732,179,45,174,127,144,1042,517,455,305,9,3
DUNLEMI02,2004,Mike,Dunleavy Jr.,GSW,N,79,2570,1057,97,338,435,203,79,26,132,198,905,408,172,134,276,107
DUPRERO01,2004,Ronald,Dupree,DET,N,47,472,152,34,61,95,24,7,10,22,60,127,61,47,29,2,1
EBIND01,2004,Ndudi,Ebi,MIN,N,2,54,27,6,10,16,1,1,1,3,7,21,11,9,5,1,0
EDWARCO01,2004,Corsley,Edwards,NOH,N,10,110,27,12,13,25,3,3,4,2,19,31,10,12,7,0,0
EDWARJO01,2004,John,Edwards,IND,N,25,139,29,8,11,19,3,3,4,8,12,30,11,14,7,0,0
EISLEHO01,2004,Howard,Eisley,UTA,N,74,1428,415,15,75,90,250,45,9,111,156,405,161,83,66,103,27
EKEZIOB01,2004,Obinna,Ekezie,ATL,N,42,732,230,69,110,179,11,22,12,45,129,182,79,93,72,1,0
ELSONFR01,2004,Francisco,Elson,DEN,N,67,939,248,61,139,200,34,34,41,40,129,216,101,79,45,3,1
ELYME01,2004,Melvin,Ely,CHR,N,79,1649,576,142,184,326,76,32,69,115,199,526,227,212,122,0,0
EMMETAN01,2004,Andre,Emmett,MEM,N,8,28,7,0,2,2,0,0,0,1,4,6,2,5,3,0,0
EVANSMA01,2004,Maurice,Evans,SAC,N,65,1233,416,88,113,201,45,37,8,34,104,373,165,78,59,82,27
EVANSRE01,2004,Reggie,Evans,SEA,N,79,1881,387,254,482,736,57,58,15,104,202,275,131,234,125,2,0
FINLEMI01,2004,Michael,Finley,DAL,N,64,2358,1003,45,217,262,169,48,18,60,123,907,387,136,113,285,116
FISHEDE01,2004,Derek,Fisher,GSW,N,74,2222,877,38,180,218,301,76,4,129,176,755,297,203,175,291,108
FIZERMA01,2004,Marcus,Fizer,MIL,N,54,903,336,29,146,175,64,25,13,63,97,292,133,103,70,6,0
FLORELU01,2004,Luis,Flores,GSW,N,15,73,32,0,2,2,11,2,0,11,9,27,13,2,2,9,4
FLORELU01,2004,Luis,Flores,DEN,N,1,4,3,1,0,1,0,0,0,0,0,2,1,0,0,1,1
FLORELU01,2004,Luis,Flores,TOT,N,16,77,35,1,2,3,11,2,0,11,9,29,14,2,2,10,5
FORTSDA01,2004,Danny,Fortson,SEA,N,62,1046,463,157,191,348,8,15,7,91,265,226,118,258,227,0,0
FOSTEJE01,2004,Jeff,Foster,IND,N,61,1594,426,205,345,550,43,46,12,55,186,324,168,142,90,5,0
FOWLKTR01,2004,Tremaine,Fowlkes,IND,N,8,55,19,3,5,8,0,2,0,5,7,17,9,2,0,3,1
FOYLEAD01,2004,Adonal,Foyle,GSW,N,78,1701,352,165,264,429,56,26,159,58,201,311,156,72,40,0,0
FRAHMRI01,2004,Richie,Frahm,POR,N,43,499,164,17,44,61,30,15,4,14,35,140,56,25,21,80,31
FRANCST01,2004,Steve,Francis,ORL,N,78,2978,1663,126,324,450,547,112,28,317,273,1330,563,606,499,127,38
FREIJMA01,2004,Matt,Freije,NOH,N,23,441,93,16,45,61,20,13,2,17,40,127,37,8,5,54,14
FUNDELA01,2004,Lawrence,Funderburke,CHI,N,2,21,9,1,2,3,0,0,0,0,2,6,3,5,3,0,0
GADZUDA01,2004,Dan,Gadzuric,MIL,N,81,1783,593,261,413,674,30,47,106,81,224,451,243,199,107,0,0
GAINERE01,2004,Reece,Gaines,HOU,N,10,108,26,0,11,11,3,3,0,4,12,27,10,4,3,12,3
GAINERE01,2004,Reece,Gaines,MIL,N,11,79,15,1,2,3,4,2,1,3,5,23,7,0,0,2,1
GAINERE01,2004,Reece,Gaines,TOT,N,21,187,41,1,13,14,7,5,1,7,17,50,17,4,3,14,4
GARCIAL01,2004,Alex,Garcia,NOH,N,8,146,44,7,8,15,18,4,1,8,15,52,18,4,3,18,5
GARNEKE01,2004,Kevin,Garnett,MIN,N,82,3121,1817,247,861,1108,466,121,112,222,207,1360,683,549,445,25,6
GARRIPA01,2004,Pat,Garrity,ORL,N,71,955,324,21,103,124,30,19,9,30,107,306,123,33,29,147,49
GASOLPA01,2004,Pau,Gasol,MEM,N,56,1790,997,130,280,410,135,37,93,137,146,695,357,367,282,6,1
GEORGDE01,2004,Devean,George,LAL,N,15,306,110,13,40,53,14,8,2,12,32,104,37,20,15,58,21
GILLED01,2004,Eddie,Gill,IND,N,73,1020,269,16,96,112,83,59,5,60,105,242,81,81,71,117,36
GILLKE01,2004,Kendall,Gill,MIL,N,14,284,85,11,26,37,27,14,4,9,37,80,32,20,18,9,3
GINOBEM01,2004,Emmanuel,Ginobili,SAS,N,74,2193,1186,75,254,329,288,119,27,172,190,780,367,442,355,258,97
GIRICGO01,2004,Gordan,Giricek,UTA,N,81,1660,715,25,157,182,137,46,11,90,155,632,283,137,111,105,38
GLOVEDI01,2004,Dion,Glover,SAS,N,7,68,25,3,8,11,4,3,3,2,9,22,8,10,8,8,1
GOLDWAN01,2004,Anthony,Goldwire,DET,N,9,55,18,1,7,8,0,0,0,1,5,15,4,8,7,9,3
GOLDWAN01,2004,Anthony,Goldwire,MIL,N,24,482,154,9,42,51,78,15,0,14,27,121,53,23,19,71,29
GOLDWAN01,2004,Anthony,Goldwire,TOT,N,33,537,172,10,49,59,78,15,0,15,32,136,57,31,26,80,32
GOODEDR01,2004,Drew,Gooden,CLE,N,82,2524,1184,207,546,753,130,77,76,133,233,943,464,310,251,28,5
GORDOBE01,2004,Ben,Gordon,CHI,N,82,2002,1235,55,160,215,164,53,10,186,224,1056,434,270,233,331,134
GRANTBR01,2004,Brian,Grant,LAL,N,69,1136,263,101,156,257,34,23,23,43,175,209,103,79,57,0,0
GREENWI01,2004,Willie,Green,PHI,N,57,1065,437,22,111,133,100,34,6,75,121,423,155,125,97,105,30
GRIFFAD01,2004,Adrian,Griffin,CHI,N,69,667,151,52,94,146,53,43,4,30,77,161,58,44,33,9,2
GRIFFED01,2004,Eddie,Griffin,MIN,N,70,1492,527,128,325,453,53,23,118,55,120,522,202,78,56,204,67
GUGLITO01,2004,Tom,Gugliotta,ATL,N,27,748,213,41,107,148,56,32,13,48,81,204,88,37,29,26,8
GUGLITO01,2004,Tom,Gugliotta,BOS,N,20,218,26,15,28,43,12,9,4,9,23,37,11,6,4,0,0
GUGLITO01,2004,Tom,Gugliotta,TOT,N,47,966,239,56,135,191,68,41,17,57,104,241,99,43,33,26,8
HAISLMA01,2004,Marcus,Haislip,IND,N,9,106,32,5,10,15,3,2,2,6,15,38,13,11,6,1,0
HAMDA01,2004,Darvin,Ham,DET,N,47,274,46,19,16,35,5,6,7,8,39,37,17,31,12,0,0
HAMILRI01,2004,Richard,Hamilton,DET,N,76,2927,1424,74,221,295,372,77,13,217,232,1160,510,429,368,118,36
HAMILZE01,2004,Zendon,Hamilton,MIL,N,16,159,51,18,24,42,6,5,2,12,26,32,11,48,29,0,0
HANDLBE01,2004,Ben,Handlogten,UTA,N,21,297,95,23,42,65,13,7,5,18,55,83,43,17,9,1,0
HARDAAN01,2004,Anfernee,Hardaway,NYK,N,37,894,269,19,70,89,74,28,3,50,79,260,110,46,34,50,15
HARPRMA01,2004,Matt,Harpring,UTA,N,78,2584,1090,196,284,480,142,70,16,133,250,855,418,315,245,43,9
HARRIAL01,2004,Al,Harrington,ATL,N,66,2550,1158,145,316,461,208,85,16,204,249,986,453,351,236,74,16
HARRIDA01,2004,David,Harrison,IND,N,43,760,264,48,87,135,13,16,55,53,134,184,106,91,52,0,0
HARRIDE01,2004,Devin,Harris,DAL,N,76,1173,436,28,74,102,169,77,19,82,139,366,157,103,78,131,44
HARRILO01,2004,Junior,Harrington,NOH,N,29,550,163,13,50,63,62,25,5,41,72,178,64,35,29,19,6
HARRILU01,2004,Lucious,Harris,CLE,N,73,1128,313,39,82,121,49,27,6,29,68,299,118,69,56,65,21
HARRIOT01,2004,Othella,Harrington,CHI,N,70,1271,561,106,186,292,56,24,18,84,189,424,217,177,127,0,0
HARTJA01,2004,Jason,Hart,CHR,N,74,1887,706,18,185,203,367,99,14,102,167,573,257,200,157,95,35
HARVEDO01,2004,Donnell,Harvey,NJN,N,3,16,8,2,5,7,1,1,1,1,2,2,2,4,4,0,0
HASLEUD01,2004,Udonis,Haslem,MIA,N,80,2675,870,239,487,726,108,63,41,113,260,641,346,225,178,4,0
HASSETR01,2004,Trenton,Hassell,MIN,N,82,2068,541,80,139,219,128,30,30,64,200,475,225,114,90,11,1
HAYESJA01,2004,Jarvis,Hayes,WAS,N,54,1560,553,41,186,227,90,49,9,62,107,531,206,118,99,124,42
HAYWOBR01,2004,Brendan,Haywood,WAS,N,68,1865,637,202,262,464,57,52,114,96,218,427,239,261,159,0,0
HENDEAL01,2004,Alan,Henderson,DAL,N,78,1203,273,164,184,348,21,29,37,49,149,220,116,76,41,2,0
HILARMA01,2004,Nene,Hilario,DEN,N,55,1317,528,104,221,325,84,50,48,94,167,386,194,212,140,2,0
HILLGR01,2004,Grant,Hill,ORL,N,67,2338,1317,77,241,318,220,97,28,161,144,1015,517,341,280,13,3
HINRIKI01,2004,Kirk,Hinrich,CHI,N,77,2800,1206,32,272,304,494,122,21,176,244,1121,445,216,171,408,145
HOIBEFR01,2004,Fred,Hoiberg,MIN,N,76,1272,437,32,149,181,85,50,15,20,105,284,139,102,89,145,70
HORRYRO01,2004,Robert,Horry,SAS,N,75,1396,451,91,177,268,80,67,60,69,138,375,157,109,86,138,51
HOUSEED01,2004,Eddie,House,SAC,N,50,550,237,14,47,61,67,18,3,22,39,214,98,14,13,62,28
HOUSEED01,2004,Eddie,House,CHR,N,13,300,144,2,17,19,24,24,3,13,23,135,61,13,10,29,12
HOUSEED01,2004,Eddie,House,MIL,N,5,41,16,0,3,3,5,2,0,0,3,17,6,0,0,6,4
HOUSEED01,2004,Eddie,House,TOT,N,68,891,397,16,67,83,96,44,6,35,65,366,165,27,23,97,44
HOUSTAL01,2004,Allan,Houston,NYK,N,20,532,237,4,19,23,42,8,2,21,40,205,85,43,36,80,31
HOWARDW01,2004,Dwight,Howard,ORL,N,82,2670,981,287,536,823,75,77,136,165,232,677,352,413,277,2,0
HOWARJO01,2004,Josh,Howard,DAL,N,76,2446,958,169,315,484,109,116,49,122,211,793,377,232,170,115,34
HOWARJU01,2004,Juwan,Howard,HOU,N,61,1624,585,126,220,346,94,32,5,79,143,541,244,115,97,1,0
HUDSOTR01,2004,Troy,Hudson,MIN,N,79,1729,691,19,86,105,283,27,6,113,121,664,266,90,70,258,89
HUGHELA01,2004,Larry,Hughes,WAS,N,61,2358,1345,74,308,382,285,176,18,153,168,1086,467,453,352,209,59
HUMPHKR01,2004,Kris,Humphries,UTA,N,67,873,278,73,124,197,43,25,18,52,96,287,116,101,44,6,2
HUMPHRY01,2004,Ryan,Humphrey,MEM,N,35,317,102,50,37,87,6,10,1,23,35,103,42,37,18,2,0
HUNTEBR01,2004,Brandon,Hunter,ORL,N,31,224,95,25,44,69,3,4,7,22,42,73,37,39,21,0,0
HUNTELI01,2004,Lindsey,Hunter,DET,N,76,1143,285,38,85,123,130,68,13,68,125,302,108,58,46,84,23
HUNTEST01,2004,Steven,Hunter,PHO,N,76,1046,348,98,129,227,13,4,102,44,131,220,135,163,78,1,0
IGUODAN01,2004,Andre,Iguodala,PHI,N,82,2686,741,89,375,464,246,138,48,139,204,546,269,210,156,142,47
ILGAUZY01,2004,Zydrunas,Ilgauskas,CLE,N,78,2615,1320,299,373,672,100,53,165,191,313,979,458,503,402,7,2
IVERSAL01,2004,Allen,Iverson,PHI,N,75,3174,2302,51,248,299,597,180,9,344,140,1818,771,786,656,338,104
IVEYRO01,2004,Royal,Ivey,ATL,N,62,809,220,19,65,84,103,39,7,58,140,198,85,67,47,9,3
JACKSBO01,2004,Bobby,Jackson,SAC,N,25,537,301,23,62,85,59,14,2,28,58,255,109,58,50,96,33
JACKSJE01,2004,Jermaine,Jackson,NYK,N,21,230,42,3,20,23,24,7,1,10,26,33,17,13,8,2,0
JACKSJI01,2004,Jimmy,Jackson,PHO,N,40,997,352,23,131,154,97,12,4,59,86,299,130,25,24,148,68
JACKSJI01,2004,Jimmy,Jackson,HOU,N,24,990,320,10,105,115,86,23,1,56,67,283,118,33,30,147,54
JACKSJI01,2004,Jimmy,Jackson,TOT,N,64,1987,672,33,236,269,183,35,5,115,153,582,248,58,54,295,122
JACKSLU02,2004,Luke,Jackson,CLE,N,10,43,29,2,4,6,3,0,0,2,4,27,10,6,5,6,4
JACKSMA02,2004,Marc,Jackson,PHI,N,81,1976,969,184,222,406,81,32,18,131,171,731,340,349,289,2,0
JACKSST02,2004,Stephen,Jackson,IND,N,51,1806,953,44,206,250,119,64,14,123,154,819,330,229,190,286,103
JACOBCA01,2004,Casey,Jacobsen,NOH,N,44,1030,335,18,82,100,76,22,7,44,48,251,100,130,103,88,32
JACOBCA01,2004,Casey,Jacobsen,PHO,N,40,768,212,17,50,67,37,11,1,27,56,157,65,62,48,89,34
JACOBCA01,2004,Casey,Jacobsen,TOT,N,84,1798,547,35,132,167,113,33,8,71,104,408,165,192,151,177,66
JAMESJE01,2004,Jerome,James,SEA,N,80,1330,395,81,160,241,18,26,109,88,276,342,174,65,47,2,0
JAMESLE01,2004,LeBron,James,CLE,N,80,3388,2175,111,477,588,577,177,52,262,146,1684,795,636,477,308,108
JAMESMI01,2004,Mike,James,HOU,N,27,692,336,12,74,86,78,25,2,26,60,291,126,55,42,107,42
JAMESMI01,2004,Mike,James,MIL,N,47,1167,535,23,99,122,185,40,4,80,114,460,205,90,67,152,58
JAMESMI01,2004,Mike,James,TOT,N,74,1859,871,35,173,208,263,65,6,106,174,751,331,145,109,259,100
JAMISAN01,2004,Antawn,Jamison,WAS,N,68,2605,1334,160,359,519,154,55,16,118,151,1189,519,296,225,208,71
JARICMA01,2004,Marko,Jaric,LAC,N,50,1658,493,20,141,161,303,84,17,98,107,457,189,82,59,151,56
JEFFEAL01,2004,Al,Jefferson,BOS,N,71,1051,475,119,193,312,24,22,55,66,195,369,195,135,85,3,0
JEFFERI01,2004,Richard,Jefferson,NJN,N,33,1355,733,49,191,240,133,33,17,132,109,564,238,269,227,89,30
JEFFRJA01,2004,Jared,Jeffries,WAS,N,77,2007,523,152,222,374,151,66,35,114,206,434,203,173,101,51,16
JENKIHO01,2004,Horace,Jenkins,DET,N,15,104,42,3,6,9,9,5,1,7,6,45,15,13,12,9,0
JOHNSAN02,2004,Anthony,Johnson,IND,N,63,1748,532,32,147,179,302,59,15,96,144,456,203,113,85,108,41
JOHNSBR01,2004,Britton,Johnsen,IND,N,6,87,12,5,5,10,4,1,0,3,10,22,6,0,0,4,0
JOHNSDE03,2004,DerMarr,Johnson,DEN,N,71,1232,503,43,108,151,75,43,18,65,140,371,185,101,80,148,53
JOHNSER01,2004,Ervin,Johnson,MIN,N,46,410,73,43,70,113,6,7,13,18,86,54,28,25,16,1,1
JOHNSJO02,2004,Joe,Johnson,PHO,N,82,3240,1400,120,302,422,291,79,24,148,167,1179,544,180,135,370,177
JOHNSLI01,2004,Linton,Johnson,SAS,N,2,15,0,0,3,3,0,1,0,1,1,2,0,0,0,1,0
JONESDA01,2004,Damon,Jones,MIA,N,82,2576,957,14,217,231,350,44,5,98,121,727,332,86,68,521,225
JONESDA02,2004,Dahntay,Jones,MEM,N,52,649,233,11,58,69,21,13,11,29,81,190,83,64,44,60,23
JONESED01,2004,Eddie,Jones,MIA,N,80,2839,1016,38,367,405,212,86,38,99,251,819,350,216,174,382,142
JONESFR01,2004,Freddie,Jones,IND,N,77,2268,813,34,208,242,196,61,31,114,171,647,275,207,176,229,87
JONESJA02,2004,James,Jones,IND,N,75,1331,371,39,135,174,57,31,28,43,123,318,126,62,53,166,66
JONESJU01,2004,Jumaine,Jones,LAL,N,76,1831,577,107,291,398,65,44,24,49,165,486,210,75,55,261,102
JONESMA03,2004,Mark,Jones,ORL,N,10,116,23,6,7,13,6,5,2,3,16,31,9,10,5,4,0
KAMANCH01,2004,Chris,Kaman,LAC,N,63,1632,572,135,288,423,73,26,68,115,182,495,246,121,80,1,0
KAPONJA01,2004,Jason,Kapono,CHR,N,81,1493,688,32,132,164,61,40,6,46,132,671,269,85,70,194,80
KASUNMA01,2004,Mario,Kasun,ORL,N,45,356,118,52,76,128,8,8,13,26,86,98,47,43,24,1,0
KHRYAVI01,2004,Viktor,Khryapa,POR,N,32,523,135,28,80,108,25,20,18,33,80,124,54,42,23,11,4
KIDDJA01,2004,Jason,Kidd,NJN,N,66,2436,951,94,394,488,545,123,9,167,110,855,340,192,142,358,129
KIRILAN01,2004,Andrei,Kirilenko,UTA,N,41,1349,640,89,166,255,132,67,136,90,101,420,207,259,203,77,23
KITTLKE01,2004,Kerry,Kittles,LAC,N,11,243,69,1,31,32,20,8,3,7,12,73,28,10,6,21,7
KNIGHBR01,2004,Brevin,Knight,CHR,N,66,1944,666,21,149,170,591,131,5,147,192,587,248,196,167,20,3
KNIGHBR02,2004,Brandin,Knight,HOU,N,1,3,0,0,0,0,1,0,0,0,0,1,0,0,0,0,0
KORVEKY01,2004,Kyle,Korver,PHI,N,82,2667,942,40,339,379,182,103,32,106,265,759,317,96,82,558,226
KRSTINE01,2004,Nenad,Krstic,NJN,N,75,1964,747,161,240,401,77,32,63,112,280,570,281,255,185,2,0
KUKOCTO01,2004,Toni,Kukoc,MIL,N,53,1099,296,31,129,160,160,39,13,64,70,256,105,61,44,116,42
KUTLUIB01,2004,Ibrahim,Kutluay,SEA,N,5,12,0,0,1,1,0,0,0,2,1,1,0,0,0,0,0
LAETTCH01,2004,Christian,Laettner,MIA,N,49,739,260,36,95,131,41,32,15,29,78,184,107,59,45,7,1
LAFRERA01,2004,Raef,LaFrentz,BOS,N,80,2196,884,154,399,553,98,42,99,70,262,688,341,148,120,225,82
LAMPEMA01,2004,Maciej,Lampe,NOH,N,21,261,71,15,42,57,10,4,5,7,31,83,32,10,7,1,0
LAMPEMA01,2004,Maciej,Lampe,PHO,N,16,119,44,9,23,32,1,1,2,10,20,49,17,12,8,3,2
LAMPEMA01,2004,Maciej,Lampe,TOT,N,37,380,115,24,65,89,11,5,7,17,51,132,49,22,15,4,2
LENARVO01,2004,Voshon,Lenard,DEN,N,3,54,29,0,6,6,6,1,0,2,2,26,10,8,5,12,4
LEWISRA01,2004,Rashard,Lewis,SEA,N,71,2696,1457,110,278,388,94,75,62,123,158,1151,532,283,220,432,173
LIVINRA01,2004,Randy,Livingston,UTA,N,17,227,64,3,9,12,45,12,2,14,28,52,22,17,15,8,5
LIVINSH01,2004,Shaun,Livingston,LAC,N,30,812,222,22,67,89,151,32,11,75,82,215,89,59,44,2,0
LOPEZRA01,2004,Raul,Lopez,UTA,N,31,518,161,7,32,39,123,22,3,47,78,135,57,33,27,45,20
LUETY01,2004,Tyronn,Lue,HOU,N,21,479,125,0,40,40,58,8,0,24,48,122,48,18,14,45,15
LUETY01,2004,Tyronn,Lue,ATL,N,49,1528,662,14,95,109,264,25,0,81,120,532,247,147,128,110,40
LUETY01,2004,Tyronn,Lue,TOT,N,70,2007,787,14,135,149,322,33,0,105,168,654,295,165,142,155,55
LYNCHGE01,2004,George,Lynch,NOH,N,44,933,164,55,119,174,88,32,12,57,83,189,68,23,17,37,11
MADSEMA01,2004,Mark,Madsen,MIN,N,41,601,88,63,65,128,18,7,14,24,103,66,34,40,20,0,0
MAGGECO01,2004,Corey,Maggette,LAC,N,66,2436,1464,70,324,394,225,70,8,195,191,986,425,657,563,168,51
MAGLOJA01,2004,Jamaal,Magloire,NOH,N,23,703,270,79,126,205,29,8,23,59,74,227,98,123,74,0,0
MARBUST01,2004,Stephon,Marbury,NYK,N,82,3281,1781,50,198,248,668,122,6,233,186,1308,604,549,458,325,115
MARIOSH01,2004,Shawn,Marion,PHO,N,81,3146,1569,235,680,915,154,163,119,125,199,1289,613,275,229,341,114
MARKSSE01,2004,Sean,Marks,SAS,N,23,244,76,18,38,56,8,3,11,14,29,80,27,28,22,3,0
MARSHDO01,2004,Donyell,Marshall,TOR,N,65,1645,747,95,333,428,81,57,46,42,136,592,262,91,72,363,151
MARTIDA01,2004,Darrick,Martin,LAC,N,11,190,42,3,7,10,28,6,0,6,19,50,16,8,5,18,5
MARTIKE01,2004,Kenyon,Martin,DEN,N,70,2272,1087,146,365,511,170,100,78,149,228,907,444,308,199,12,0
MARTIKE02,2004,Kevin,Martin,SAC,N,45,455,131,29,29,58,22,16,3,24,35,117,45,55,36,25,5
MASONDE01,2004,Desmond,Mason,MIL,N,80,2893,1377,85,227,312,217,58,27,164,198,1079,478,524,420,8,1
MASSETO01,2004,Tony,Massenburg,SAS,N,61,699,196,54,109,163,14,18,20,40,122,182,74,63,48,0,0
MBENGDJ01,2004,D.J.,Mbenga,DAL,N,15,58,15,3,5,8,0,0,5,5,13,14,6,4,3,0,0
MCCARWA01,2004,Walter,McCarty,BOS,N,44,553,162,21,56,77,26,15,9,17,85,150,62,15,8,90,30
MCCARWA01,2004,Walter,McCarty,PHO,N,28,353,98,8,53,61,11,10,6,19,59,85,33,14,7,65,25
MCCARWA01,2004,Walter,McCarty,TOT,N,72,906,260,29,109,138,37,25,15,36,144,235,95,29,15,155,55
MCCOYJE01,2004,Jelani,McCoy,ATL,N,10,88,15,7,14,21,0,3,8,6,24,13,7,5,1,0,0
MCDYEAN01,2004,Antonio,McDyess,DET,N,77,1797,740,177,305,482,71,46,52,93,204,598,307,192,126,1,0
MCGRATR01,2004,Tracy,McGrady,HOU,N,78,3182,2003,71,413,484,448,135,52,201,167,1660,715,557,431,435,142
MCINNJE01,2004,Jeff,McInnis,CLE,N,76,2651,975,32,125,157,391,56,1,117,177,915,377,160,130,264,91
MCKIEAA01,2004,Aaron,McKie,PHI,N,68,1118,152,20,152,172,103,48,17,31,116,142,61,16,10,62,20
MCLEOKE01,2004,Keith,McLeod,UTA,N,53,1382,416,20,93,113,236,63,12,99,138,408,143,146,112,72,18
MEDVEST01,2004,Slava,Medvedenko,LAL,N,43,423,165,31,48,79,13,9,2,13,64,156,71,28,23,1,0
MERCERO01,2004,Ron,Mercer,NJN,N,18,390,137,9,31,40,20,16,2,14,20,158,65,10,7,3,0
MIHMCH01,2004,Chris,Mihm,LAL,N,75,1869,735,197,305,502,50,14,108,110,237,552,280,258,175,2,0
MILESDA01,2004,Darius,Miles,POR,N,63,1698,809,71,228,299,129,75,78,157,189,697,336,215,129,23,8
MILICDA01,2004,Darko,Milicic,DET,N,37,254,67,3,40,43,7,2,17,16,31,76,25,24,17,0,0
MILLEAN01,2004,Anthony,Miller,ATL,N,2,9,4,0,1,1,1,1,0,1,2,3,2,0,0,0,0
MILLEAN02,2004,Andre,Miller,DEN,N,82,2852,1113,100,238,338,569,121,8,220,204,895,427,302,253,39,6
MILLEBR01,2004,Brad,Miller,SAC,N,56,2090,876,139,382,521,220,69,68,82,181,609,319,287,233,19,5
MILLEMI01,2004,Mike,Miller,MEM,N,76,2278,1022,36,264,300,220,54,23,127,197,766,387,150,108,323,140
MILLERE01,2004,Reggie,Miller,IND,N,66,2106,974,18,138,156,146,50,5,77,109,719,314,268,250,298,96
MINGYA01,2004,Yao,Ming,HOU,N,80,2447,1465,208,461,669,61,34,160,196,298,975,538,497,389,0,0
MOBLECU01,2004,Cuttino,Mobley,ORL,N,23,726,369,11,52,63,42,23,9,41,49,296,128,69,55,125,58
MOBLECU01,2004,Cuttino,Mobley,SAC,N,43,1663,765,34,132,166,146,51,21,92,103,636,280,136,113,217,92
MOBLECU01,2004,Cuttino,Mobley,TOT,N,66,2389,1134,45,184,229,188,74,30,133,152,932,408,205,168,342,150
MOHAMNA01,2004,Nazr,Mohammed,TOT,N,77,1933,731,247,339,586,34,58,86,108,236,602,289,227,153,1,0
MOHAMNA01,2004,Nazr,Mohammed,SAS,N,23,414,142,78,69,147,8,5,33,27,64,142,55,56,32,0,0
MOHAMNA01,2004,Nazr,Mohammed,NYK,N,54,1519,589,169,270,439,26,53,53,81,172,460,234,171,121,1,0
MOISOJE01,2004,Jerome,Moiso,CLE,N,4,27,6,1,6,7,1,1,2,0,4,5,3,0,0,0,0
MOISOJE01,2004,Jerome,Moiso,TOR,N,8,69,14,6,17,23,0,2,3,6,7,9,3,9,8,1,0
MOISOJE01,2004,Jerome,Moiso,NJN,N,8,24,8,3,4,7,0,0,1,1,2,4,3,4,2,0,0
MOISOJE01,2004,Jerome,Moiso,TOT,N,20,120,28,10,27,37,1,3,6,7,13,18,9,13,10,1,0
MOOREMI01,2004,Mikki,Moore,LAC,N,74,1177,396,97,149,246,47,19,32,63,173,287,144,136,107,5,1
MOURNAL01,2004,Alonzo,Mourning,MIA,N,19,245,95,22,49,71,4,3,33,12,32,62,32,55,31,0,0
MOURNAL01,2004,Alonzo,Mourning,NJN,N,18,457,187,31,96,127,14,5,41,45,50,150,68,86,51,0,0
MOURNAL01,2004,Alonzo,Mourning,TOT,N,37,702,282,53,145,198,18,8,74,57,82,212,100,141,82,0,0
MURPHTR01,2004,Troy,Murphy,GSW,N,70,2375,1076,251,505,756,97,53,33,108,190,947,392,319,233,148,59
MURRALA01,2004,Lamond,Murray,TOR,N,62,918,371,44,120,164,47,32,16,54,85,310,132,80,61,105,46
MURRARO01,2004,Ronald,Murray,SEA,N,49,882,345,15,83,98,65,30,11,57,59,363,131,80,59,95,24
MUTOMDI01,2004,Dikembe,Mutombo,HOU,N,80,1212,322,150,276,426,10,16,101,51,135,217,108,143,106,0,0
NACHBBO01,2004,Bostjan,Nachbar,HOU,N,16,204,49,4,26,30,9,1,0,5,30,43,15,12,9,21,10
NACHBBO01,2004,Bostjan,Nachbar,NOH,N,55,1137,445,20,132,152,65,28,16,68,153,367,146,105,88,175,65
NACHBBO01,2004,Bostjan,Nachbar,TOT,N,71,1341,494,24,158,182,74,29,16,73,183,410,161,117,97,196,75
NAILOLE01,2004,Lee,Nailon,NOH,N,68,2017,963,128,170,298,109,36,16,110,190,869,415,165,133,2,0
NAJERED01,2004,Eduardo,Najera,GSW,N,42,609,175,53,65,118,37,18,10,32,71,172,70,45,29,15,6
NAJERED01,2004,Eduardo,Najera,DEN,N,26,575,179,49,76,125,28,23,14,29,77,150,75,46,29,6,0
NAJERED01,2004,Eduardo,Najera,TOT,N,68,1184,354,102,141,243,65,41,24,61,148,322,145,91,58,21,6
NASHST01,2004,Steve,Nash,PHO,N,75,2573,1165,57,192,249,861,74,6,245,136,857,430,238,211,218,94
NDIAYMA02,2004,Mamadou,N'Diaye,LAC,N,11,72,20,9,9,18,1,1,5,0,20,20,8,7,4,1,0
NELSOJA01,2004,Jameer,Nelson,ORL,N,79,1612,689,52,141,193,237,78,3,117,199,628,286,107,73,141,44
NESTERA01,2004,Radoslav,Nesterovic,SAS,N,70,1785,410,184,275,459,71,31,117,73,207,430,198,30,14,0,0
NEWBLIR01,2004,Ira,Newble,CLE,N,74,1833,438,78,142,220,91,50,18,61,144,424,182,69,55,53,19
NOCIOAN01,2004,Andres,Nocioni,CHI,N,81,1891,677,69,317,386,122,37,34,135,208,601,241,222,170,97,25
NORRIMO01,2004,Moochie,Norris,HOU,N,6,39,8,1,3,4,5,1,0,2,2,16,3,2,2,0,0
NORRIMO01,2004,Moochie,Norris,NYK,N,32,321,82,9,33,42,34,17,2,25,42,93,32,22,18,12,0
NORRIMO01,2004,Moochie,Norris,TOT,N,38,360,90,10,36,46,39,18,2,27,44,109,35,24,20,12,0
NOWITDI01,2004,Dirk,Nowitzki,DAL,N,78,3020,2032,96,661,757,240,97,119,176,219,1445,663,708,615,228,91
ODOMLA01,2004,Lamar,Odom,LAL,N,64,2320,975,134,519,653,238,42,65,161,211,774,366,298,207,117,36
OKAFOEM01,2004,Emeka,Okafor,CHR,N,73,2599,1105,275,520,795,64,62,125,125,214,1003,448,343,209,1,0
OKURME01,2004,Mehmet,Okur,UTA,N,82,2304,1054,194,422,616,166,32,68,141,227,756,354,387,329,63,17
OLLIEKE01,2004,Kevin,Ollie,PHI,N,26,158,28,3,16,19,19,5,0,6,16,31,11,9,6,0,0
OLOWOMI01,2004,Michael,Olowokandi,MIN,N,62,1215,368,106,218,324,29,15,56,68,193,353,161,69,46,0,0
ONEAJE01,2004,Jermaine,O'Neal,IND,N,44,1530,1068,85,303,388,82,25,88,131,173,854,386,391,295,6,1
ONEASH01,2004,Shaquille,O'Neal,MIA,N,73,2492,1669,253,507,760,200,36,171,203,262,1095,658,765,353,0,0
OSTERGR01,2004,Greg,Ostertag,SAC,N,56,556,87,55,112,167,37,7,40,24,88,84,37,38,13,2,0
OUTLABO01,2004,Charles,Outlaw,PHO,N,39,214,29,16,37,53,13,6,12,8,29,34,12,9,5,0,0
OUTLATR01,2004,Travis,Outlaw,POR,N,59,793,319,40,81,121,35,30,40,39,77,267,133,75,49,10,4
PACHUZA01,2004,Zaza,Pachulia,MIL,N,74,1397,458,131,247,378,60,44,34,70,166,354,160,185,138,1,0
PADGESC01,2004,Scott,Padgett,HOU,N,66,942,275,47,138,185,55,33,10,30,119,233,98,40,29,126,50
PALACMI01,2004,Milt,Palacio,TOR,N,80,1533,467,26,108,134,279,48,13,104,126,392,175,155,115,12,2
PARGOJA01,2004,Jannero,Pargo,CHI,N,32,453,204,12,35,47,76,16,1,45,53,213,82,23,17,66,23
PARKETO01,2004,Tony,Parker,SAS,N,80,2736,1331,47,251,298,491,98,4,215,167,1118,539,323,210,156,43
PARKEWI01,2004,Smush,Parker,PHO,N,5,34,15,2,1,3,4,2,0,9,3,15,7,0,0,4,1
PARKEWI01,2004,Smush,Parker,DET,N,11,110,33,2,7,9,11,3,0,10,13,28,11,13,9,9,2
PARKEWI01,2004,Smush,Parker,TOT,N,16,144,48,4,8,12,15,5,0,19,16,43,18,13,9,13,3
PATTERU01,2004,Ruben,Patterson,POR,N,70,1957,809,126,147,273,138,106,21,143,164,601,319,282,169,25,2
PAVLOAL01,2004,Aleksandar,Pavlovic,CLE,N,65,862,314,15,56,71,49,29,4,47,121,276,120,64,44,78,30
PAYTOGA01,2004,Gary,Payton,BOS,N,77,2542,873,48,188,236,469,88,12,148,121,725,339,201,153,129,42
PEELEAN01,2004,Anthony,Peeler,WAS,N,40,529,153,14,51,65,57,18,2,28,39,150,56,18,16,65,25
PENNEKI01,2004,Kirk,Penney,LAC,N,4,12,2,0,1,1,1,0,0,2,0,3,1,0,0,1,0
PERKIKE01,2004,Kendrick,Perkins,BOS,N,60,548,149,53,123,176,21,9,37,43,98,119,56,58,37,0,0
PERSOWE01,2004,Wesley,Person,MIA,N,16,206,62,1,21,22,11,6,0,7,6,57,25,4,4,21,8
PERSOWE01,2004,Wesley,Person,DEN,N,25,461,202,2,59,61,28,13,4,10,24,169,82,9,5,68,33
PERSOWE01,2004,Wesley,Person,TOT,N,41,667,264,3,80,83,39,19,4,17,30,226,107,13,9,89,41
PETERMO01,2004,Morris,Peterson,TOR,N,82,2510,1029,71,269,340,169,91,18,93,219,848,356,226,188,335,129
PIATKER01,2004,Eric,Piatkowski,CHI,N,68,842,324,15,64,79,51,29,1,37,67,258,111,56,45,134,57
PIERCPA01,2004,Paul,Pierce,BOS,N,82,2960,1769,78,461,539,348,133,39,230,255,1223,556,668,549,292,108
PIETRMI01,2004,Mickael,Pietrus,GSW,N,67,1340,636,65,124,189,82,46,18,92,139,501,214,202,141,195,67
PLANIZO01,2004,Zoran,Planinic,NJN,N,43,515,217,19,50,69,44,25,0,41,76,174,78,66,46,40,15
PODKOPA01,2004,Pavel,Podkolzine,DAL,N,5,10,1,0,2,2,0,0,0,2,4,0,0,2,1,0,0
POLLASC01,2004,Scot,Pollard,IND,N,49,865,191,85,120,205,18,30,24,31,123,167,79,49,33,0,0
POPEMA01,2004,Mark,Pope,DEN,N,9,27,4,5,3,8,1,1,2,1,5,6,2,0,0,0,0
POSEYJA01,2004,James,Posey,MEM,N,50,1382,405,45,174,219,88,48,23,69,134,356,127,111,96,178,55
POTAPVI01,2004,Vitaly,Potapenko,SEA,N,33,335,117,30,48,78,9,7,3,12,53,87,45,31,27,1,0
PRINCTA01,2004,Tayshaun,Prince,DET,N,82,3039,1206,133,302,435,247,56,71,135,161,963,469,274,221,138,47
PROFILA01,2004,LaRon,Profit,WAS,N,42,428,136,24,52,76,37,16,5,27,44,128,56,25,16,28,8
PRZYBJO01,2004,Joel,Przybilla,POR,N,76,1858,488,178,410,588,74,24,163,98,239,333,199,174,90,0,0
RADMAVL01,2004,Vladimir,Radmanovic,SEA,N,63,1856,741,52,237,289,86,57,31,80,172,650,266,103,81,329,128
RADOJAL01,2004,Alek,Radojevic,UTA,N,12,128,19,9,19,28,6,0,2,15,32,19,6,10,7,0,0
RAMOSPE01,2004,Peter,Ramos,WAS,N,6,20,11,1,3,4,0,0,1,3,4,10,5,2,1,0,0
RANDOZA01,2004,Zach,Randolph,POR,N,46,1603,871,142,300,442,86,34,17,112,112,741,332,254,207,6,0
RATLITH01,2004,Theo,Ratliff,POR,N,63,1731,304,111,220,331,34,23,158,56,183,257,115,107,74,0,0
REBRAZE01,2004,Zeljko,Rebraca,LAC,N,58,928,339,49,135,184,26,13,40,49,130,234,133,85,73,0,0
REDDMI01,2004,Michael,Redd,MIL,N,75,2848,1723,72,240,312,172,63,8,133,152,1418,625,432,369,293,104
REEDJU01,2004,Justin,Reed,BOS,N,23,121,41,8,8,16,10,3,1,5,12,29,15,15,11,3,0
REINEJA01,2004,Jared,Reiner,CHI,N,19,132,21,13,25,38,1,3,7,9,35,30,10,4,1,0,0
RICHAJA01,2004,Jason,Richardson,GSW,N,72,2724,1559,125,299,424,281,105,32,169,156,1368,610,309,214,370,125
RICHAQU01,2004,Quentin,Richardson,PHO,N,79,2839,1176,91,388,479,158,96,27,102,197,1045,407,184,136,631,226
RIDNOLU01,2004,Luke,Ridnour,SEA,N,82,2572,824,55,149,204,483,94,22,149,185,739,299,180,159,178,67
ROBINBE01,2004,Bernard,Robinson Jr.,CHR,N,31,328,93,14,34,48,30,11,4,20,42,81,36,26,18,8,3
ROBINCL02,2004,Cliff,Robinson,NJN,N,29,598,174,23,72,95,30,18,14,25,74,169,61,39,27,66,25
ROBINCL02,2004,Cliff,Robinson,GSW,N,42,1090,359,31,83,114,74,44,39,41,107,354,141,58,35,127,42
ROBINCL02,2004,Cliff,Robinson,TOT,N,71,1688,533,54,155,209,104,62,53,66,181,523,202,97,62,193,67
ROBINGL01,2004,Glenn,Robinson,SAS,N,9,157,90,4,20,24,8,4,3,7,19,77,34,23,20,6,2
ROGERRO01,2004,Rodney,Rogers,PHI,N,28,485,169,33,71,104,26,22,8,20,69,161,63,28,20,76,23
ROGERRO01,2004,Rodney,Rogers,NOH,N,30,882,275,28,114,142,60,19,12,66,103,289,109,42,32,92,25
ROGERRO01,2004,Rodney,Rogers,TOT,N,58,1367,444,61,185,246,86,41,20,86,172,450,172,70,52,168,48
ROSEJA01,2004,Jalen,Rose,TOR,N,81,2710,1495,44,232,276,209,63,10,180,190,1159,527,390,333,274,108
ROSEMA01,2004,Malik,Rose,SAS,N,50,862,317,95,132,227,41,31,9,56,124,267,124,99,69,4,0
ROSEMA01,2004,Malik,Rose,NYK,N,26,613,217,34,80,114,18,15,7,46,84,174,74,87,68,6,1
ROSEMA01,2004,Malik,Rose,TOT,N,76,1475,534,129,212,341,59,46,16,102,208,441,198,186,137,10,1
ROSSQU01,2004,Quinton,Ross,LAC,N,78,1659,397,59,151,210,109,51,22,54,165,373,161,110,74,4,1
RUFFIMI01,2004,Michael,Ruffin,WAS,N,79,1262,111,157,175,332,64,43,41,44,193,99,41,67,29,1,0
RUSHKA01,2004,Kareem,Rush,CHR,N,34,878,390,17,62,79,65,18,6,44,67,386,153,46,35,127,49
RUSHKA01,2004,Kareem,Rush,LAL,N,14,91,12,3,7,10,3,2,1,3,7,20,4,2,2,10,2
RUSHKA01,2004,Kareem,Rush,TOT,N,48,969,402,20,69,89,68,20,7,47,74,406,157,48,37,137,51
RUSSEBR01,2004,Bryon,Russell,DEN,N,70,1026,307,50,122,172,72,44,11,35,130,252,95,77,61,149,56
SALMOJO01,2004,John,Salmons,PHI,N,58,993,236,12,109,121,114,40,13,51,92,210,85,48,35,91,31
SAMPSJA01,2004,Jamal,Sampson,CHR,N,23,329,79,36,86,122,8,4,17,17,53,62,28,39,23,0,0
SANTIDA01,2004,Daniel,Santiago,MIL,N,11,105,22,6,13,19,1,3,4,4,28,21,7,11,8,0,0
SCALABR01,2004,Brian,Scalabrine,NJN,N,54,1167,339,83,161,244,88,34,18,66,111,332,132,69,53,68,22
SESAYAN01,2004,Ansu,Sesay,GSW,N,16,128,49,18,20,38,12,2,3,8,16,42,17,24,13,8,2
SEUNGHA01,2004,Ha,Seung-Jin,POR,N,19,104,26,6,12,18,2,1,5,12,21,23,10,11,6,0,0
SHIRLPA01,2004,Paul,Shirley,PHO,N,9,30,12,1,1,2,3,0,0,1,3,11,5,4,2,0,0
SIMMOBO01,2004,Bobby,Simmons,LAC,N,75,2799,1229,128,318,446,205,106,16,135,227,1017,474,273,231,115,50
SKINNBR01,2004,Brian,Skinner,PHI,N,24,246,49,23,39,62,5,5,6,13,29,57,22,17,5,1,0
SKINNBR01,2004,Brian,Skinner,SAC,N,25,695,184,84,134,218,38,26,43,27,73,148,82,53,20,0,0
SKINNBR01,2004,Brian,Skinner,TOT,N,49,941,233,107,173,280,43,31,49,40,102,205,104,70,25,1,0
SLAYTA01,2004,Tamar,Slay,CHR,N,8,77,28,6,8,14,3,5,0,8,20,39,13,2,0,12,2
SMITHDO05,2004,Donta,Smith,ATL,N,38,433,127,19,33,52,39,23,5,25,50,113,44,48,33,22,6
SMITHJA01,2004,Jabari,Smith,NJN,N,45,648,166,29,82,111,38,25,14,39,103,148,62,55,41,2,1
SMITHJO01,2004,Joe,Smith,MIL,N,74,2265,813,179,362,541,67,43,38,79,222,621,319,228,175,1,0
SMITHJO03,2004,Josh,Smith,ATL,N,74,2050,715,147,310,457,127,59,144,135,157,602,274,237,163,23,4
SMITHJR01,2004,J.R.,Smith,NOH,N,76,1859,782,39,113,152,142,55,11,109,135,748,295,161,111,281,81
SMITHST01,2004,Steve,Smith,MIA,N,13,114,23,2,14,16,14,2,0,3,8,30,9,3,2,15,3
SMITHST01,2004,Steve,Smith,CHR,N,37,635,291,13,36,49,57,12,7,24,74,218,93,77,67,90,38
SMITHST01,2004,Steve,Smith,TOT,N,50,749,314,15,50,65,71,14,7,27,82,248,102,80,69,105,41
SMITHTH01,2004,Theron,Smith,CHR,N,33,510,105,39,77,116,28,6,4,27,58,136,44,16,14,12,3
SNOWER01,2004,Eric,Snow,CLE,N,81,1844,322,37,118,155,317,67,16,89,189,327,125,80,59,45,13
SNYDEKI01,2004,Kirk,Snyder,UTA,N,68,906,338,50,71,121,36,26,19,58,116,328,122,96,64,85,30
SONGADA01,2004,Darius,Songaila,SAC,N,81,1669,608,125,219,344,114,51,18,70,206,488,257,111,94,3,0
SOWPA01,2004,Pape,Sow,TOR,N,27,255,62,18,39,57,2,12,4,10,46,58,23,27,16,0,0
SPREWLA01,2004,Latrell,Sprewell,MIN,N,80,2450,1021,65,189,254,179,53,21,127,124,961,398,188,156,211,69
STACKJE01,2004,Jerry,Stackhouse,DAL,N,56,1617,833,38,145,183,127,53,10,106,104,662,274,298,253,120,32
STEVEDE01,2004,DeShawn,Stevenson,ORL,N,55,1089,429,38,64,102,69,16,9,57,73,426,174,101,56,67,25
STEWAMI01,2004,Michael,Stewart,ATL,N,12,145,25,21,19,40,5,6,5,6,32,21,11,7,3,0,0
STOJAPR01,2004,Predrag,Stojakovic,SAC,N,66,2533,1329,62,223,285,138,79,12,102,157,1016,451,275,253,433,174
STOREAW01,2004,Awvee,Storey,NJN,N,9,32,8,4,1,5,1,0,0,0,3,10,3,2,1,2,1
STOUDAM01,2004,Amare,Stoudemire,PHO,N,80,2889,2080,219,494,713,131,77,130,189,278,1336,747,795,583,16,3
STOUDDA01,2004,Damon,Stoudamire,POR,N,81,2762,1277,56,254,310,458,87,2,163,158,1165,457,199,182,490,181
STRICER01,2004,Erick,Strickland,MIL,N,62,1014,301,11,92,103,115,30,1,64,102,304,114,64,52,83,21
STRICRO01,2004,Rod,Strickland,HOU,N,16,196,28,3,24,27,39,3,2,16,15,43,9,10,9,2,1
SUNDOBR01,2004,Bruno,Sundov,NYK,N,21,73,25,6,7,13,2,2,2,6,16,37,11,2,2,3,1
SURABO01,2004,Bob,Sura,HOU,N,61,1922,626,79,258,337,317,65,7,147,168,504,215,188,141,155,55
SWEETMI01,2004,Mike,Sweetney,NYK,N,77,1509,650,169,249,418,44,27,28,108,224,446,237,235,176,1,0
SWIFTRO01,2004,Robert,Swift,SEA,N,16,72,15,1,4,5,2,1,7,4,16,11,5,9,5,0,0
SWIFTST01,2004,Stromile,Swift,MEM,N,60,1279,604,92,181,273,43,41,92,90,182,488,219,219,166,4,0
SZCZEWA01,2004,Wally,Szczerbiak,MIN,N,81,2558,1253,82,221,303,191,40,16,132,178,919,465,304,260,169,63
TABUSYU01,2004,Yuta,Tabuse,PHO,N,4,17,7,2,2,4,3,0,0,1,1,6,1,4,4,1,1
TAYLOMA01,2004,Maurice,Taylor,NYK,N,27,431,176,26,67,93,14,11,8,31,57,154,76,43,24,1,0
TAYLOMA01,2004,Maurice,Taylor,HOU,N,38,905,296,41,123,164,53,16,12,63,123,292,127,60,39,8,3
TAYLOMA01,2004,Maurice,Taylor,TOT,N,65,1336,472,67,190,257,67,27,20,94,180,446,203,103,63,9,3
TELFASE01,2004,Sebastian,Telfair,POR,N,68,1330,460,10,94,104,224,35,4,125,120,430,169,133,105,69,17
TERRYJA01,2004,Jason,Terry,DAL,N,80,2401,993,38,150,188,429,109,15,147,177,743,372,173,146,245,103
THOMABI01,2004,Billy,Thomas,NJN,N,25,356,92,7,29,36,17,14,1,9,29,94,34,9,7,56,17
THOMAET01,2004,Etan,Thomas,WAS,N,47,976,332,85,159,244,20,17,51,50,133,255,128,144,76,0,0
THOMAJA02,2004,James,Thomas,POR,N,9,112,24,15,20,35,4,4,4,7,12,18,11,6,2,0,0
THOMAJA02,2004,James,Thomas,ATL,N,2,5,2,2,0,2,0,0,0,0,1,2,1,0,0,0,0
THOMAJA02,2004,James,Thomas,TOT,N,11,117,26,17,20,37,4,4,4,7,13,20,12,6,2,0,0
THOMAJO01,2004,John,Thomas,MIN,N,44,521,111,39,58,97,17,15,13,18,82,86,42,46,27,0,0
THOMAKE01,2004,Kenny,Thomas,PHI,N,48,1345,530,106,202,308,77,40,6,83,151,476,217,119,95,4,1
THOMAKE01,2004,Kenny,Thomas,SAC,N,26,822,378,78,149,227,75,27,11,48,76,305,150,108,78,1,0
THOMAKE01,2004,Kenny,Thomas,TOT,N,74,2167,908,184,351,535,152,67,17,131,227,781,367,227,173,5,1
THOMAKU01,2004,Kurt,Thomas,NYK,N,80,2855,916,170,661,831,160,70,79,99,310,901,424,84,66,4,2
THOMATI01,2004,Tim,Thomas,NYK,N,71,1940,851,45,192,237,110,41,17,113,222,718,315,173,136,208,85
TINSLJA01,2004,Jamaal,Tinsley,IND,N,40,1301,616,26,134,160,257,81,12,134,112,522,218,164,122,156,58
TRAYLRO01,2004,Robert,Traylor,CLE,N,74,1326,409,136,196,332,61,54,50,73,215,399,177,102,55,8,0
TSAKAIA01,2004,Iakovos,Tsakalidis,MEM,N,31,278,78,21,35,56,10,3,16,12,42,64,32,18,14,0,0
TSKITNI01,2004,Nikoloz,Tskitishvili,DEN,N,23,158,34,11,18,29,4,8,8,14,24,51,15,7,4,7,0
TSKITNI01,2004,Nikoloz,Tskitishvili,GSW,N,12,62,16,1,11,12,6,0,3,5,9,23,7,0,0,10,2
TSKITNI01,2004,Nikoloz,Tskitishvili,TOT,N,35,220,50,12,29,41,10,8,11,19,33,74,22,7,4,17,2
TURKOHI01,2004,Hidayet,Turkoglu,ORL,N,67,1757,937,62,171,233,153,41,18,119,140,782,328,225,188,245,93
UDRIHBE01,2004,Beno,Udrih,SAS,N,80,1149,471,16,67,83,150,41,10,77,96,390,173,89,67,142,58
VANEXNI01,2004,Nick,Van Exel,POR,N,53,1619,586,20,141,161,227,44,0,92,70,561,214,74,58,257,100
VANHOKE01,2004,Keith,Van Horn,MIL,N,33,818,342,55,110,165,41,21,11,47,82,285,128,65,56,78,30
VANHOKE01,2004,Keith,Van Horn,DAL,N,29,684,354,34,95,129,34,15,10,34,88,279,129,92,72,64,24
VANHOKE01,2004,Keith,Van Horn,TOT,N,62,1502,696,89,205,294,75,36,21,81,170,564,257,157,128,142,54
VAREJAN01,2004,Anderson,Varejao,CLE,N,54,863,266,109,148,257,27,41,38,26,122,193,99,127,68,2,0
VAUGHJA01,2004,Jacque,Vaughn,NJN,N,71,1410,373,17,90,107,135,41,1,62,138,325,146,91,76,15,5
VOSKUJA01,2004,Jake,Voskuhl,PHO,N,38,360,80,30,62,92,17,4,11,20,60,59,27,38,26,0,0
VROMAJA01,2004,Jackson,Vroman,NOH,N,36,648,196,59,103,162,33,22,17,57,94,183,76,68,44,3,0
VROMAJA01,2004,Jackson,Vroman,PHO,N,10,57,16,5,8,13,7,3,2,7,11,16,6,7,4,0,0
VROMAJA01,2004,Jackson,Vroman,TOT,N,46,705,212,64,111,175,40,25,19,64,105,199,82,75,48,3,0
VUJACSA01,2004,Sasha,Vujacic,LAL,N,35,403,101,13,49,62,51,12,2,15,41,117,33,19,18,64,17
WADEDW01,2004,Dwyane,Wade,MIA,N,77,2974,1854,110,287,397,520,121,82,321,230,1318,630,762,581,45,13
WAGNEDA02,2004,Dajuan,Wagner,CLE,N,11,102,44,0,2,2,13,5,0,9,15,55,18,4,3,26,5
WALKEAN01,2004,Antoine,Walker,ATL,N,53,2128,1082,126,371,497,194,64,32,183,147,1013,420,294,157,268,85
WALKEAN01,2004,Antoine,Walker,BOS,N,24,827,391,56,142,198,71,25,26,70,70,364,161,79,44,73,25
WALKEAN01,2004,Antoine,Walker,TOT,N,77,2955,1473,182,513,695,265,89,58,253,217,1377,581,373,201,341,110
WALKESA01,2004,Samaki,Walker,WAS,N,14,134,24,8,10,18,4,3,7,8,25,31,11,3,2,0,0
WALLABE01,2004,Ben,Wallace,DET,N,74,2672,721,292,610,902,123,106,176,80,159,651,295,304,130,9,1
WALLAGE01,2004,Gerald,Wallace,CHR,N,70,2147,780,118,268,386,137,117,91,159,182,637,286,289,191,62,17
WALLARA01,2004,Rasheed,Wallace,DET,N,79,2686,1145,174,470,644,142,65,115,129,236,1062,467,195,136,236,75
WALTOLU01,2004,Luke,Walton,LAL,N,61,768,198,55,87,142,93,26,11,58,70,180,74,48,34,61,16
WANGZH01,2004,Wang,Zhi-Zhi,MIA,N,20,92,43,6,12,18,5,3,2,5,9,36,17,12,7,3,2
WARDCH01,2004,Charlie,Ward,HOU,N,14,360,75,6,33,39,43,15,0,18,22,77,24,13,11,51,16
WATSOEA01,2004,Earl,Watson,MEM,N,80,1808,615,35,129,164,359,83,19,167,184,554,236,138,91,163,52
WEATHCL01,2004,Clarence,Weatherspoon,HOU,N,40,525,123,35,87,122,17,9,6,15,74,114,47,35,29,0,0
WEBBECH01,2004,Chris,Webber,PHI,N,21,702,328,36,129,165,66,26,19,49,70,366,143,49,38,15,4
WEBBECH01,2004,Chris,Webber,SAC,N,46,1668,978,94,353,447,252,68,34,133,144,917,412,179,143,29,11
WEBBECH01,2004,Chris,Webber,TOT,N,67,2370,1306,130,482,612,318,94,53,182,214,1283,555,228,181,44,15
WELLSBO01,2004,Bonzi,Wells,MEM,N,69,1489,721,49,180,229,80,85,27,90,165,617,272,188,141,104,36
WELSCJI01,2004,Jiri,Welsch,CLE,N,16,191,46,6,22,28,19,5,0,15,16,51,12,28,20,11,2
WELSCJI01,2004,Jiri,Welsch,BOS,N,55,1125,415,20,119,139,84,39,4,58,105,321,137,141,109,99,32
WELSCJI01,2004,Jiri,Welsch,TOT,N,71,1316,461,26,141,167,103,44,4,73,121,372,149,169,129,110,34
WESLEDA01,2004,David,Wesley,TOT,N,80,2774,948,38,190,228,265,96,9,113,215,840,334,189,162,315,118
WESLEDA01,2004,David,Wesley,HOU,N,54,1840,587,26,117,143,156,61,8,59,150,498,201,113,95,235,90
WESLEDA01,2004,David,Wesley,NOH,N,26,934,361,12,73,85,109,35,1,54,65,342,133,76,67,80,28
WESTDA01,2004,David,West,NOH,N,30,552,186,40,89,129,23,12,16,37,62,172,75,50,34,5,2
WESTDE01,2004,Delonte,West,BOS,N,39,507,175,14,51,65,53,21,8,24,69,155,66,27,19,67,24
WHITEJA01,2004,Jahidi,White,CHR,N,17,135,42,11,23,34,1,2,12,11,31,31,14,40,14,0,0
WHITERO02,2004,Rodney,White,DEN,N,42,531,236,20,54,74,36,30,10,27,51,227,98,34,21,44,19
WHITERO02,2004,Rodney,White,GSW,N,16,146,57,4,11,15,8,2,1,10,13,62,23,10,6,16,5
WHITERO02,2004,Rodney,White,TOT,N,58,677,293,24,65,89,44,32,11,37,64,289,121,44,27,60,24
WILCOCH01,2004,Chris,Wilcox,LAC,N,54,1006,426,63,165,228,38,26,24,77,129,329,169,144,88,0,0
WILKIDA02,2004,Damien,Wilkins,SEA,N,29,521,183,29,37,66,26,22,10,16,55,168,73,34,21,59,16
WILKSMI01,2004,Mike,Wilks,SAS,N,48,277,81,4,21,25,33,14,1,14,26,77,32,16,12,16,5
WILLIAA01,2004,Aaron,Williams,TOR,N,23,165,36,10,19,29,2,1,3,6,45,36,15,7,6,0,0
WILLIAA01,2004,Aaron,Williams,NJN,N,19,150,37,7,24,31,6,4,5,11,25,27,14,10,9,0,0
WILLIAA01,2004,Aaron,Williams,TOT,N,42,315,73,17,43,60,8,5,8,17,70,63,29,17,15,0,0
WILLICO02,2004,Corliss,Williamson,TOT,N,72,1526,741,104,155,259,78,38,15,86,218,584,273,244,195,2,0
WILLICO02,2004,Corliss,Williamson,PHI,N,48,1056,518,73,105,178,43,26,12,60,144,417,194,165,130,2,0
WILLICO02,2004,Corliss,Williamson,SAC,N,24,470,223,31,50,81,35,12,3,26,74,167,79,79,65,0,0
WILLIER01,2004,Eric,Williams,TOR,N,34,583,159,16,61,77,50,22,2,26,67,145,55,53,38,33,11
WILLIER01,2004,Eric,Williams,NJN,N,21,739,265,28,67,95,42,16,2,34,80,185,87,108,74,40,17
WILLIER01,2004,Eric,Williams,TOT,N,55,1322,424,44,128,172,92,38,4,60,147,330,142,161,112,73,28
WILLIFR02,2004,Frank,Williams,CHI,N,9,71,6,2,4,6,11,2,3,3,9,20,3,0,0,4,0
WILLIJA02,2004,Jason,Williams,MEM,N,71,1952,719,19,103,122,399,75,5,130,91,644,266,101,80,330,107
WILLIJE01,2004,Jerome,Williams,NYK,N,79,1211,359,115,168,283,41,55,10,65,155,243,122,172,115,5,0
WILLIKE01,2004,Kevin,Willis,ATL,N,29,344,87,29,47,76,9,8,7,15,53,90,35,23,17,2,0
WILLIMA01,2004,Maurice,Williams,MIL,N,80,2254,814,50,194,244,484,74,11,196,221,737,323,160,136,99,32
WILLISC01,2004,Scott,Williams,CLE,N,19,152,33,15,15,30,8,4,6,5,30,41,12,11,9,1,0
WOODSLO01,2004,Loren,Woods,TOR,N,45,712,176,81,139,220,17,8,39,37,78,164,71,59,34,1,0
WOODSQY01,2004,Qyntel,Woods,MIA,N,3,40,10,2,4,6,0,4,0,2,6,12,5,0,0,0,0
WRIGHDO01,2004,Dorell,Wright,MIA,N,3,27,7,0,1,1,3,4,0,3,2,11,3,1,1,4,0
WRIGHLO02,2004,Lorenzen,Wright,MEM,N,80,2287,771,177,436,613,87,58,69,100,251,683,320,198,131,3,0
ABDURSH01,2005,Shareef,Abdur-Rahim,SAC,N,72,1958,887,106,251,357,149,48,42,108,227,632,332,278,218,22,5
ACKERAL01,2005,Alex,Acker,DET,N,5,35,9,1,4,5,4,1,0,4,4,16,4,0,0,5,1
ALLENMA01,2005,Malik,Allen,CHI,N,53,699,266,44,96,140,20,14,16,34,92,247,121,38,23,1,1
ALLENRA02,2005,Ray,Allen,SEA,N,78,3023,1955,71,261,332,286,105,16,188,151,1500,681,359,324,653,269
ALLENTO01,2005,Tony,Allen,BOS,N,51,979,369,32,79,111,67,51,18,67,126,274,129,134,100,34,11
ALSTORA01,2005,Rafer,Alston,HOU,N,63,2431,761,36,219,255,425,101,15,157,194,738,280,143,99,312,102
ANDERAL01,2005,Alan,Anderson,CHR,N,36,563,207,23,47,70,32,11,4,32,48,181,75,41,33,58,24
ANDERCH01,2005,Chris,Andersen,NOO,N,32,568,161,61,94,155,6,8,41,26,84,98,56,103,49,0,0
ANDERDE01,2005,Derek,Anderson,HOU,N,20,582,216,12,71,83,53,15,4,37,49,173,68,73,61,67,19
ANDERDE01,2005,Derek,Anderson,MIA,N,23,466,133,9,51,60,48,8,2,17,49,130,40,38,32,67,21
ANDERDE01,2005,Derek,Anderson,TOT,N,43,1048,349,21,122,143,101,23,6,54,98,303,108,111,93,134,40
ANDERSH01,2005,Shandon,Anderson,MIA,N,48,640,126,18,63,81,30,17,6,24,75,126,54,18,13,19,5
ANDRIMA01,2005,Martynas,Andriuskevicius,CLE,N,6,10,0,1,3,4,0,2,0,0,1,1,0,0,0,0,0
ANTHOCA01,2005,Carmelo,Anthony,DEN,N,80,2939,2122,122,272,394,216,88,42,218,230,1572,756,709,573,152,37
ARAUJRA01,2005,Rafael,Araujo,TOR,N,53,618,125,44,101,145,21,25,6,42,104,152,55,28,15,2,0
ARENAGI01,2005,Gilbert,Arenas,WAS,N,80,3381,2346,59,221,280,484,161,25,297,286,1668,746,799,655,540,199
ARIZATR01,2005,Trevor,Ariza,ORL,N,21,290,99,29,52,81,15,14,2,16,22,80,32,50,35,2,0
ARIZATR01,2005,Trevor,Ariza,NYK,N,36,711,165,49,88,137,46,43,9,46,78,146,61,77,42,3,1
ARIZATR01,2005,Trevor,Ariza,TOT,N,57,1001,264,78,140,218,61,57,11,62,100,226,93,127,77,5,1
ARMSTDA01,2005,Darrell,Armstrong,DAL,N,62,621,130,18,63,81,86,27,3,58,71,128,43,42,33,48,11
ARROYCA01,2005,Carlos,Arroyo,ORL,N,27,596,291,9,51,60,77,19,1,38,42,221,111,79,64,14,5
ARROYCA01,2005,Carlos,Arroyo,DET,N,50,599,158,24,46,70,155,19,3,45,77,157,57,58,42,6,2
ARROYCA01,2005,Carlos,Arroyo,TOT,N,77,1195,449,33,97,130,232,38,4,83,119,378,168,137,106,20,7
ARTESRO01,2005,Ron,Artest,TOT,N,56,2210,984,75,211,286,203,122,41,131,164,867,350,305,206,253,78
ARTESRO01,2005,Ron,Artest,IND,N,16,606,310,26,52,78,35,42,11,43,45,237,109,121,74,54,18
ARTESRO01,2005,Ron,Artest,SAC,N,40,1604,674,49,159,208,168,80,30,88,119,630,241,184,132,199,60
ATKINCH01,2005,Chucky,Atkins,MEM,N,43,1159,491,11,64,75,129,29,2,57,94,399,160,132,107,182,64
ATKINCH01,2005,Chucky,Atkins,WAS,N,28,553,187,12,33,45,69,14,0,30,58,174,66,31,22,92,33
ATKINCH01,2005,Chucky,Atkins,TOT,N,71,1712,678,23,97,120,198,43,2,87,152,573,226,163,129,274,97
AUGMOST01,2005,Stacey,Augmon,ORL,N,36,389,71,18,35,53,23,12,6,11,40,73,25,30,21,0,0
BAKERVI01,2005,Vin,Baker,LAC,N,8,84,27,2,17,19,4,4,4,9,13,15,7,18,13,0,0
BANKSMA01,2005,Marcus,Banks,BOS,N,18,268,99,4,15,19,32,7,0,23,38,80,33,30,27,19,6
BANKSMA01,2005,Marcus,Banks,MIN,N,40,1227,479,19,97,116,188,47,11,96,124,388,186,117,91,44,16
BANKSMA01,2005,Marcus,Banks,TOT,N,58,1495,578,23,112,135,220,54,11,119,162,468,219,147,118,63,22
BARBOLE01,2005,Leandrinho,Barbosa,PHO,N,57,1591,744,31,119,150,158,48,6,89,145,567,273,147,111,196,87
BARNEMA02,2005,Matt,Barnes,PHI,N,50,540,149,41,56,97,22,16,7,24,92,110,59,43,29,11,2
BARNEMA02,2005,Matt,Barnes,NYK,N,6,92,26,7,17,24,6,4,0,6,8,30,11,4,3,4,1
BARNEMA02,2005,Matt,Barnes,TOT,N,56,632,175,48,73,121,28,20,7,30,100,140,70,47,32,15,3
BARREAN01,2005,Andre,Barrett,TOT,N,19,282,87,9,16,25,52,10,0,15,13,104,38,12,9,14,2
BARREAN01,2005,Andre,Barrett,TOR,N,17,261,78,8,14,22,50,10,0,14,12,97,35,9,6,13,2
BARREAN01,2005,Andre,Barrett,PHO,N,2,21,9,1,2,3,2,0,0,1,1,7,3,3,3,1,0
BARROEA01,2005,Earl,Barron,MIA,N,8,46,13,2,8,10,0,0,0,5,10,16,5,4,3,0,0
BARRYBR01,2005,Brent,Barry,SAS,N,74,1255,431,29,130,159,123,39,27,52,99,345,156,59,39,202,80
BARRYJO01,2005,Jon,Barry,HOU,N,20,341,86,1,30,31,26,13,1,22,25,65,25,29,24,32,12
BASDEED01,2005,Eddie,Basden,CHI,N,19,144,39,7,21,28,8,9,2,9,17,37,15,10,8,7,1
BASSBR01,2005,Brandon,Bass,NOO,N,29,267,68,18,50,68,3,3,7,11,18,70,28,19,12,0,0
BATISES01,2005,Esteban,Batista,ATL,N,58,500,101,61,83,144,7,15,11,38,111,80,34,53,33,1,0
BATTISH01,2005,Shane,Battier,MEM,N,81,2843,818,164,265,429,136,92,114,90,223,621,303,208,147,165,65
BATTITO01,2005,Tony,Battie,ORL,N,82,2215,649,146,311,457,49,46,69,88,250,552,280,134,89,6,0
BAXTELO01,2005,Lonny,Baxter,CHR,N,18,120,36,7,26,33,2,2,1,7,8,32,12,16,12,0,0
BAXTELO01,2005,Lonny,Baxter,HOU,N,23,281,82,38,46,84,2,9,7,13,48,72,33,19,16,0,0
BAXTELO01,2005,Lonny,Baxter,TOT,N,41,401,118,45,72,117,4,11,8,20,56,104,45,35,28,0,0
BELLCH01,2005,Charlie,Bell,MIL,N,59,1282,494,21,99,120,130,59,5,41,126,410,180,89,63,168,71
BELLRA01,2005,Raja,Bell,PHO,N,79,2957,1162,44,209,253,207,76,22,89,248,930,425,146,115,446,197
BENDEJO01,2005,Jonathan,Bender,IND,N,2,21,10,0,4,4,2,0,1,0,2,5,4,2,2,0,0
BIBBYMI01,2005,Mike,Bibby,SAC,N,82,3167,1728,29,211,240,444,82,10,199,169,1382,597,403,342,497,192
BIEDRAN01,2005,Andris,Biedrins,GSW,N,68,995,258,124,159,283,24,23,47,34,190,185,118,72,22,0,0
BILLUCH01,2005,Chauncey,Billups,DET,N,81,2925,1495,41,211,252,699,71,8,170,160,1012,423,520,465,425,184
BLAKEST01,2005,Steve,Blake,POR,N,68,1783,560,26,120,146,306,42,5,83,107,470,206,91,72,184,76
BLATCAN01,2005,Andray,Blatche,WAS,N,29,177,65,12,26,38,10,5,7,12,36,67,26,12,10,13,3
BLOUNMA01,2005,Mark,Blount,BOS,N,39,1085,485,36,126,162,66,15,36,120,107,380,194,127,97,0,0
BLOUNMA01,2005,Mark,Blount,MIN,N,42,1157,429,60,143,203,33,25,40,74,147,354,179,95,71,0,0
BLOUNMA01,2005,Mark,Blount,TOT,N,81,2242,914,96,269,365,99,40,76,194,254,734,373,222,168,0,0
BOGANKE01,2005,Keith,Bogans,TOT,N,72,1912,622,55,200,255,128,71,9,90,167,544,215,186,127,200,65
BOGANKE01,2005,Keith,Bogans,CHR,N,39,848,341,29,77,106,45,39,3,41,78,288,114,105,80,98,33
BOGANKE01,2005,Keith,Bogans,HOU,N,33,1064,281,26,123,149,83,32,6,49,89,256,101,81,47,102,32
BOGUTAN01,2005,Andrew,Bogut,MIL,N,82,2348,768,189,384,573,192,49,68,125,259,606,323,194,122,3,0
BONNEMA01,2005,Matt,Bonner,TOR,N,78,1711,583,86,198,284,56,49,31,32,216,467,209,76,63,243,102
BOOTHCA01,2005,Calvin,Booth,WAS,N,33,252,46,19,33,52,12,9,9,8,44,47,20,9,5,2,1
BOOZECA01,2005,Carlos,Boozer,UTA,N,33,1026,537,73,212,285,88,30,8,69,105,399,219,137,99,0,0
BOSHCH01,2005,Chris,Bosh,TOR,N,70,2753,1572,204,443,647,181,50,79,157,209,1087,549,581,474,13,0
BOWENBR01,2005,Bruce,Bowen,SAS,N,82,2751,619,35,285,320,126,79,30,67,191,536,232,84,51,245,104
BOWENRY01,2005,Ryan,Bowen,HOU,N,68,651,88,31,57,88,24,21,6,13,85,124,37,14,11,22,3
BOYKIEA01,2005,Earl,Boykins,DEN,N,60,1545,756,21,60,81,230,48,4,83,73,661,271,174,152,179,62
BRADLMI01,2005,Michael,Bradley,PHI,N,46,368,67,40,67,107,17,5,7,19,39,79,32,3,2,5,1
BRANDEL01,2005,Elton,Brand,LAC,N,79,3099,1953,236,554,790,208,81,201,173,227,1435,756,568,440,3,1
BREZEPR01,2005,Primoz,Brezec,CHR,N,79,2169,982,181,259,440,45,19,32,85,227,791,409,224,164,2,0
BROWNDE02,2005,Devin,Brown,UTA,N,81,1710,611,73,134,207,104,44,14,99,153,527,207,212,158,118,39
BROWNKW01,2005,Kwame,Brown,LAL,N,72,1979,536,182,291,473,72,27,46,100,196,388,204,235,128,1,0
BROWNPJ01,2005,P.J.,Brown,NOO,N,75,2382,677,182,365,547,90,46,50,90,216,583,269,168,139,0,0
BRUNSRI01,2005,Rick,Brunson,SEA,N,4,31,10,0,2,2,2,0,0,3,1,8,5,0,0,1,0
BRUNSRI01,2005,Rick,Brunson,HOU,N,23,218,44,1,19,20,33,8,1,19,21,46,16,12,7,12,5
BRUNSRI01,2005,Rick,Brunson,TOT,N,27,249,54,1,21,22,35,8,1,22,22,54,21,12,7,13,5
BRYANKO01,2005,Kobe,Bryant,LAL,N,80,3274,2832,71,354,425,360,147,30,250,233,2173,978,819,696,518,180
BUCKNGR01,2005,Greg,Buckner,DEN,N,73,1754,491,31,178,209,127,87,20,52,180,417,181,55,43,243,86
BURKEPA01,2005,Pat,Burke,PHO,N,42,347,141,21,52,73,16,6,13,33,62,127,63,21,13,7,2
BURKSAN01,2005,Antonio,Burks,MEM,N,57,572,113,4,33,37,76,20,0,36,45,144,51,23,10,6,1
BURLEKE01,2005,Kevin,Burleson,CHR,N,39,342,70,4,22,26,48,26,2,25,63,88,22,17,16,54,10
BUTLECA01,2005,Caron,Butler,WAS,N,75,2706,1318,114,352,466,186,127,18,175,238,1086,494,332,289,120,41
BUTLEJA01,2005,Jackie,Butler,NYK,N,55,741,292,67,116,183,25,17,31,62,127,215,117,77,58,0,0
BUTLERA01,2005,Rasual,Butler,NOO,N,79,1876,685,51,181,232,40,33,45,65,142,633,257,114,79,242,92
BYNUMAN01,2005,Andrew,Bynum,LAL,N,46,337,74,34,46,80,9,4,22,17,56,82,33,27,8,0,0
BYNUMWI01,2005,Will,Bynum,GSW,N,15,162,54,3,9,12,19,7,0,14,10,52,21,16,10,9,2
CABARZA01,2005,Zarko,Cabarkapa,GSW,N,61,506,199,37,74,111,20,13,7,35,87,174,67,84,60,20,5
CALDEJO01,2005,Jose,Calderon,TOR,N,64,1485,349,30,111,141,288,42,4,101,93,312,132,92,78,43,7
CAMBYMA01,2005,Marcus,Camby,DEN,N,56,1854,716,132,536,668,115,79,184,92,158,649,302,156,111,11,1
CARDIBR01,2005,Brian,Cardinal,MEM,N,36,402,124,11,44,55,33,23,0,27,65,111,46,27,19,29,13
CARROMA01,2005,Matt,Carroll,CHR,N,78,1276,594,34,123,157,35,47,11,48,120,476,192,168,138,185,72
CARTEAN01,2005,Anthony,Carter,MIN,N,45,592,150,9,53,62,101,24,9,40,71,137,53,55,40,15,4
CARTEVI01,2005,Vince,Carter,NJN,N,79,2907,1911,135,327,462,338,94,53,213,235,1518,653,601,480,367,125
CASSESA01,2005,Sam,Cassell,LAC,N,78,2656,1345,40,247,287,491,74,11,175,225,1112,493,335,289,190,70
CATOKE01,2005,Kelvin,Cato,ORL,N,23,300,88,19,44,63,2,6,10,16,48,72,31,35,26,0,0
CATOKE01,2005,Kelvin,Cato,DET,N,4,34,10,1,6,7,2,0,2,2,4,12,5,0,0,0,0
CATOKE01,2005,Kelvin,Cato,TOT,N,27,334,98,20,50,70,4,6,12,18,52,84,36,35,26,0,0
CHANDTY01,2005,Tyson,Chandler,CHI,N,79,2120,417,265,449,714,81,41,104,123,298,283,160,193,97,1,0
CHEANCA01,2005,Calbert,Cheaney,GSW,N,42,450,92,20,41,61,19,13,2,17,38,108,42,8,8,8,0
CHILDJO01,2005,Josh,Childress,ATL,N,74,2249,742,134,253,387,131,86,39,101,184,504,278,201,154,65,32
CHRISDO01,2005,Doug,Christie,DAL,N,7,185,26,2,11,13,14,9,1,6,10,26,9,12,8,1,0
CLAXTSP01,2005,Craig,Claxton,NOO,N,71,2021,871,39,154,193,339,108,6,154,177,735,304,320,246,63,17
CLEAVMA01,2005,Mateen,Cleaves,SEA,N,27,232,73,2,12,14,42,3,2,14,30,71,25,24,19,16,4
COLLIJA03,2005,Jason,Collins,NJN,N,71,1894,255,93,249,342,70,46,40,61,251,262,104,86,44,12,3
COLLIJA04,2005,Jarron,Collins,UTA,N,79,1730,415,134,199,333,97,36,27,61,252,280,129,219,157,0,0
COLLINI01,2005,Nick,Collison,SEA,N,66,1447,493,143,225,368,74,21,35,77,213,394,207,113,79,3,0
COOKBR01,2005,Brian,Cook,LAL,N,81,1532,642,88,186,274,74,37,32,61,205,511,261,101,84,84,36
CRAWFJA01,2005,Jamal,Crawford,NYK,N,79,2554,1128,36,212,248,301,87,15,175,150,879,366,357,295,293,101
CROSHAU01,2005,Austin,Croshere,IND,N,50,1147,408,62,203,265,62,22,7,48,105,285,132,102,90,140,54
CURRYED01,2005,Eddy,Curry,NYK,N,72,1868,979,145,287,432,19,28,56,179,239,597,336,486,307,0,0
DALEMSA01,2005,Samuel,Dalembert,PHI,N,66,1761,485,159,382,541,25,34,160,107,244,369,196,132,93,1,0
DAMPIER01,2005,Erick,Dampier,DAL,N,82,1928,469,273,367,640,51,27,106,115,263,347,171,215,127,0,0
DANIEAN01,2005,Antonio,Daniels,WAS,N,79,2284,767,19,153,172,284,52,8,89,96,550,230,336,284,101,23
DANIEMA01,2005,Marquis,Daniels,DAL,N,62,1764,634,81,143,224,172,67,13,100,143,512,246,183,138,19,4
DAVISAN01,2005,Antonio,Davis,NYK,N,36,753,181,75,97,172,14,20,9,43,99,159,68,61,45,1,0
DAVISAN01,2005,Antonio,Davis,TOR,N,8,191,35,15,21,36,7,3,1,8,26,31,14,20,7,0,0
DAVISAN01,2005,Antonio,Davis,TOT,N,44,944,216,90,118,208,21,23,10,51,125,190,82,81,52,1,0
DAVISBA01,2005,Baron,Davis,GSW,N,54,1974,967,45,191,236,480,89,14,159,165,861,335,289,195,324,102
DAVISDA01,2005,Dale,Davis,DET,N,28,179,26,21,32,53,6,0,9,4,23,24,9,15,8,1,0
DAVISJO02,2005,Josh,Davis,HOU,N,1,0,0,0,0,0,0,0,0,0,1,0,0,0,0,0,0
DAVISJO02,2005,Josh,Davis,PHO,N,1,5,4,1,0,1,0,1,0,0,0,3,1,3,2,1,0
DAVISJO02,2005,Josh,Davis,MIL,N,4,12,2,2,1,3,1,1,0,1,2,4,1,0,0,1,0
DAVISJO02,2005,Josh,Davis,TOT,N,6,17,6,3,1,4,1,2,0,1,3,7,2,3,2,2,0
DAVISRI01,2005,Ricky,Davis,TOT,N,78,3214,1516,65,286,351,394,91,17,213,190,1304,584,345,275,242,73
DAVISRI01,2005,Ricky,Davis,MIN,N,36,1463,689,25,139,164,173,42,8,98,99,595,255,181,146,117,33
DAVISRI01,2005,Ricky,Davis,BOS,N,42,1751,827,40,147,187,221,49,9,115,91,709,329,164,129,125,40
DELFICA01,2005,Carlos,Delfino,DET,N,68,730,247,28,85,113,44,21,15,36,86,226,91,67,45,60,20
DELKTO01,2005,Tony,Delk,DET,N,23,375,180,13,38,51,33,13,1,19,28,160,71,25,18,47,20
DELKTO01,2005,Tony,Delk,ATL,N,1,7,2,1,1,2,0,0,0,0,0,1,0,2,2,0,0
DELKTO01,2005,Tony,Delk,TOT,N,24,382,182,14,39,53,33,13,1,19,28,161,71,27,20,47,20
DENGLU01,2005,Luol,Deng,CHI,N,78,2603,1112,127,389,516,147,72,50,105,128,954,442,276,207,78,21
DIAWBO01,2005,Boris,Diaw,PHO,N,81,2875,1080,159,399,558,503,58,85,189,260,853,449,238,174,30,8
DICKADA01,2005,Dan,Dickau,BOS,N,19,236,62,5,11,16,40,11,1,18,40,46,17,18,18,20,10
DIENETR01,2005,Travis,Diener,ORL,N,23,246,88,4,17,21,16,7,0,10,22,69,29,6,5,57,25
DIOGUIK01,2005,Ike,Diogu,GSW,N,69,1035,486,95,134,229,29,15,30,78,164,334,175,168,136,0,0
DIOPDE01,2005,DeSagana,Diop,DAL,N,81,1510,190,145,229,374,23,44,146,36,253,154,75,72,39,2,1
DIXONJU01,2005,Juan,Dixon,POR,N,76,1923,935,30,147,177,149,58,6,113,157,821,357,194,156,170,65
DOLEAMI01,2005,Michael,Doleac,MIA,N,31,371,98,23,62,85,8,10,7,14,45,88,37,30,24,0,0
DOOLIKE01,2005,Keyon,Dooling,ORL,N,50,1139,470,11,67,78,109,49,4,82,116,405,178,121,101,43,13
DUHONCH01,2005,Chris,Duhon,CHI,N,74,2157,647,28,192,220,373,70,3,117,152,538,215,143,117,278,100
DUNCATI01,2005,Tim,Duncan,SAS,N,80,2789,1485,231,650,881,253,70,162,198,219,1185,574,533,335,5,2
DUNLEMI02,2005,Mike,Dunleavy Jr.,GSW,N,81,2581,932,78,321,399,237,60,32,120,199,816,331,252,196,260,74
DUPRERO01,2005,Ronald,Dupree,MIN,N,36,266,80,21,28,49,14,12,0,14,44,63,33,41,14,1,0
EDWARJO01,2005,John,Edwards,ATL,N,40,296,70,18,30,48,5,3,15,12,76,64,31,11,8,0,0
EISLEHO01,2005,Howard,Eisley,DEN,N,19,281,92,2,17,19,44,8,2,18,23,86,30,24,20,38,12
EISLEHO01,2005,Howard,Eisley,LAC,N,13,113,9,1,13,14,25,3,0,3,11,17,4,0,0,4,1
EISLEHO01,2005,Howard,Eisley,TOT,N,32,394,101,3,30,33,69,11,2,21,34,103,34,24,20,42,13
ELLISMO01,2005,Monta,Ellis,GSW,N,49,888,334,22,83,105,78,32,11,58,69,318,132,59,42,82,28
ELSONFR01,2005,Francisco,Elson,DEN,N,72,1579,352,99,240,339,47,54,45,65,211,284,151,74,49,5,1
ELYME01,2005,Melvin,Ely,CHR,N,57,1350,560,94,183,277,76,29,44,100,160,425,216,192,128,2,0
EVANSMA01,2005,Maurice,Evans,DET,N,80,1139,403,76,87,163,60,41,15,39,122,341,154,65,52,116,43
EVANSRE01,2005,Reggie,Evans,SEA,N,41,788,242,114,162,276,23,24,5,41,95,173,88,120,66,1,0
EVANSRE01,2005,Reggie,Evans,DEN,N,26,604,135,57,169,226,15,16,5,44,71,95,43,97,49,0,0
EVANSRE01,2005,Reggie,Evans,TOT,N,67,1392,377,171,331,502,38,40,10,85,166,268,131,217,115,1,0
EWINGDA01,2005,Daniel,Ewing,LAC,N,65,960,246,23,62,85,84,37,6,56,84,250,95,45,35,76,21
FELIXNO01,2005,Noel,Felix,SEA,N,12,82,18,3,10,13,2,2,3,8,13,25,6,8,5,3,1
FELTORA01,2005,Raymond,Felton,CHR,N,80,2402,950,77,188,265,446,102,8,182,181,883,345,224,163,271,97
FINLEMI01,2005,Michael,Finley,SAS,N,77,2037,780,31,216,247,116,37,7,62,97,695,286,115,98,279,110
FISHEDE01,2005,Derek,Fisher,GSW,N,82,2589,1089,36,175,211,352,125,8,156,237,887,364,293,244,295,117
FITCHGE01,2005,Gerald,Fitch,MIA,N,17,238,84,7,23,30,33,7,5,15,28,87,30,23,17,26,7
FIZERMA01,2005,Marcus,Fizer,NOO,N,3,39,20,1,6,7,1,0,0,2,5,17,9,2,1,1,1
FORDSH02,2005,Sharrod,Ford,PHO,N,3,13,4,1,2,3,0,0,1,2,7,3,2,0,0,0,0
FORDTJ01,2005,T.J.,Ford,MIL,N,72,2558,878,63,248,311,473,104,7,219,196,789,328,248,187,104,35
FORTSDA01,2005,Danny,Fortson,SEA,N,23,276,87,31,47,78,2,4,2,26,76,51,27,43,33,0,0
FOSTEJE01,2005,Jeff,Foster,IND,N,63,1583,372,224,350,574,50,41,27,64,191,250,138,159,96,4,0
FOYLEAD01,2005,Adonal,Foyle,GSW,N,77,1827,345,143,281,424,33,44,125,80,215,300,152,67,41,0,0
FRAHMRI01,2005,Richie,Frahm,HOU,N,8,116,42,0,10,10,6,1,0,4,8,35,15,5,4,22,8
FRAHMRI01,2005,Richie,Frahm,MIN,N,25,228,66,3,20,23,15,3,2,4,22,65,24,5,3,48,15
FRAHMRI01,2005,Richie,Frahm,TOT,N,33,344,108,3,30,33,21,4,2,8,30,100,39,10,7,70,23
FRANCST01,2005,Steve,Francis,TOT,N,70,2392,1005,74,216,290,345,74,17,214,204,765,333,399,314,83,25
FRANCST01,2005,Steve,Francis,NYK,N,24,659,258,14,57,71,83,23,6,58,62,190,84,109,83,13,7
FRANCST01,2005,Steve,Francis,ORL,N,46,1733,747,60,159,219,262,51,11,156,142,575,249,290,231,70,18
FRYECH01,2005,Channing,Frye,NYK,N,65,1572,802,138,236,374,53,30,47,97,200,640,305,229,189,9,3
GADZUDA01,2005,Dan,Gadzuric,MIL,N,74,886,383,91,141,232,24,25,43,35,171,309,171,89,41,1,0
GAIDE01,2005,Deng,Gai ,PHI,N,2,5,0,0,0,0,0,0,0,0,0,0,0,0,0,0,0
GAINERE01,2005,Reece,Gaines,MIL,N,12,52,13,0,0,0,3,1,0,1,1,12,6,4,1,2,0
GARCIFR01,2005,Francisco,Garcia,SAC,N,66,1286,376,39,145,184,94,41,44,73,134,323,130,99,77,136,39
GARNEKE01,2005,Kevin,Garnett,MIN,N,76,2960,1656,214,752,966,308,104,107,180,206,1191,626,489,396,30,8
GARRIPA01,2005,Pat,Garrity,ORL,N,57,943,282,31,77,108,38,12,9,38,108,242,101,37,30,129,50
GASOLPA01,2005,Pau,Gasol,MEM,N,80,3132,1628,191,522,713,371,46,153,235,184,1194,600,617,425,12,3
GEORGDE01,2005,Devean,George,LAL,N,71,1541,448,82,192,274,68,66,34,54,159,425,170,86,58,160,50
GILLED01,2005,Eddie,Gill,IND,N,40,125,45,0,15,15,12,11,1,9,13,45,10,23,18,23,7
GINOBEM01,2005,Emmanuel,Ginobili,SAS,N,65,1822,981,42,188,230,235,101,26,121,156,669,309,360,280,217,83
GIRICGO01,2005,Gordan,Giricek,UTA,N,37,953,393,15,55,70,63,16,4,63,87,383,166,57,43,59,18
GOLDWAN01,2005,Anthony,Goldwire,LAC,N,3,22,2,0,1,1,2,0,0,1,0,7,1,0,0,2,0
GOMESRY01,2005,Ryan,Gomes,BOS,N,61,1376,461,102,196,298,58,35,5,55,83,355,173,149,112,9,3
GOODEDR01,2005,Drew,Gooden,CLE,N,79,2174,845,237,428,665,56,52,49,106,190,652,334,258,176,3,1
GORDOBE01,2005,Ben,Gordon,CHI,N,80,2484,1349,43,176,219,240,75,5,180,238,1152,486,268,211,382,166
GRAHAJO01,2005,Joey,Graham,TOR,N,80,1579,533,57,187,244,60,37,13,92,230,414,198,133,108,87,29
GRAHAST01,2005,Steven,Graham,CHI,N,3,19,5,0,3,3,1,0,0,1,3,5,1,2,2,4,1
GRAHAST01,2005,Steven,Graham,HOU,N,6,38,17,1,6,7,3,2,0,5,5,16,6,4,4,5,1
GRAHAST01,2005,Steven,Graham,CLE,N,13,116,36,4,13,17,3,3,2,7,23,33,14,9,8,1,0
GRAHAST01,2005,Steven,Graham,TOT,N,22,173,58,5,22,27,7,5,2,13,31,54,21,15,14,10,2
GRANGDA01,2005,Danny,Granger,IND,N,78,1762,587,131,253,384,90,58,62,80,211,478,221,148,115,93,30
GRANTBR01,2005,Brian,Grant,PHO,N,21,248,61,11,46,57,7,5,3,7,45,65,27,8,7,0,0
GREENDE01,2005,Devin,Green,LAL,N,27,136,25,10,14,24,7,3,0,5,13,28,6,21,13,2,0
GREENGE01,2005,Gerald,Green,BOS,N,32,372,167,10,31,41,18,13,4,22,41,138,66,37,29,20,6
GREENOR01,2005,Orien,Greene,BOS,N,80,1236,254,37,108,145,129,77,10,109,181,253,100,68,45,40,9
GREENWI01,2005,Willie,Green,PHI,N,10,153,70,1,14,15,5,2,0,12,13,66,28,5,4,19,10
GRIFFAD01,2005,Adrian,Griffin,DAL,N,52,1246,237,75,152,227,89,51,9,39,113,204,98,53,41,2,0
GRIFFED01,2005,Eddie,Griffin,MIN,N,70,1360,320,107,282,389,40,13,148,43,125,370,130,74,44,82,16
GRUNDAN01,2005,Anthony,Grundy,ATL,N,12,108,52,1,16,17,9,7,0,9,14,38,19,14,9,15,5
HAMILRI01,2005,Richard,Hamilton,DET,N,80,2824,1609,84,172,256,275,52,16,173,207,1322,649,303,256,120,55
HAMILZE01,2005,Zendon,Hamilton,PHI,N,1,3,1,0,0,0,0,1,0,0,1,1,0,2,1,0,0
HAMILZE01,2005,Zendon,Hamilton,CLE,N,11,46,25,3,8,11,0,3,0,6,4,13,7,16,11,0,0
HAMILZE01,2005,Zendon,Hamilton,TOT,N,12,49,26,3,8,11,0,4,0,6,5,14,7,18,12,0,0
HARDAAN01,2005,Anfernee,Hardaway,NYK,N,4,72,10,0,10,10,8,2,0,6,7,14,4,2,2,1,0
HARPRMA01,2005,Matt,Harpring,UTA,N,71,1946,885,158,210,368,98,59,14,109,202,678,322,313,227,39,14
HARRIAL01,2005,Al,Harrington,ATL,N,76,2781,1411,132,391,523,238,85,14,195,301,1220,551,350,243,191,66
HARRIDA01,2005,David,Harrison,IND,N,67,1033,385,84,170,254,14,23,59,79,193,294,148,174,89,0,0
HARRIDE01,2005,Devin,Harris,DAL,N,56,1273,554,26,99,125,177,53,16,84,121,405,190,236,169,21,5
HARRIOT01,2005,Othella,Harrington,CHI,N,72,827,347,54,100,154,39,7,13,61,131,273,135,123,77,0,0
HARTJA01,2005,Jason,Hart,SAC,N,66,816,218,12,59,71,70,31,5,43,85,221,86,56,37,31,9
HASLEUD01,2005,Udonis,Haslem,MIA,N,81,2491,757,167,467,634,95,50,17,80,216,591,300,199,157,2,0
HASSETR01,2005,Trenton,Hassell,MIN,N,77,2515,710,82,134,216,203,43,29,124,201,616,286,176,131,23,7
HAYESCH01,2005,Chuck,Hayes,HOU,N,40,533,147,67,112,179,14,26,14,12,76,105,59,45,29,1,0
HAYESJA01,2005,Jarvis,Hayes,WAS,N,21,517,196,19,57,76,27,16,1,22,38,183,77,30,25,47,17
HAYWOBR01,2005,Brendan,Haywood,WAS,N,79,1876,575,200,267,467,46,30,104,97,232,432,222,224,131,0,0
HEADLU01,2005,Luther,Head,HOU,N,80,2308,707,33,233,266,215,89,9,119,169,630,254,123,86,313,113
HENDEAL01,2005,Alan,Henderson,CLE,N,51,527,127,60,77,137,10,9,12,22,58,91,47,49,33,0,0
HILARMA01,2005,Nene,Hilario,DEN,N,1,2,0,0,0,0,0,0,0,2,1,1,0,0,0,0,0
HILLGR01,2005,Grant,Hill,ORL,N,21,612,318,15,65,80,48,24,6,35,50,243,119,102,78,8,2
HINRIKI01,2005,Kirk,Hinrich,CHI,N,81,2955,1284,29,259,288,514,94,21,188,251,1078,451,314,256,341,126
HODGEJU01,2005,Julius,Hodge,DEN,N,14,34,13,5,2,7,6,2,0,8,7,13,5,8,3,0,0
HOLCORA01,2005,Randy,Holcomb,CHI,N,4,10,2,1,0,1,0,0,0,0,2,1,1,0,0,0,0
HORRYRO01,2005,Robert,Horry,SAS,N,63,1182,321,71,171,242,79,43,51,41,115,292,112,68,44,144,53
HOUSEED01,2005,Eddie,House,PHO,N,81,1418,796,15,117,132,148,42,12,76,96,759,320,41,33,316,123
HOWARDW01,2005,Dwight,Howard,ORL,N,82,3024,1292,288,734,1022,125,65,115,217,277,881,468,598,356,2,0
HOWARJO01,2005,Josh,Howard,DAL,N,59,1919,923,123,248,371,111,68,26,79,167,743,350,267,196,63,27
HOWARJU01,2005,Juwan,Howard,HOU,N,80,2538,942,168,367,535,112,49,8,133,235,859,394,191,154,4,0
HUDSOTR01,2005,Troy,Hudson,MIN,N,36,795,342,8,36,44,106,12,4,40,55,333,127,52,48,101,40
HUGHELA01,2005,Larry,Hughes,CLE,N,36,1281,558,26,135,161,131,53,21,99,117,469,192,193,146,76,28
HUMPHKR01,2005,Kris,Humphries,UTA,N,62,619,188,56,101,157,30,23,16,31,82,203,77,65,34,5,0
HUNTELI01,2005,Lindsey,Hunter,DET,N,30,355,87,10,30,40,62,19,1,20,44,100,37,4,2,43,11
HUNTEST01,2005,Steven,Hunter,PHI,N,69,1314,421,110,161,271,17,12,76,64,120,291,175,138,71,0,0
IGUODAN01,2005,Andre,Iguodala,PHI,N,82,3088,1007,117,364,481,255,135,21,153,198,688,344,349,263,158,56
ILGAUZY01,2005,Zydrunas,Ilgauskas,CLE,N,78,2283,1217,245,346,591,91,38,136,155,280,889,450,380,317,5,0
IVERSAL01,2005,Allen,Iverson,PHI,N,72,3099,2377,44,188,232,532,140,10,248,121,1822,815,829,675,223,72
IVEYRO01,2005,Royal,Ivey,ATL,N,73,977,260,31,65,96,74,24,7,23,147,264,116,33,24,10,4
JACKJA01,2005,Jarrett,Jack,POR,N,79,1596,526,18,142,160,219,41,2,102,138,428,189,160,128,76,20
JACKSBO01,2005,Bobby,Jackson,MEM,N,71,1777,808,44,179,223,195,61,1,101,155,748,286,146,107,332,129
JACKSJE01,2005,Jermaine,Jackson,MIL,N,30,203,35,8,19,27,25,4,1,13,19,26,11,14,12,4,1
JACKSJI01,2005,Jimmy,Jackson,LAL,N,13,91,22,0,12,12,4,2,0,5,5,31,9,0,0,11,4
JACKSJI01,2005,Jimmy,Jackson,PHO,N,27,421,99,11,53,64,31,10,6,30,46,129,38,13,9,63,14
JACKSJI01,2005,Jimmy,Jackson,TOT,N,40,512,121,11,65,76,35,12,6,35,51,160,47,13,9,74,18
JACKSLU02,2005,Luke,Jackson,CLE,N,36,318,96,16,24,40,25,11,2,31,30,85,29,33,26,36,12
JACKSMA02,2005,Marc,Jackson,NOO,N,27,594,245,56,72,128,22,8,2,37,56,221,108,34,28,2,1
JACKSMA02,2005,Marc,Jackson,NJN,N,37,431,170,30,59,89,22,5,6,28,70,148,66,48,38,0,0
JACKSMA02,2005,Marc,Jackson,TOT,N,64,1025,415,86,131,217,44,13,8,65,126,369,174,82,66,2,1
JACKSST02,2005,Stephen,Jackson,IND,N,81,2911,1329,48,264,312,225,104,43,203,195,1148,472,341,268,339,117
JAMESJE01,2005,Jerome,James,NYK,N,44,404,137,39,52,91,12,3,23,51,104,121,56,40,25,0,0
JAMESLE01,2005,LeBron,James,CLE,N,79,3362,2478,75,481,556,521,123,66,260,181,1823,875,814,601,379,127
JAMESMI01,2005,Mike,James,TOR,N,79,2922,1604,45,217,262,460,72,3,206,214,1228,576,338,283,382,169
JAMISAN01,2005,Antawn,Jamison,WAS,N,82,3287,1684,167,598,765,158,90,12,137,189,1494,660,297,217,373,147
JARICMA01,2005,Marko,Jaric,MIN,N,75,2105,587,60,173,233,293,108,21,127,189,566,226,138,95,133,40
JASIKSA01,2005,Sarunas,Jasikevicius ,IND,N,75,1557,547,19,134,153,227,40,4,116,108,429,170,133,121,236,86
JEFFEAL01,2005,Al,Jefferson,BOS,N,59,1061,464,97,202,299,30,30,46,62,166,379,189,134,86,4,0
JEFFERI01,2005,Richard,Jefferson,NJN,N,78,3058,1521,95,439,534,297,59,17,174,193,1005,495,580,471,188,60
JEFFRJA01,2005,Jared,Jeffries,WAS,N,77,1953,489,164,215,379,148,58,50,99,223,415,187,168,99,50,16
JOHNSAM01,2005,Amir,Johnson,DET,N,3,39,20,3,1,4,3,0,2,4,7,10,7,4,4,3,2
JOHNSAN02,2005,Anthony,Johnson,IND,N,75,1981,691,31,137,168,324,63,22,115,132,603,267,141,106,155,51
JOHNSDE03,2005,DerMarr,Johnson,DEN,N,58,924,354,19,77,96,55,25,26,46,86,306,132,42,34,160,56
JOHNSER01,2005,Ervin,Johnson,MIL,N,18,79,15,5,19,24,2,1,2,5,23,17,7,2,1,0,0
JOHNSJO02,2005,Joe,Johnson,ATL,N,82,3340,1653,98,237,335,536,103,31,267,187,1395,632,330,261,360,128
JOHNSLI01,2005,Linton,Johnson,NOO,N,27,491,142,40,75,115,12,10,12,24,54,139,56,23,17,36,13
JOHNSLI01,2005,Linton,Johnson,NJN,N,8,35,11,0,7,7,2,2,0,4,7,10,5,4,1,0,0
JOHNSLI01,2005,Linton,Johnson,TOT,N,35,526,153,40,82,122,14,12,12,28,61,149,61,27,18,36,13
JONESDA01,2005,Damon,Jones,CLE,N,82,2089,552,14,119,133,169,37,1,55,112,491,190,50,32,371,140
JONESDA02,2005,Dahntay,Jones,MEM,N,70,968,281,20,84,104,39,38,15,50,108,263,109,93,60,21,3
JONESDW02,2005,Dwayne,Jones,BOS,N,14,87,14,10,21,31,2,1,3,3,14,10,4,13,6,0,0
JONESED01,2005,Eddie,Jones,MEM,N,76,2438,885,35,244,279,177,131,27,93,201,722,292,215,168,374,133
JONESFR01,2005,Freddie,Jones,IND,N,68,1837,651,18,152,170,154,55,20,107,142,559,233,160,122,187,63
JONESJA02,2005,James,Jones,PHO,N,75,1773,699,44,209,253,57,38,49,35,142,581,243,121,103,285,110
JONESJU01,2005,Jumaine,Jones,CHR,N,76,2093,799,105,271,376,63,68,22,74,200,736,298,121,88,335,115
KAMANCH01,2005,Chris,Kaman,LAC,N,77,2526,916,185,556,741,78,45,108,174,266,694,361,252,194,2,0
KAPONJA01,2005,Jason,Kapono,MIA,N,51,665,207,12,59,71,37,7,3,20,89,177,79,33,28,53,21
KASUNMA01,2005,Mario,Kasun,ORL,N,28,213,80,24,36,60,3,2,3,15,69,69,31,23,18,0,0
KHRYAVI01,2005,Viktor,Khryapa,POR,N,69,1491,403,114,193,307,88,50,29,84,209,342,158,111,77,30,10
KIDDJA01,2005,Jason,Kidd,NJN,N,80,2979,1065,86,494,580,672,150,29,192,157,905,366,244,194,395,139
KIRILAN01,2005,Andrei,Kirilenko,UTA,N,69,2607,1054,161,391,552,299,102,220,203,162,730,336,495,346,117,36
KLEIZLI01,2005,Linas,Kleiza,DEN,N,61,517,213,38,78,116,15,10,13,16,87,173,77,81,57,13,2
KNIGHBR01,2005,Brevin,Knight,CHR,N,69,2349,869,35,188,223,610,157,4,164,202,772,308,312,250,13,3
KOROLYA01,2005,Yaroslav,Korolev,LAC,N,23,126,27,5,8,13,9,3,0,6,11,30,9,10,7,7,2
KORVEKY01,2005,Kyle,Korver,PHI,N,82,2563,939,27,243,270,163,65,26,98,224,761,327,119,101,438,184
KRSTINE01,2005,Nenad,Krstic,NJN,N,80,2467,1080,182,331,513,88,32,63,133,297,881,447,265,185,4,1
KUKOCTO01,2005,Toni,Kukoc,MIL,N,65,1020,317,26,124,150,139,33,17,66,87,298,116,56,40,147,45
LAFRERA01,2005,Raef,LaFrentz,BOS,N,82,2028,639,80,326,406,115,29,72,65,273,552,238,75,51,286,112
LAMPEMA01,2005,Maciej,Lampe,HOU,N,4,13,4,3,2,5,0,0,0,2,0,7,2,2,0,0,0
LAMPEMA01,2005,Maciej,Lampe,NOO,N,2,15,0,1,3,4,2,0,0,1,2,4,0,0,0,0,0
LAMPEMA01,2005,Maciej,Lampe,TOT,N,6,28,4,4,5,9,2,0,0,3,2,11,2,2,0,0,0
LEEDA02,2005,David,Lee,NYK,N,67,1127,345,109,194,303,43,30,20,51,124,230,137,123,71,0,0
LENARVO01,2005,Voshon,Lenard,POR,N,14,218,92,3,16,19,23,13,2,20,18,88,33,18,11,43,15
LENARVO01,2005,Voshon,Lenard,DEN,N,12,239,99,2,26,28,18,8,2,11,21,103,42,13,5,35,10
LENARVO01,2005,Voshon,Lenard,TOT,N,26,457,191,5,42,47,41,21,4,31,39,191,75,31,16,78,25
LEWISRA01,2005,Rashard,Lewis,SEA,N,78,2881,1568,111,279,390,182,102,50,141,191,1151,538,428,350,370,142
LIVINRA01,2005,Randy,Livingston,CHI,N,5,22,0,1,3,4,1,1,0,1,6,2,0,0,0,0,0
LIVINSH01,2005,Shaun,Livingston,LAC,N,61,1524,352,41,142,183,273,46,32,111,160,349,149,77,53,8,1
LUCASJO02,2005,John,Lucas,HOU,N,13,105,30,2,3,5,12,5,0,7,6,36,14,0,0,9,2
LUETY01,2005,Tyronn,Lue,ATL,N,51,1233,560,13,69,82,157,26,3,75,113,418,192,138,118,127,58
MACIJAR01,2005,Arvydas,Macijauskas,NOO,N,19,135,44,3,7,10,5,7,0,8,10,41,14,15,13,12,3
MADSEMA01,2005,Mark,Madsen,MIN,N,62,676,74,50,91,141,11,23,17,26,114,66,27,47,20,7,0
MAGGECO01,2005,Corey,Maggette,LAC,N,32,946,570,28,141,169,66,19,4,78,95,375,167,256,212,71,24
MAGLOJA01,2005,Jamaal,Magloire,MIL,N,82,2467,752,220,558,778,56,29,80,166,276,615,287,333,178,0,0
MARBUST01,2005,Stephon,Marbury,NYK,N,60,2194,977,25,150,175,382,63,4,157,143,774,349,326,246,104,33
MARIOSH01,2005,Shawn,Marion,PHO,N,81,3268,1769,249,710,959,143,160,137,125,223,1365,716,298,241,290,96
MARKSSE01,2005,Sean,Marks,SAS,N,25,180,81,12,31,43,7,5,7,7,21,71,37,12,7,3,0
MARSHDO01,2005,Donyell,Marshall,CLE,N,81,2073,750,105,387,492,60,59,41,90,160,671,265,123,92,395,128
MARSHRA01,2005,Rawle,Marshall,DAL,N,22,243,71,8,23,31,10,8,7,15,17,60,24,29,22,3,1
MARTIDA01,2005,Darrick,Martin,TOR,N,40,340,102,2,18,20,57,17,0,15,42,97,34,24,18,40,16
MARTIKE01,2005,Kenyon,Martin,DEN,N,56,1547,720,93,260,353,79,43,52,72,170,600,297,170,121,22,5
MARTIKE02,2005,Kevin,Martin,SAC,N,70,1906,776,58,203,261,97,54,9,81,138,545,262,220,186,178,66
MASONDE01,2005,Desmond,Mason,NOO,N,70,2104,757,64,234,298,66,42,17,113,136,690,275,302,206,6,1
MAXIEJA01,2005,Jason,Maxiell,DET,N,25,156,60,12,16,28,3,4,5,11,14,53,23,42,14,0,0
MAYSE01,2005,Sean,May,CHR,N,23,399,189,42,67,109,22,17,12,33,58,171,70,64,49,5,0
MBENGDJ01,2005,D.J.,Mbenga,DAL,N,43,241,74,19,37,56,2,6,25,16,47,60,32,20,10,1,0
MCCANRA01,2005,Rashad,McCants,MIN,N,79,1365,627,29,114,143,63,44,22,86,176,535,241,106,78,180,67
MCCARWA01,2005,Walter,McCarty,LAC,N,36,352,88,15,53,68,23,8,5,19,52,99,33,21,12,45,10
MCDYEAN01,2005,Antonio,McDyess,DET,N,82,1736,638,156,280,436,90,46,48,76,220,560,285,122,68,2,0
MCGRATR01,2005,Tracy,McGrady,HOU,N,47,1746,1147,46,261,307,225,59,41,120,88,1011,410,340,254,234,73
MCINNJE01,2005,Jeff,McInnis,NJN,N,28,488,149,11,39,50,52,11,2,29,37,143,63,29,20,16,3
MCKIEAA01,2005,Aaron,McKie,LAL,N,14,121,7,3,17,20,11,5,0,2,7,12,3,2,1,2,0
MCLEOKE01,2005,Keith,McLeod,UTA,N,66,1231,370,11,67,78,151,42,9,76,131,340,120,133,106,82,24
MEDVEST01,2005,Slava,Medvedenko,LAL,N,2,7,2,0,0,0,1,0,0,0,1,2,1,0,0,0,0
MIHMCH01,2005,Chris,Mihm,LAL,N,59,1545,604,137,236,373,61,16,73,83,214,459,230,201,144,0,0
MILESAA01,2005,Aaron,Miles,GSW,N,19,120,16,0,14,14,24,4,1,11,13,18,6,4,4,0,0
MILESCJ01,2005,C.J.,Miles,UTA,N,23,204,79,18,20,38,16,7,2,9,20,76,28,24,18,20,5
MILESDA01,2005,Darius,Miles,POR,N,40,1288,559,24,158,182,73,42,39,99,100,510,235,163,87,10,2
MILICDA01,2005,Darko,Milicic,ORL,N,30,628,229,34,89,123,32,11,62,36,67,201,102,42,25,0,0
MILICDA01,2005,Darko,Milicic,DET,N,24,137,37,10,18,28,9,3,15,15,25,33,17,8,3,2,0
MILICDA01,2005,Darko,Milicic,TOT,N,54,765,266,44,107,151,41,14,77,51,92,234,119,50,28,2,0
MILLEAN02,2005,Andre,Miller,DEN,N,82,2941,1126,92,259,351,674,106,18,256,213,872,404,424,313,27,5
MILLEBR01,2005,Brad,Miller,SAC,N,79,2926,1182,122,493,615,374,61,62,180,234,877,434,338,280,88,34
MILLEMI01,2005,Mike,Miller,MEM,N,74,2266,1014,42,355,397,200,52,27,140,173,760,354,210,168,339,138
MINGYA01,2005,Yao,Ming,HOU,N,57,1946,1271,148,433,581,85,30,94,147,195,900,467,395,337,1,0
MOBLECU01,2005,Cuttino,Mobley,LAC,N,79,2978,1170,50,291,341,238,93,36,145,208,1007,429,273,229,245,83
MOHAMNA01,2005,Nazr,Mohammed,SAS,N,80,1388,493,163,255,418,40,21,49,91,220,377,190,144,113,0,0
MONIASE01,2005,Sergei,Monia,SAC,N,3,7,2,0,1,1,0,1,0,0,0,2,0,2,2,1,0
MONIASE01,2005,Sergei,Monia,POR,N,23,337,75,11,40,51,19,6,5,12,41,85,29,12,8,33,9
MONIASE01,2005,Sergei,Monia,TOT,N,26,344,77,11,41,52,19,7,5,12,41,87,29,14,10,34,9
MOOREMI01,2005,Mikki,Moore,SEA,N,47,581,154,44,86,130,27,7,15,40,92,124,54,62,46,2,0
MORRITE01,2005,Terence,Morris,ORL,N,22,194,35,6,32,38,4,6,5,7,19,49,16,3,3,2,0
MOURNAL01,2005,Alonzo,Mourning,MIA,N,65,1302,509,125,234,359,11,13,173,79,177,315,188,224,133,1,0
MURPHTR01,2005,Troy,Murphy,GSW,N,74,2515,1035,195,548,743,101,47,26,108,191,838,363,319,251,181,58
MURRALA01,2005,Lamond,Murray,NJN,N,57,576,196,29,103,132,13,17,7,22,66,181,72,40,25,78,27
MURRARO01,2005,Ronald,Murray,CLE,N,28,1027,377,15,52,67,77,38,7,56,64,317,142,104,73,65,20
MURRARO01,2005,Ronald,Murray,SEA,N,48,1082,474,18,68,86,120,30,4,79,69,451,179,138,99,76,17
MURRARO01,2005,Ronald,Murray,TOT,N,76,2109,851,33,120,153,197,68,11,135,133,768,321,242,172,141,37
MUTOMDI01,2005,Dikembe,Mutombo,HOU,N,65,956,169,100,206,306,4,17,57,35,128,95,50,91,69,0,0
NACHBBO01,2005,Bostjan,Nachbar,NOO,N,25,409,126,4,45,49,22,13,5,20,52,124,42,36,25,57,17
NACHBBO01,2005,Bostjan,Nachbar,NJN,N,11,98,31,4,7,11,5,3,0,4,13,32,12,8,5,14,2
NACHBBO01,2005,Bostjan,Nachbar,TOT,N,36,507,157,8,52,60,27,16,5,24,65,156,54,44,30,71,19
NAILOLE01,2005,Lee,Nailon,PHI,N,21,234,93,23,18,41,7,8,4,10,32,80,40,15,13,0,0
NAJERED01,2005,Eduardo,Najera,DEN,N,64,1451,347,128,197,325,52,53,34,54,165,301,127,114,89,12,4
NASHST01,2005,Steve,Nash,PHO,N,79,2799,1489,47,286,333,826,61,12,276,120,1056,541,279,257,342,150
NDONGBO01,2005,Boniface,Ndong,LAC,N,22,151,50,15,22,37,7,2,5,6,23,53,22,9,6,1,0
NELSOJA01,2005,Jameer,Nelson,ORL,N,62,1785,905,39,141,180,302,70,9,148,174,719,347,181,141,165,70
NESTERA01,2005,Radoslav,Nesterovic,SAS,N,80,1520,362,114,195,309,33,21,88,53,209,334,172,30,18,2,0
NEWBLIR01,2005,Ira,Newble,CLE,N,36,353,48,21,35,56,9,5,10,12,47,57,17,16,11,13,3
NOCIOAN01,2005,Andres,Nocioni,CHI,N,82,2237,1063,89,411,500,117,40,52,120,252,831,383,242,204,238,93
NORRIMO01,2005,Moochie,Norris,NOO,N,15,182,60,3,17,20,21,6,0,17,18,47,20,25,16,9,4
NORRIMO01,2005,Moochie,Norris,HOU,N,29,242,65,9,25,34,29,14,1,16,31,65,26,17,13,5,0
NORRIMO01,2005,Moochie,Norris,TOT,N,44,424,125,12,42,54,50,20,1,33,49,112,46,42,29,14,4
NOWITDI01,2005,Dirk,Nowitzki,DAL,N,81,3086,2151,115,613,728,226,58,83,156,164,1564,751,598,539,271,110
OBERTFA01,2005,Fabricio,Oberto,SAS,N,59,487,103,57,66,123,27,9,11,28,91,93,44,27,15,2,0
ODOMLA01,2005,Lamar,Odom,LAL,N,80,3222,1186,181,557,738,443,75,64,213,256,925,445,313,216,215,80
OKAFOEM01,2005,Emeka,Okafor,CHR,N,26,875,344,94,167,261,31,22,50,53,88,316,131,125,82,0,0
OKURME01,2005,Mehmet,Okur,UTA,N,82,2943,1472,211,535,746,194,40,73,163,285,1128,519,454,354,234,80
OLLIEKE01,2005,Kevin,Ollie,PHI,N,70,1073,192,13,85,98,101,33,3,29,103,174,75,49,41,3,1
OLOWOMI01,2005,Michael,Olowokandi,BOS,N,16,168,45,5,36,41,6,3,6,14,22,45,20,8,5,0,0
OLOWOMI01,2005,Michael,Olowokandi,MIN,N,32,751,193,45,134,179,17,19,27,41,100,195,87,39,19,0,0
OLOWOMI01,2005,Michael,Olowokandi,TOT,N,48,919,238,50,170,220,23,22,33,55,122,240,107,47,24,0,0
ONEAJE01,2005,Jermaine,O'Neal,IND,N,51,1802,1024,102,374,476,133,27,117,151,177,805,380,368,261,10,3
ONEASH01,2005,Shaquille,O'Neal,MIA,N,59,1805,1181,172,369,541,113,23,104,168,230,800,480,471,221,0,0
OSTERGR01,2005,Greg,Ostertag,UTA,N,60,809,146,82,143,225,58,6,66,46,129,124,61,48,24,0,0
OUTLABO01,2005,Charles,Outlaw,ORL,N,32,357,75,31,46,77,14,10,12,17,50,58,35,8,5,0,0
OUTLATR01,2005,Travis,Outlaw,POR,N,69,1153,400,48,141,189,34,31,46,37,112,368,162,89,62,53,14
OWENSAN01,2005,Andre,Owens,UTA,N,23,211,69,11,10,21,8,5,0,13,25,74,27,18,12,16,3
PACHUZA01,2005,Zaza,Pachulia,ATL,N,78,2448,911,264,349,613,129,89,39,180,286,681,307,404,297,2,0
PADGESC01,2005,Scott,Padgett,NJN,N,62,719,211,56,109,165,41,28,12,21,90,201,71,34,27,121,42
PALACMI01,2005,Milt,Palacio,UTA,N,71,1371,441,17,117,134,190,47,14,110,125,403,171,150,98,16,1
PARGOJA01,2005,Jannero,Pargo,CHI,N,57,643,274,8,53,61,94,24,2,61,57,292,109,21,17,103,39
PARKETO01,2005,Tony,Parker,SAS,N,80,2716,1510,38,223,261,460,83,4,249,161,1136,623,358,253,36,11
PARKEWI01,2005,Smush,Parker,LAL,N,82,2775,941,37,234,271,302,140,16,147,213,779,348,180,125,328,120
PATTERU01,2005,Ruben,Patterson,DEN,N,26,736,344,45,45,90,67,34,9,68,71,256,139,112,65,6,1
PATTERU01,2005,Ruben,Patterson,POR,N,45,1057,514,73,81,154,60,42,12,82,79,379,188,226,138,7,0
PATTERU01,2005,Ruben,Patterson,TOT,N,71,1793,858,118,126,244,127,76,21,150,150,635,327,338,203,13,1
PAULCH01,2005,Chris,Paul,NOO,N,78,2809,1258,61,339,400,611,175,6,183,218,947,407,467,394,177,50
PAVLOAL01,2005,Sasha,Pavlovic,CLE,N,53,813,241,16,64,80,25,19,6,42,103,212,87,49,32,96,35
PAYTOGA01,2005,Gary,Payton,MIA,N,81,2306,626,34,199,233,257,71,10,102,169,547,230,126,100,230,66
PERKIKE01,2005,Kendrick,Perkins,BOS,N,68,1334,354,140,264,404,69,21,105,107,199,266,137,130,80,2,0
PETERMO01,2005,Morris,Peterson,TOR,N,82,3139,1374,65,316,381,190,104,15,126,223,1096,478,294,241,448,177
PETROJO01,2005,Johan,Petro,SEA,N,68,1286,353,109,187,296,15,25,51,60,213,300,153,75,47,0,0
PIATKER01,2005,Eric,Piatkowski,CHI,N,29,228,59,4,19,23,13,6,1,11,20,61,24,5,2,33,9
PIERCPA01,2005,Paul,Pierce,BOS,N,79,3085,2116,77,453,530,375,107,34,273,223,1462,689,812,627,314,111
PIETRMI01,2005,Mickael,Pietrus,GSW,N,52,1181,481,58,105,163,44,33,10,78,132,418,169,143,87,176,56
PLANIZO01,2005,Zoran,Planinic,NJN,N,56,593,191,14,60,74,53,20,4,43,91,183,66,66,46,56,13
PODKOPA01,2005,Pavel,Podkolzin,DAL,N,1,18,3,0,7,7,0,0,1,2,0,2,0,6,3,0,0
POLLASC01,2005,Scot,Pollard,IND,N,45,774,169,73,145,218,24,37,20,26,115,154,70,38,29,0,0
POSEYJA01,2005,James,Posey,MIA,N,67,1912,483,34,285,319,89,54,20,58,196,395,159,61,48,290,117
POTAPVI01,2005,Vitaly,Potapenko,SEA,N,24,318,74,26,36,62,7,2,2,14,44,64,32,17,10,0,0
POTAPVI01,2005,Vitaly,Potapenko,SAC,N,9,31,10,1,1,2,2,0,0,2,6,7,5,0,0,0,0
POTAPVI01,2005,Vitaly,Potapenko,TOT,N,33,349,84,27,37,64,9,2,2,16,50,71,37,17,10,0,0
POWELJO01,2005,Josh,Powell,DAL,N,37,431,110,28,53,81,9,7,4,22,52,81,37,45,36,0,0
PRICERO01,2005,Ronnie,Price,SAC,N,28,149,60,5,10,15,11,6,0,10,10,58,21,12,12,27,6
PRINCTA01,2005,Tayshaun,Prince,DET,N,82,2896,1156,104,242,346,186,62,39,91,96,999,455,238,182,183,64
PROFILA01,2005,LaRon,Profit,LAL,N,25,276,104,8,35,43,15,11,5,24,25,84,40,24,21,18,3
PRZYBJO01,2005,Joel,Przybilla,POR,N,56,1395,344,146,245,391,43,20,130,76,149,239,131,154,82,0,0
RADMAVL01,2005,Vladimir,Radmanovic,LAC,N,30,886,320,25,146,171,64,29,14,40,80,259,108,52,38,158,66
RADMAVL01,2005,Vladimir,Radmanovic,SEA,N,47,1088,435,39,148,187,72,32,15,53,130,384,154,62,55,196,72
RADMAVL01,2005,Vladimir,Radmanovic,TOT,N,77,1974,755,64,294,358,136,61,29,93,210,643,262,114,93,354,138
RANDOSH01,2005,Shavlik,Randolph,PHI,N,57,487,131,55,78,133,19,19,12,21,83,97,44,71,43,0,0
RANDOZA01,2005,Zach,Randolph,POR,N,74,2545,1333,193,399,592,144,57,14,165,185,1229,536,343,245,55,16
RATLITH01,2005,Theo,Ratliff,POR,N,55,1305,270,89,190,279,28,18,88,47,143,189,108,83,54,0,0
REBRAZE01,2005,Zeljko,Rebraca,LAC,N,29,413,135,13,51,64,9,5,19,24,59,96,52,41,31,0,0
REDDMI01,2005,Michael,Redd,MIL,N,80,3127,2028,78,264,342,229,95,5,170,157,1516,682,571,501,413,163
REEDJU01,2005,Justin,Reed,MIN,N,40,704,250,40,55,95,34,18,11,37,118,221,94,80,62,1,0
REEDJU01,2005,Justin,Reed,BOS,N,31,290,75,13,16,29,7,5,4,15,45,74,25,40,25,0,0
REEDJU01,2005,Justin,Reed,TOT,N,71,994,325,53,71,124,41,23,15,52,163,295,119,120,87,1,0
RICHAJA01,2005,Jason,Richardson,GSW,N,75,2880,1741,105,333,438,232,97,37,167,206,1438,641,410,276,477,183
RICHAQU01,2005,Quentin,Richardson,NYK,N,55,1444,451,65,165,230,88,39,6,56,134,459,163,91,61,188,64
RIDNOLU01,2005,Luke,Ridnour,SEA,N,79,2629,910,47,188,235,550,123,22,162,178,799,334,227,199,149,43
ROBERAN02,2005,Anthony,Roberson,MEM,N,16,90,35,0,6,6,5,1,0,3,6,31,14,2,2,10,5
ROBERLA01,2005,Lawrence,Roberts,MEM,N,32,183,51,26,22,48,5,8,2,5,30,44,20,23,11,2,0
ROBINBE01,2005,Bernard,Robinson Jr.,CHR,N,66,1304,422,62,157,219,77,81,10,74,141,365,157,134,106,21,2
ROBINCL02,2005,Cliff,Robinson,NJN,N,80,1861,550,55,212,267,89,44,40,62,206,513,219,79,52,175,60
ROBINNA01,2005,Nate,Robinson,NYK,N,72,1542,670,56,111,167,147,59,1,114,201,565,230,202,152,146,58
ROSEJA01,2005,Jalen,Rose,NYK,N,26,744,330,13,69,82,68,10,3,50,55,239,110,101,82,57,28
ROSEJA01,2005,Jalen,Rose,TOR,N,46,1238,557,15,114,129,113,20,10,65,101,446,180,217,166,115,31
ROSEJA01,2005,Jalen,Rose,TOT,N,72,1982,887,28,183,211,181,30,13,115,156,685,290,318,248,172,59
ROSEMA01,2005,Malik,Rose,NYK,N,72,1115,318,84,175,259,67,43,14,80,145,281,105,137,107,1,1
ROSSQU01,2005,Quinton,Ross,LAC,N,66,1496,311,36,131,167,78,51,16,46,154,302,127,75,57,7,0
RUFFIMI01,2005,Michael,Ruffin,WAS,N,76,1012,105,122,149,271,27,33,31,38,179,77,34,74,37,2,0
RUSHKA01,2005,Kareem,Rush,CHR,N,47,1111,474,18,85,103,50,38,13,65,79,469,181,77,55,164,57
RUSSEBR01,2005,Bryon,Russell,DEN,N,1,3,0,0,1,1,1,0,0,0,0,0,0,0,0,0,0
SALMOJO01,2005,John,Salmons,PHI,N,82,2063,619,48,172,220,223,73,13,125,178,521,219,200,155,87,26
SAMPSJA01,2005,Jamal,Sampson,SAC,N,12,39,10,5,13,18,5,0,4,0,5,7,5,2,0,0,0
SANDEME01,2005,Melvin,Sanders,SAS,N,16,111,41,4,19,23,3,5,0,8,20,33,16,10,7,3,2
SCALABR01,2005,Brian,Scalabrine,BOS,N,71,936,205,27,87,114,51,21,19,50,127,193,74,36,26,87,31
SCALEAL01,2005,Alex,Scales,SAS,N,1,0,0,0,0,0,0,0,0,0,0,0,0,0,0,0,0
SCHENLU01,2005,Luke,Schenscher,CHI,N,20,149,36,8,21,29,7,1,3,5,21,26,16,13,4,0,0
SEUNGHA01,2005,Ha,Seung-Jin,POR,N,27,213,44,14,35,49,1,3,8,14,41,31,18,17,8,0,0
SIMIEWA01,2005,Wayne,Simien,MIA,N,43,418,146,38,50,88,7,13,1,24,70,120,58,34,30,0,0
SIMMOBO01,2005,Bobby,Simmons,MIL,N,75,2533,1002,91,242,333,172,86,21,123,254,808,366,200,165,250,105
SINGLJA01,2005,James,Singleton,LAC,N,58,748,203,63,134,197,28,19,21,27,95,151,77,50,39,20,10
SKINNBR01,2005,Brian,Skinner,POR,N,27,516,103,46,81,127,13,14,23,27,65,91,44,29,15,0,0
SKINNBR01,2005,Brian,Skinner,SAC,N,38,429,88,30,71,101,17,11,20,18,54,69,38,27,12,0,0
SKINNBR01,2005,Brian,Skinner,TOT,N,65,945,191,76,152,228,30,25,43,45,119,160,82,56,27,0,0
SMITHCH01,2005,Charles,Smith,TOT,N,22,208,80,3,13,16,9,5,6,4,28,72,30,8,5,38,15
SMITHCH01,2005,Charles,Smith,POR,N,21,206,80,3,13,16,9,5,6,4,27,71,30,8,5,37,15
SMITHCH01,2005,Charles,Smith,DEN,N,1,2,0,0,0,0,0,0,0,0,1,1,0,0,0,1,0
SMITHDO05,2005,Donta,Smith,ATL,N,23,131,38,3,11,14,9,8,0,4,20,27,15,12,6,4,2
SMITHJO01,2005,Joe,Smith,MIL,N,44,887,379,83,147,230,31,24,13,40,120,305,145,115,89,2,0
SMITHJO03,2005,Josh,Smith,ATL,N,80,2561,902,176,355,531,191,64,208,162,260,774,329,292,210,110,34
SMITHJR01,2005,J.R.,Smith,NOO,N,56,990,423,19,91,110,58,37,4,54,90,366,144,101,83,140,52
SNOWER01,2005,Eric,Snow,CLE,N,82,2354,391,38,160,198,346,76,19,116,218,399,163,93,64,10,1
SNYDEKI01,2005,Kirk,Snyder,NOO,N,68,1308,542,55,106,161,102,29,23,70,106,453,205,117,86,129,46
SONGADA01,2005,Darius,Songaila,CHI,N,62,1330,568,76,170,246,88,35,16,85,157,491,236,115,94,5,2
SOWPA01,2005,Pape,Sow,TOR,N,42,591,147,54,92,146,8,21,19,30,118,123,53,57,41,0,0
STACKJE01,2005,Jerry,Stackhouse,DAL,N,55,1524,715,32,121,153,160,37,10,121,96,603,242,221,195,130,36
STEVEDE01,2005,DeShawn,Stevenson,ORL,N,82,2651,900,59,182,241,160,58,17,123,178,781,359,242,180,15,2
STOJAPR01,2005,Predrag,Stojakovic,SAC,N,31,1148,511,34,131,165,68,19,2,51,82,424,171,105,98,179,71
STOJAPR01,2005,Predrag,Stojakovic,IND,N,40,1454,779,45,205,250,68,26,8,52,89,594,274,155,140,225,91
STOJAPR01,2005,Predrag,Stojakovic,TOT,N,71,2602,1290,79,336,415,136,45,10,103,171,1018,445,260,238,404,162
STOREAW01,2005,Awvee,Storey,WAS,N,25,116,43,8,14,22,4,3,1,5,22,41,16,14,8,7,3
STOUDAM01,2005,Amare,Stoudemire,PHO,N,3,50,26,6,10,16,2,1,3,1,4,27,9,9,8,1,0
STOUDDA01,2005,Damon,Stoudamire,MEM,N,27,861,317,23,72,95,128,19,1,55,49,287,114,62,53,104,36
STOUDSA01,2005,Salim,Stoudamire,ATL,N,61,1234,589,12,104,116,75,27,3,82,118,492,204,110,99,216,82
SWEETMI01,2005,Mike,Sweetney,CHI,N,66,1228,533,118,232,350,59,19,56,95,209,444,200,204,133,0,0
SWIFTRO01,2005,Robert,Swift,SEA,N,47,985,301,94,170,264,8,15,56,49,142,241,124,91,53,0,0
SWIFTST01,2005,Stromile,Swift,HOU,N,66,1343,586,103,188,291,25,38,50,91,198,458,225,209,136,2,0
SZCZEWA01,2005,Wally,Szczerbiak,BOS,N,32,1175,561,41,82,123,101,19,4,50,60,422,201,128,115,112,44
SZCZEWA01,2005,Wally,Szczerbiak,MIN,N,40,1559,805,36,154,190,112,21,15,86,90,590,292,182,163,143,58
SZCZEWA01,2005,Wally,Szczerbiak,TOT,N,72,2734,1366,77,236,313,213,40,19,136,150,1012,493,310,278,255,102
TAFTCH01,2005,Chris,Taft,GSW,N,17,140,47,19,17,36,2,2,7,2,25,38,23,6,1,0,0
TAYLODO01,2005,Donell,Taylor,WAS,N,51,465,140,16,37,53,45,30,4,34,47,136,53,43,30,17,4
TAYLOMA01,2005,Maurice,Taylor,NYK,N,66,1208,422,65,164,229,53,21,14,102,177,389,182,83,58,1,0
TELFASE01,2005,Sebastian,Telfair,POR,N,68,1644,643,19,101,120,247,66,6,115,167,578,228,175,130,162,57
TERRYJA01,2005,Jason,Terry,DAL,N,80,2799,1371,31,127,158,306,100,27,135,196,1099,516,210,168,416,171
THOMABI01,2005,Billy,Thomas,WAS,N,17,132,38,5,9,14,9,10,1,6,19,40,13,2,2,30,10
THOMAET01,2005,Etan,Thomas,WAS,N,71,1116,337,99,180,279,14,20,68,51,148,246,131,125,75,0,0
THOMAJA02,2005,James,Thomas,CHI,N,7,26,6,4,4,8,0,0,0,0,3,6,3,0,0,0,0
THOMAJA02,2005,James,Thomas,PHI,N,15,126,22,8,23,31,1,0,3,7,32,13,7,14,8,0,0
THOMAJA02,2005,James,Thomas,TOT,N,22,152,28,12,27,39,1,0,3,7,35,19,10,14,8,0,0
THOMAJO01,2005,John,Thomas,TOT,N,16,128,15,10,10,20,2,3,2,8,17,15,6,4,3,0,0
THOMAJO01,2005,John,Thomas,MEM,N,3,25,4,0,0,0,1,0,1,2,3,2,2,0,0,0,0
THOMAJO01,2005,John,Thomas,NJN,N,2,36,2,7,3,10,0,1,1,2,4,6,1,0,0,0,0
THOMAJO01,2005,John,Thomas,ATL,N,11,67,9,3,7,10,1,2,0,4,10,7,3,4,3,0,0
THOMAKE01,2005,Kenny,Thomas,SAC,N,82,2292,748,199,419,618,168,72,39,135,196,604,305,204,138,1,0
THOMAKU01,2005,Kurt,Thomas,PHO,N,53,1411,455,102,313,415,57,23,54,57,193,391,190,92,75,0,0
THOMATI01,2005,Tim,Thomas,PHO,N,26,637,287,22,105,127,18,16,6,32,77,246,107,42,28,105,45
THOMATI01,2005,Tim,Thomas,CHI,N,3,31,13,0,4,4,2,0,1,1,1,16,6,0,0,6,1
THOMATI01,2005,Tim,Thomas,TOT,N,29,668,300,22,109,131,20,16,7,33,78,262,113,42,28,111,46
THOMPDI01,2005,Dijon,Thompson,PHO,N,10,43,28,4,7,11,1,3,1,2,6,25,11,2,2,11,4
TINSLJA01,2005,Jamaal,Tinsley,IND,N,42,1123,390,35,98,133,211,49,6,109,96,386,158,91,58,70,16
TSAKAIA01,2005,Iakovos,Tsakalidis,MEM,N,51,733,257,78,134,212,13,14,32,39,107,165,100,87,57,0,0
TSKITNI01,2005,Nikoloz,Tskitishvili,MIN,N,5,13,3,0,2,2,0,0,0,2,0,4,1,2,1,0,0
TSKITNI01,2005,Nikoloz,Tskitishvili,PHO,N,12,85,33,9,11,20,3,1,2,4,8,33,12,12,8,3,1
TSKITNI01,2005,Nikoloz,Tskitishvili,TOT,N,17,98,36,9,13,22,3,1,2,6,8,37,13,14,9,3,1
TURIARO01,2005,Ronny,Turiaf,LAL,N,23,160,45,11,26,37,8,3,10,7,30,30,15,27,15,0,0
TURKOHI01,2005,Hidayet,Turkoglu,ORL,N,78,2612,1165,70,263,333,216,70,21,130,234,877,398,296,255,283,114
UDOKAIM01,2005,Ime,Udoka,NYK,N,8,115,22,3,14,17,6,1,0,2,8,24,9,6,3,3,1
UDRIHBE01,2005,Beno,Udrih,SAS,N,53,588,275,18,34,52,92,14,2,53,55,233,106,50,39,70,24
VANEXNI01,2005,Nick,Van Exel,SAS,N,65,987,355,6,85,91,123,16,3,57,60,343,136,41,28,154,55
VANHOKE01,2005,Keith,Van Horn,DAL,N,53,1090,472,54,138,192,37,31,11,71,121,387,164,113,94,136,50
VAREJAN01,2005,Anderson,Varejao,CLE,N,48,759,219,77,158,235,19,31,19,27,118,150,79,119,61,1,0
VAUGHJA01,2005,Jacque,Vaughn,NJN,N,80,1232,274,16,75,91,123,42,1,52,140,245,107,81,59,6,1
VILLACH01,2005,Charlie,Villanueva,TOR,N,81,2364,1053,181,340,521,88,60,63,99,245,940,435,160,113,214,70
VOSKUJA01,2005,Jake,Voskuhl,CHR,N,51,819,270,62,121,183,39,26,23,33,157,261,114,60,41,3,1
VROMAJA01,2005,Jackson,Vroman,NOO,N,41,410,73,33,53,86,11,12,11,21,78,66,26,44,21,0,0
VUJACSA01,2005,Sasha,Vujacic,LAL,N,82,1453,321,33,126,159,139,48,3,50,150,312,108,52,46,172,59
WADEDW01,2005,Dwyane,Wade,MIA,N,75,2896,2040,107,323,430,503,146,58,268,217,1413,699,803,629,76,13
WAFERVO01,2005,Von,Wafer,LAL,N,16,74,20,5,3,8,4,3,0,1,12,38,6,8,6,17,2
WALKEAN01,2005,Antoine,Walker,MIA,N,82,2201,1000,103,318,421,166,47,30,150,187,898,391,129,81,383,137
WALKESA01,2005,Samaki,Walker,IND,N,7,22,2,0,3,3,0,0,1,2,7,2,0,2,2,0,0
WALLABE01,2005,Ben,Wallace,DET,N,82,2884,597,301,622,923,158,146,181,88,164,465,237,296,123,4,0
WALLAGE01,2005,Gerald,Wallace,CHR,N,55,1897,836,123,289,412,96,138,115,99,150,589,317,306,188,50,14
WALLARA01,2005,Rasheed,Wallace,DET,N,80,2778,1209,90,457,547,182,82,130,85,232,1067,459,183,136,434,155
WALSHMA01,2005,Matt,Walsh,MIA,N,2,3,2,0,0,0,0,0,0,1,0,1,1,2,0,0,0
WALTOLU01,2005,Luke,Walton,LAL,N,69,1332,345,88,159,247,156,41,15,78,119,328,135,76,57,55,18
WARRIHA01,2005,Hakim,Warrick,MEM,N,68,723,278,43,101,144,30,14,21,56,113,228,101,115,76,0,0
WATSOEA01,2005,Earl,Watson,SEA,N,24,603,276,7,65,72,129,31,3,61,64,227,98,52,38,100,42
WATSOEA01,2005,Earl,Watson,DEN,N,46,980,347,17,69,86,160,37,7,75,95,282,121,59,37,172,68
WATSOEA01,2005,Earl,Watson,TOT,N,70,1583,623,24,134,158,289,68,10,136,159,509,219,111,75,272,110
WEBBECH01,2005,Chris,Webber,PHI,N,75,2892,1518,184,557,741,256,103,62,182,219,1422,617,348,263,77,21
WEBSTMA02,2005,Martell,Webster,POR,N,61,1065,404,29,101,130,34,21,14,43,90,348,139,71,61,182,65
WELLSBO01,2005,Bonzi,Wells,SAC,N,52,1684,707,142,259,401,144,94,25,126,156,613,284,190,129,45,10
WELSCJI01,2005,Jiri,Welsch,MIL,N,58,863,251,22,89,111,62,34,1,41,65,222,86,87,65,49,14
WESLEDA01,2005,David,Wesley,HOU,N,71,2378,702,24,154,178,204,59,6,120,212,561,226,187,151,271,99
WESTDA01,2005,David,West,NOO,N,74,2527,1262,168,380,548,92,61,64,105,214,1036,530,236,199,11,3
WESTDE01,2005,Delonte,West,BOS,N,71,2419,836,57,232,289,329,84,46,133,197,684,333,101,86,218,84
WHALERO01,2005,Robert,Whaley,UTA,N,23,211,49,16,27,43,17,7,8,14,41,57,23,6,3,0,0
WILCOCH01,2005,Chris,Wilcox,LAC,N,47,637,212,42,122,164,18,15,20,32,100,163,87,59,38,2,0
WILCOCH01,2005,Chris,Wilcox,SEA,N,29,873,408,72,165,237,34,18,13,40,80,282,167,94,74,0,0
WILCOCH01,2005,Chris,Wilcox,TOT,N,76,1510,620,114,287,401,52,33,33,72,180,445,254,153,112,2,0
WILKIDA02,2005,Damien,Wilkins,SEA,N,82,1525,536,79,113,192,107,72,12,85,144,435,193,162,136,56,14
WILKSMI01,2005,Mike,Wilks,SEA,N,10,106,44,3,9,12,14,6,0,9,7,31,12,29,19,5,1
WILKSMI01,2005,Mike,Wilks,CLE,N,35,244,42,6,21,27,17,8,1,15,24,58,17,12,6,14,2
WILKSMI01,2005,Mike,Wilks,TOT,N,45,350,86,9,30,39,31,14,1,24,31,89,29,41,25,19,3
WILLIAA01,2005,Aaron,Williams,TOT,N,48,790,222,64,117,181,17,17,21,30,138,176,91,58,40,0,0
WILLIAA01,2005,Aaron,Williams,TOR,N,14,99,25,5,10,15,1,4,3,5,28,19,10,6,5,0,0
WILLIAA01,2005,Aaron,Williams,NOO,N,34,691,197,59,107,166,16,13,18,25,110,157,81,52,35,0,0
WILLIAL01,2005,Alvin,Williams,TOR,N,1,10,1,0,3,3,0,0,0,0,0,3,0,2,1,2,0
WILLICO02,2005,Corliss,Williamson,SAC,N,37,367,126,21,46,67,14,7,4,30,56,103,43,49,38,2,2
WILLIDE01,2005,Deron,Williams,UTA,N,80,2310,864,35,159,194,359,60,17,145,233,805,339,135,95,219,91
WILLIER01,2005,Eric,Williams,TOR,N,28,356,91,10,40,50,15,7,2,15,55,75,29,38,28,18,5
WILLIJA02,2005,Jason,Williams,MIA,N,59,1876,728,6,133,139,287,53,5,100,101,606,268,98,85,288,107
WILLILO02,2005,Louis,Williams,PHI,N,29,145,56,3,16,19,10,5,0,13,13,52,23,13,8,9,2
WILLIMA01,2005,Maurice,Williams,MIL,N,58,1533,703,30,113,143,230,52,7,105,146,629,267,113,96,191,73
WILLIMA02,2005,Marvin,Williams,ATL,N,79,1954,672,122,261,383,63,48,24,83,227,531,235,253,189,53,13
WOODSLO01,2005,Loren,Woods,TOR,N,27,324,62,44,66,110,4,9,23,16,49,59,28,14,6,1,0
WOODSQY01,2005,Qyntel,Woods,NYK,N,49,1015,329,44,146,190,47,32,13,61,96,254,129,76,49,60,22
WRIGHAN01,2005,Antoine,Wright,NJN,N,39,369,70,8,22,30,12,4,3,21,42,81,29,22,11,15,1
WRIGHBR02,2005,Bracey,Wright,MIN,N,7,136,62,3,15,18,5,1,0,8,8,51,21,16,14,17,6
WRIGHDO01,2005,Dorell,Wright,MIA,N,20,133,58,2,30,32,8,3,1,14,12,43,20,17,15,6,3
WRIGHLO02,2005,Lorenzen,Wright,MEM,N,78,1691,454,142,253,395,48,52,46,67,201,406,194,117,66,2,0
ZIMMEDE01,2005,Derek,Zimmerman,NJN,N,2,32,4,1,3,4,7,0,0,4,4,3,2,0,0,0,0
ABDURSH01,2006,Shareef,Abdur-Rahim,SAC,N,80,2012,793,122,276,398,109,53,40,116,243,654,310,234,170,20,3
ADAMSHA01,2006,Hassan,Adams,NJN,N,60,497,174,35,42,77,13,17,4,22,47,135,75,36,24,1,0
AGERMA01,2006,Maurice,Ager,DAL,N,31,210,69,1,20,21,7,4,3,15,26,69,22,33,20,15,5
ALDRILA01,2006,LaMarcus,Aldridge,POR,N,63,1390,565,144,168,312,24,22,73,43,186,479,241,115,83,2,0
ALLENMA01,2006,Malik,Allen,CHI,N,60,638,242,42,77,119,16,17,16,21,85,258,107,34,28,1,0
ALLENRA02,2006,Ray,Allen,SEA,N,55,2222,1454,57,190,247,228,82,11,154,113,1153,505,309,279,443,165
ALLENTO01,2006,Tony,Allen,BOS,N,33,807,379,35,89,124,56,49,12,75,86,259,133,134,105,33,8
ALSTORA01,2006,Rafer,Alston,HOU,N,82,3037,1085,29,253,282,444,129,10,170,195,1019,382,177,130,528,191
AMUNDLO01,2006,Louis,Amundson,UTA,N,1,2,0,0,0,0,0,0,0,0,0,0,0,0,0,0,0
AMUNDLO01,2006,Louis,Amundson,PHI,N,10,89,16,13,15,28,1,1,8,5,15,15,6,10,4,0,0
AMUNDLO01,2006,Louis,Amundson,TOT,N,11,91,16,13,15,28,1,1,8,5,15,15,6,10,4,0,0
ANDERAL01,2006,Alan,Anderson,CHR,N,17,256,98,11,21,32,21,7,0,22,33,81,37,23,19,20,5
ANDERDE01,2006,Derek,Anderson,CHR,N,50,1190,399,29,84,113,133,52,7,56,115,294,126,106,93,152,54
ANTHOCA01,2006,Carmelo,Anthony,DEN,N,65,2481,1881,143,249,392,249,77,22,234,203,1453,691,568,459,149,40
ARAUJRA01,2006,Rafael,Araujo,UTA,N,28,250,72,22,44,66,10,6,2,17,39,65,27,29,18,0,0
ARENAGI01,2006,Gilbert,Arenas,WAS,N,74,2942,2105,61,277,338,443,139,13,236,249,1547,647,718,606,583,205
ARIZATR01,2006,Trevor,Ariza,ORL,N,57,1279,506,98,151,249,65,59,19,84,134,371,200,171,106,7,0
ARMSTDA01,2006,Darrell,Armstrong,IND,N,81,1275,457,34,101,135,191,70,6,76,102,377,156,93,73,214,72
ARMSTHI01,2006,Hilton,Armstrong,NOO,N,55,628,176,58,89,147,10,12,26,35,79,125,68,67,40,0,0
ARROYCA01,2006,Carlos,Arroyo,ORL,N,72,1304,552,31,103,134,202,39,2,90,131,478,203,166,132,51,14
ARTESRO01,2006,Ron,Artest,SAC,N,70,2642,1316,102,352,454,235,149,43,146,205,1040,458,415,307,260,93
ATKINCH01,2006,Chucky,Atkins,MEM,N,75,2065,988,18,121,139,346,50,4,127,136,715,310,311,252,306,116
AUGUSJA01,2006,James,Augustine,ORL,N,2,8,2,1,2,3,2,0,0,0,2,3,1,0,0,0,0
AZUBUKE01,2006,Kelenna,Azubuike,GSW,N,41,670,291,26,68,94,28,22,10,39,49,220,98,78,61,79,34
BALKMRE01,2006,Renaldo,Balkman,NYK,N,67,1064,334,97,197,294,44,57,44,49,146,275,139,90,51,27,5
BANKSMA01,2006,Marcus,Banks,PHO,N,45,501,221,10,28,38,60,23,3,40,70,196,84,60,48,29,5
BARBOLE01,2006,Leandrinho,Barbosa,PHO,N,80,2617,1444,22,192,214,317,96,15,146,210,1111,529,232,196,438,190
BAREAJO01,2006,Jose,Barea,DAL,N,33,191,78,7,18,25,24,1,1,14,19,78,28,24,16,21,6
BARGNAN01,2006,Andrea,Bargnani,TOR,N,65,1629,751,52,203,255,50,32,53,107,180,625,267,142,117,268,100
BARNEMA02,2006,Matt,Barnes,GSW,N,76,1815,746,91,259,350,156,73,41,105,188,628,275,123,90,290,106
BARREAN01,2006,Andre,Barrett,CHI,N,6,28,8,1,4,5,7,0,0,4,4,8,4,0,0,0,0
BARROEA01,2006,Earl,Barron,MIA,N,28,202,65,19,22,41,5,6,4,11,21,83,24,18,17,1,0
BARRYBR01,2006,Brent,Barry,SAS,N,75,1633,635,17,143,160,138,56,12,61,88,425,202,117,103,287,128
BASSBR01,2006,Brandon,Bass,NOO,N,21,161,42,13,30,43,3,2,3,10,16,44,15,16,12,1,0
BASTOMA01,2006,Maceo,Baston,IND,N,47,402,138,21,53,74,16,12,18,32,65,76,49,47,37,7,3
BATISES01,2006,Esteban,Batista,ATL,N,13,81,20,7,23,30,4,3,0,4,13,16,8,7,4,0,0
BATTISH01,2006,Shane,Battier,HOU,N,82,2990,829,67,271,338,175,79,60,72,190,654,292,113,88,373,157
BATTITO01,2006,Tony,Battie,ORL,N,66,1576,404,92,252,344,35,29,30,61,185,360,176,77,52,1,0
BELLCH01,2006,Charlie,Bell,MIL,N,82,2849,1112,57,181,238,247,97,4,105,213,975,427,168,131,361,127
BELLRA01,2006,Raja,Bell,PHO,N,78,2918,1143,48,203,251,196,50,22,83,233,950,410,152,118,496,205
BIBBYMI01,2006,Mike,Bibby,SAC,N,82,2784,1403,39,224,263,388,88,6,197,139,1166,471,347,288,481,173
BIEDRAN01,2006,Andris,Biedrins,GSW,N,82,2378,783,251,511,762,88,67,136,119,304,581,348,167,87,0,0
BILLUCH01,2006,Chauncey,Billups,DET,N,70,2537,1191,23,214,237,502,84,17,140,161,815,348,437,386,316,109
BLAKEST01,2006,Steve,Blake,MIL,N,33,582,120,7,38,45,84,10,3,28,49,129,45,20,11,68,19
BLAKEST01,2006,Steve,Blake,DEN,N,49,1643,408,14,109,123,324,51,5,101,72,380,164,44,32,140,48
BLAKEST01,2006,Steve,Blake,TOT,N,82,2225,528,21,147,168,408,61,8,129,121,509,209,64,43,208,67
BLALOWI01,2006,Will,Blalock,DET,N,14,166,25,6,9,15,17,5,0,12,9,30,9,6,6,5,1
BLATCAN01,2006,Andray,Blatche,WAS,N,56,683,206,77,114,191,39,17,32,49,94,197,86,49,30,27,4
BLOUNMA01,2006,Mark,Blount,MIN,N,82,2547,1010,136,369,505,67,43,58,159,239,839,427,195,147,31,9
BOGANKE01,2006,Keith,Bogans,ORL,N,59,992,298,16,77,93,59,28,2,46,98,245,99,63,47,137,53
BOGUTAN01,2006,Andrew,Bogut,MIL,N,66,2257,809,168,416,584,198,49,35,150,216,629,348,194,112,5,1
BONNEMA01,2006,Matt,Bonner,SAS,N,56,654,275,65,91,156,22,17,11,25,67,237,106,38,27,94,36
BOONEJO01,2006,Josh,Boone,NJN,N,61,672,254,64,112,176,10,11,21,33,94,171,99,103,56,0,0
BOOTHCA01,2006,Calvin,Booth,WAS,N,44,380,69,27,54,81,18,4,29,9,71,66,31,10,6,2,1
BOOZECA01,2006,Carlos,Boozer,UTA,N,74,2564,1549,234,632,866,221,70,21,194,217,1153,647,372,255,0,0
BOSHCH01,2006,Chris,Bosh,TOR,N,69,2655,1561,186,555,741,175,39,90,179,163,1094,543,590,463,35,12
BOWENBR01,2006,Bruce,Bowen,SAS,N,82,2462,510,23,200,223,117,62,25,65,175,466,189,73,43,231,89
BOYKIEA01,2006,Earl,Boykins,DEN,N,31,877,472,23,40,63,132,25,2,52,31,378,156,131,119,110,41
BOYKIEA01,2006,Earl,Boykins,MIL,N,35,1154,489,26,50,76,159,31,0,68,61,391,167,114,101,129,54
BOYKIEA01,2006,Earl,Boykins,TOT,N,66,2031,961,49,90,139,291,56,2,120,92,769,323,245,220,239,95
BOZEMCE01,2006,Cedric,Bozeman,ATL,N,23,198,26,3,20,23,9,5,2,9,32,39,11,6,2,13,2
BRANDEL01,2006,Elton,Brand,LAC,N,80,3073,1642,268,476,744,235,77,179,202,238,1211,645,461,351,1,1
BREWERO02,2006,Ronnie,Brewer,UTA,N,56,671,260,37,38,75,24,37,6,24,44,193,102,83,56,9,0
BREZEPR01,2006,Primoz,Brezec,CHR,N,58,842,288,80,104,184,23,11,23,38,161,274,122,68,43,3,1
BROWNAN01,2006,Andre,Brown,SEA,N,38,272,93,26,48,74,2,6,4,29,26,74,42,15,9,1,0
BROWNDE02,2006,Devin,Brown,NOO,N,58,1664,670,55,196,251,149,44,9,91,139,555,233,155,123,227,81
BROWNDE03,2006,Dee.,Brown,UTA,N,49,450,94,8,32,40,83,22,7,31,51,98,32,37,24,28,6
BROWNKW01,2006,Kwame,Brown,LAL,N,41,1131,345,81,163,244,75,39,49,76,123,242,143,134,59,1,0
BROWNPJ01,2006,P.J.,Brown,CHI,N,72,1453,436,129,218,347,48,24,52,85,187,418,170,122,96,2,0
BROWNSH01,2006,Shannon,Brown,CLE,N,23,200,73,6,15,21,10,7,3,14,24,74,28,14,10,25,7
BRYANKO01,2006,Kobe,Bryant,LAL,N,77,3142,2430,75,364,439,413,111,36,255,205,1757,813,768,667,398,137
BUCKNGR01,2006,Greg,Buckner,DAL,N,76,1374,305,35,123,158,70,46,7,40,152,299,123,34,27,103,32
BURKEPA01,2006,Pat,Burke,PHO,N,23,164,60,12,35,47,5,3,2,7,19,65,23,13,8,22,6
BUTLECA01,2006,Caron,Butler,WAS,N,63,2474,1203,147,320,467,233,134,17,181,188,975,451,328,283,72,18
BUTLEJA01,2006,Jackie,Butler,SAS,N,11,103,41,6,16,22,5,2,0,10,16,35,16,10,9,0,0
BUTLERA01,2006,Rasual,Butler,NOO,N,81,2225,818,42,214,256,63,40,54,67,148,788,314,87,56,363,134
BYNUMAN01,2006,Andrew,Bynum,LAL,N,82,1794,637,139,345,484,94,12,128,115,249,443,247,214,143,3,0
CALDEJO01,2006,Jose,Calderon,TOR,N,77,1615,668,21,113,134,387,63,5,110,136,505,263,143,117,75,25
CAMBYMA01,2006,Marcus,Camby,DEN,N,70,2372,785,164,652,816,223,87,232,122,183,659,312,221,161,2,0
CARDIBR01,2006,Brian,Cardinal,MEM,N,28,315,127,13,46,59,31,22,1,23,42,85,42,27,25,44,18
CARNERO01,2006,Rodney,Carney,PHI,N,67,1173,442,39,89,128,26,38,23,43,118,392,182,87,53,72,25
CARROMA01,2006,Matt,Carroll,CHR,N,72,1877,869,35,172,207,91,53,9,73,176,658,285,208,188,267,111
CARTEAN01,2006,Anthony,Carter,DEN,N,2,37,6,0,3,3,11,0,1,6,4,8,3,0,0,2,0
CARTEVI01,2006,Vince,Carter,NJN,N,82,3127,2070,114,378,492,393,82,30,217,266,1598,726,576,462,437,156
CASSESA01,2006,Sam,Cassell,LAC,N,58,1411,714,27,140,167,270,28,8,101,126,625,261,182,160,109,32
CATOKE01,2006,Kelvin,Cato,NYK,N,18,95,22,12,19,31,0,3,10,6,10,22,7,12,8,0,0
CHANDTY01,2006,Tyson,Chandler,NOO,N,73,2525,690,320,584,904,66,37,129,126,244,468,292,201,106,1,0
CHILDJO01,2006,Josh,Childress,ATL,N,55,2025,715,124,217,341,127,58,36,80,118,518,261,210,167,77,26
CHRISDO01,2006,Doug,Christie,LAC,N,7,82,13,3,8,11,8,3,1,5,11,17,5,3,2,6,1
CLAXTSP01,2006,Craig,Claxton,ATL,N,42,1052,221,12,69,81,185,72,4,75,131,278,91,60,33,28,6
COLLIJA03,2006,Jason,Collins,NJN,N,80,1845,169,90,226,316,46,40,38,73,273,151,55,127,59,2,0
COLLIJA04,2006,Jarron,Collins,UTA,N,82,920,204,71,100,171,60,13,8,37,147,170,75,83,54,0,0
COLLIMA01,2006,Mardy,Collins,NYK,N,52,777,235,28,76,104,83,32,3,57,75,228,87,82,48,47,13
COLLINI01,2006,Nick,Collison,SEA,N,82,2379,790,229,437,666,82,48,66,123,290,636,318,199,154,2,0
CONROWI01,2006,Will,Conroy,MEM,N,3,16,0,1,1,2,1,0,0,0,1,0,0,0,0,0,0
CONROWI01,2006,Will,Conroy,LAC,N,4,35,0,2,3,5,8,0,0,2,6,3,0,4,0,0,0
CONROWI01,2006,Will,Conroy,TOT,N,7,51,0,3,4,7,9,0,0,2,7,3,0,4,0,0,0
COOKBR01,2006,Brian,Cook,LAL,N,65,1017,450,62,154,216,65,25,26,51,134,409,185,47,34,115,46
CRAWFJA01,2006,Jamal,Crawford,NYK,N,59,2198,1039,44,145,189,259,57,8,162,114,886,354,272,228,322,103
CROSHAU01,2006,Austin,Croshere,DAL,N,61,727,227,33,153,186,44,14,6,33,68,222,78,52,45,91,26
CURRYED01,2006,Eddy,Curry,NYK,N,81,2850,1576,195,376,571,68,34,40,295,265,1016,585,659,405,1,1
DALEMSA01,2006,Samuel,Dalembert,PHI,N,82,2540,879,239,494,733,64,47,159,161,286,658,356,224,167,2,0
DAMPIER01,2006,Erick,Dampier,DAL,N,76,1914,537,217,349,566,44,24,82,107,239,334,209,191,119,0,0
DANIEAN01,2006,Antonio,Daniels,WAS,N,80,1764,571,18,133,151,290,39,9,69,79,390,172,250,208,63,19
DANIEMA01,2006,Marquis,Daniels,IND,N,45,800,320,26,56,82,57,27,7,55,56,281,129,80,56,26,6
DAVISBA01,2006,Baron,Davis,GSW,N,63,2222,1264,51,225,276,509,135,29,193,181,1030,452,369,275,280,85
DAVISDA01,2006,Dale,Davis,DET,N,46,461,83,59,78,137,12,10,34,15,59,74,33,26,17,0,0
DAVISPA01,2006,Paul,Davis,LAC,N,31,179,51,21,23,44,7,6,5,8,28,52,22,10,7,0,0
DAVISRI01,2006,Ricky,Davis,MIN,N,81,3021,1374,54,261,315,385,80,23,210,189,1089,506,285,239,310,123
DELFICA01,2006,Carlos,Delfino,DET,N,82,1373,428,67,199,266,88,46,8,61,97,376,156,89,70,138,46
DENGLU01,2006,Luol,Deng,CHI,N,82,3074,1540,148,431,579,204,97,48,153,167,1218,630,359,279,7,1
DIAWAYA01,2006,Yakhouba,Diawara,DEN,N,64,1178,284,27,83,110,55,30,7,37,132,292,100,53,35,170,49
DIAWBO01,2006,Boris,Diaw,PHO,N,73,2275,709,91,226,317,352,28,38,154,177,569,306,120,82,45,15
DICKADA01,2006,Dan,Dickau,POR,N,50,445,166,7,36,43,70,14,1,27,55,151,54,53,42,61,16
DIENETR01,2006,Travis,Diener,ORL,N,26,286,98,3,15,18,35,4,0,13,27,80,34,15,12,50,18
DIOGUIK01,2006,Ike,Diogu,IND,N,42,537,243,54,86,140,20,5,15,49,87,183,83,96,77,0,0
DIOGUIK01,2006,Ike,Diogu,GSW,N,17,222,123,21,42,63,5,3,11,18,35,83,44,44,35,0,0
DIOGUIK01,2006,Ike,Diogu,TOT,N,59,759,366,75,128,203,25,8,26,67,122,266,127,140,112,0,0
DIOPDE01,2006,DeSagana,Diop,DAL,N,81,1476,190,166,272,438,30,40,113,63,244,151,71,86,48,1,0
DIXONJU01,2006,Juan,Dixon,TOR,N,26,684,288,11,62,73,41,27,2,24,65,259,110,44,41,83,27
DIXONJU01,2006,Juan,Dixon,POR,N,55,1243,490,16,69,85,82,49,7,77,112,444,189,72,60,143,52
DIXONJU01,2006,Juan,Dixon,TOT,N,81,1927,778,27,131,158,123,76,9,101,177,703,299,116,101,226,79
DOLEAMI01,2006,Michael,Doleac,MIA,N,56,699,200,44,111,155,22,18,15,30,96,175,82,41,36,1,0
DOOLIKE01,2006,Keyon,Dooling,ORL,N,66,1437,521,22,64,86,112,52,15,72,125,458,188,141,114,96,31
DOUBYQU01,2006,Quincy,Douby,SAC,N,42,359,119,11,26,37,15,15,4,15,21,126,48,15,11,50,12
DUHONCH01,2006,Chris,Duhon,CHI,N,78,1907,558,23,146,169,310,69,6,105,150,483,197,101,76,245,88
DUNCATI01,2006,Tim,Duncan,SAS,N,80,2728,1599,213,632,845,273,66,190,223,203,1131,618,568,362,9,1
DUNLEMI02,2006,Mike,Dunleavy Jr.,GSW,N,39,1052,446,40,147,187,117,38,12,71,83,370,166,101,78,104,36
DUNLEMI02,2006,Mike,Dunleavy Jr.,IND,N,43,1531,603,44,200,244,111,46,10,78,120,480,218,168,133,120,34
DUNLEMI02,2006,Mike,Dunleavy Jr.,TOT,N,82,2583,1049,84,347,431,228,84,22,149,203,850,384,269,211,224,70
DUPRERO01,2006,Ronald,Dupree,DET,N,19,92,25,5,12,17,5,5,1,3,12,31,11,9,3,0,0
ELLISMO01,2006,Monta,Ellis,GSW,N,77,2640,1272,62,181,243,319,132,21,221,210,1010,480,358,273,143,39
ELSONFR01,2006,Francisco,Elson,SAS,N,70,1333,350,81,255,336,55,31,59,86,184,282,144,80,62,2,0
ELYME01,2006,Melvin,Ely,CHR,N,24,245,70,12,27,39,14,2,6,24,39,60,23,35,24,0,0
ELYME01,2006,Melvin,Ely,SAS,N,6,65,19,3,11,14,4,4,2,5,12,20,6,12,7,0,0
ELYME01,2006,Melvin,Ely,TOT,N,30,310,89,15,38,53,18,6,8,29,51,80,29,47,31,0,0
EVANSMA01,2006,Maurice,Evans,LAL,N,76,1736,638,93,128,221,74,38,14,57,126,542,234,155,122,133,48
EVANSRE01,2006,Reggie,Evans,DEN,N,66,1129,325,156,304,460,45,42,16,95,143,215,117,183,91,0,0
EWINGDA01,2006,Daniel,Ewing,LAC,N,61,711,179,9,64,73,90,32,4,50,62,161,65,45,35,44,14
FARMAJO01,2006,Jordan,Farmar,LAL,N,71,1086,320,22,96,118,135,43,7,73,74,294,124,38,27,137,45
FARMEDE01,2006,Desmon,Farmer,SEA,N,8,32,13,0,1,1,9,1,0,1,2,15,5,1,1,8,2
FELTORA01,2006,Raymond,Felton,CHR,N,78,2837,1093,51,216,267,545,118,10,230,180,1024,393,256,204,312,103
FINLEMI01,2006,Michael,Finley,SAS,N,82,1820,740,34,189,223,108,32,16,46,76,663,273,98,90,286,104
FISHEDE01,2006,Derek,Fisher,UTA,N,82,2286,826,30,119,149,274,83,6,120,234,675,258,307,262,156,48
FORDTJ01,2006,T.J.,Ford,TOR,N,75,2244,1047,53,183,236,595,101,8,231,186,902,393,293,240,69,21
FORTSDA01,2006,Danny,Fortson,SEA,N,14,158,40,13,30,43,1,1,0,15,38,30,15,13,10,1,0
FOSTEJE01,2006,Jeff,Foster,IND,N,75,1742,322,252,356,608,57,62,37,70,202,259,122,122,78,1,0
FOYERA01,2006,Randy,Foye,MIN,N,82,1876,832,49,169,218,232,53,21,152,184,691,300,192,164,185,68
FOYLEAD01,2006,Adonal,Foyle,GSW,N,48,479,107,51,75,126,19,11,50,23,61,85,48,25,11,0,0
FRANCST01,2006,Steve,Francis,NYK,N,44,1237,497,33,124,157,170,40,12,100,126,343,140,211,175,111,42
FREIJMA01,2006,Matt,Freije,ATL,N,19,146,40,8,16,24,7,3,1,3,13,54,16,6,5,22,3
FRYECH01,2006,Channing,Frye,NYK,N,72,1897,684,91,304,395,67,37,42,100,216,689,298,108,85,18,3
GADZUDA01,2006,Dan,Gadzuric,MIL,N,54,841,258,94,152,246,29,22,32,49,141,228,108,90,42,1,0
GARBAJO01,2006,Jorge,Garbajosa,TOR,N,67,1906,567,48,282,330,125,78,15,64,90,529,222,78,57,193,66
GARCIFR01,2006,Francisco,Garcia,SAC,N,79,1408,474,53,152,205,87,45,43,70,190,380,163,114,95,149,53
GARNEKE01,2006,Kevin,Garnett,MIN,N,76,2999,1704,183,792,975,313,89,126,205,184,1341,638,498,416,56,12
GARRIPA01,2006,Pat,Garrity,ORL,N,33,277,71,12,30,42,14,7,0,14,37,70,22,18,16,32,11
GASOLPA01,2006,Pau,Gasol,MEM,N,59,2133,1226,149,432,581,201,29,126,162,137,858,462,400,299,11,3
GAYRU01,2006,Rudy,Gay,MEM,N,78,2107,846,93,254,347,100,70,74,140,192,760,321,209,152,143,52
GELABMI01,2006,Mickael,Gelabale,SEA,N,70,1235,321,59,114,173,56,24,22,49,108,264,122,82,66,47,11
GEORGDE01,2006,Devean,George,DAL,N,60,1283,381,57,156,213,33,46,23,51,143,369,146,48,36,149,53
GIBSODA01,2006,Daniel,Gibson,CLE,N,60,990,276,28,64,92,69,23,8,44,94,231,98,39,28,124,52
GINOBEM01,2006,Emmanuel,Ginobili,SAS,N,75,2064,1240,59,268,327,263,109,27,157,155,854,396,372,320,323,128
GIRICGO01,2006,Gordan,Giricek,UTA,N,61,1190,475,24,105,129,63,28,5,64,122,381,176,87,71,122,52
GLYNIAN01,2006,Andreas,Glyniadakis,SEA,N,13,80,17,2,6,8,1,0,0,9,19,17,8,2,1,0,0
GOMESRY01,2006,Ryan,Gomes,BOS,N,73,2274,881,125,282,407,119,48,13,105,169,723,338,233,189,42,16
GOODEDR01,2006,Drew,Gooden,CLE,N,80,2239,885,263,418,681,88,70,28,115,210,784,371,199,142,6,1
GORDOBE01,2006,Ben,Gordon,CHI,N,82,2704,1753,34,223,257,296,63,17,249,252,1338,609,440,380,375,155
GRAHAJO01,2006,Joey,Graham,TOR,N,79,1323,503,55,193,248,44,29,4,49,161,388,192,131,110,31,9
GRAHAST01,2006,Stephen,Graham,POR,N,14,165,45,6,15,21,5,4,1,13,25,40,17,9,8,11,3
GRANGDA01,2006,Danny,Granger,IND,N,82,2789,1142,114,267,381,114,66,61,135,245,867,398,294,236,288,110
GREENGE01,2006,Gerald,Green,BOS,N,81,1779,843,68,140,208,83,41,25,120,198,739,310,159,128,258,95
GREENOR01,2006,Orien,Greene,IND,N,41,254,63,12,32,44,22,17,4,28,38,62,23,25,15,11,2
GREENWI01,2006,Willie,Green,PHI,N,74,1846,839,42,116,158,112,56,4,106,144,868,357,111,74,157,51
GREERLY01,2006,Lynn,Greer,MIL,N,41,438,167,2,25,27,53,17,1,18,32,141,61,32,27,52,18
GRIFFAD01,2006,Adrian,Griffin,CHI,N,54,585,137,41,69,110,59,33,4,38,78,129,61,19,15,6,0
GRIFFED01,2006,Eddie,Griffin,MIN,N,13,91,18,7,18,25,4,0,7,6,8,27,7,5,4,1,0
HALLMI01,2006,Mike,Hall,WAS,N,2,13,2,1,1,2,1,0,0,0,1,4,1,0,0,0,0
HAMILRI01,2006,Richard,Hamilton,DET,N,75,2761,1485,75,207,282,285,59,15,159,232,1170,547,403,347,129,44
HARPRMA01,2006,Matt,Harpring,UTA,N,77,1967,894,117,236,353,99,52,11,118,232,656,322,309,237,39,13
HARRIAL01,2006,Al,Harrington,IND,N,36,1209,572,71,155,226,51,25,10,91,115,487,223,101,72,118,54
HARRIAL01,2006,Al,Harrington,GSW,N,42,1356,713,80,190,270,98,40,14,78,153,597,272,141,96,175,73
HARRIAL01,2006,Al,Harrington,TOT,N,78,2565,1285,151,345,496,149,65,24,169,268,1084,495,242,168,293,127
HARRIDA01,2006,David,Harrison,IND,N,24,191,71,9,33,42,6,5,12,26,47,58,30,22,11,0,0
HARRIDE01,2006,Devin,Harris,DAL,N,80,2088,813,45,151,196,296,96,21,146,242,593,292,261,215,50,14
HARRILO01,2006,Junior,Harrington,MEM,N,29,543,152,12,56,68,89,21,5,52,79,137,57,46,31,26,7
HARRIOT01,2006,Othella,Harrington,CHR,N,26,224,67,13,25,38,6,1,1,15,49,56,25,22,17,0,0
HARTJA01,2006,Jason,Hart,SAC,N,13,100,43,2,13,15,10,3,0,4,23,30,15,11,10,6,3
HARTJA01,2006,Jason,Hart,LAC,N,23,747,206,12,71,83,93,41,1,34,60,194,85,36,32,23,4
HARTJA01,2006,Jason,Hart,TOT,N,36,847,249,14,84,98,103,44,1,38,83,224,100,47,42,29,7
HASLEUD01,2006,Udonis,Haslem,MIA,N,79,2487,844,188,466,654,97,49,26,110,236,717,353,203,138,4,0
HASSETR01,2006,Trenton,Hassell,MIN,N,76,2219,514,83,160,243,203,22,26,80,144,444,218,92,72,25,6
HAYESCH01,2006,Chuck,Hayes,HOU,N,78,1716,439,204,317,521,47,70,18,64,281,335,192,89,55,0,0
HAYESJA01,2006,Jarvis,Hayes,WAS,N,81,1627,585,42,168,210,80,48,13,56,160,546,224,84,71,183,66
HAYWOBR01,2006,Brendan,Haywood,WAS,N,77,1741,511,195,282,477,47,34,88,90,208,355,198,210,115,0,0
HEADLU01,2006,Luther,Head,HOU,N,80,2209,875,31,221,252,194,76,5,137,133,701,307,105,83,402,178
HENDEAL01,2006,Alan,Henderson,PHI,N,38,418,119,48,59,107,10,9,12,12,62,67,43,47,33,0,0
HERRMWA01,2006,Walter,Herrmann,CHR,N,48,937,442,28,111,139,26,17,7,32,76,330,174,53,41,115,53
HILARMA01,2006,Nene,Hilario,DEN,N,64,1717,783,150,299,449,77,62,58,127,209,516,294,283,195,1,0
HILLGR01,2006,Grant,Hill,ORL,N,65,2010,934,53,184,237,138,61,25,144,146,660,342,324,248,12,2
HINRIKI01,2006,Kirk,Hinrich,CHI,N,80,2841,1327,32,242,274,500,100,23,191,274,1061,475,285,237,337,140
HITERO01,2006,Robert,Hite,MIA,N,12,136,51,4,12,16,8,3,2,6,8,60,19,12,8,23,5
HODGEJU01,2006,Julius,Hodge,MIL,N,5,27,9,1,4,5,2,1,0,2,3,7,4,2,1,0,0
HODGEJU01,2006,Julius,Hodge,DEN,N,3,35,6,1,2,3,10,3,0,1,3,5,2,2,2,0,0
HODGEJU01,2006,Julius,Hodge,TOT,N,8,62,15,2,6,8,12,4,0,3,6,12,6,4,3,0,0
HOLLIRY01,2006,Ryan,Hollins,CHR,N,27,185,64,11,20,31,1,4,7,16,40,36,20,40,24,0,0
HORRYRO01,2006,Robert,Horry,SAS,N,68,1127,268,73,156,229,77,45,41,44,105,251,90,64,38,149,50
HOUSEED01,2006,Eddie,House,NJN,N,56,943,468,14,78,92,67,27,3,27,69,421,180,36,33,175,75
HOWARDW01,2006,Dwight,Howard,ORL,N,82,3025,1443,283,725,1008,158,70,156,317,245,873,526,666,390,2,1
HOWARJO01,2006,Josh,Howard,DAL,N,70,2458,1323,131,345,476,127,82,56,123,180,1076,494,294,243,239,92
HOWARJU01,2006,Juwan,Howard,HOU,N,80,2127,773,138,332,470,131,29,8,112,205,665,309,188,155,0,0
HUDSOTR01,2006,Troy,Hudson,MIN,N,34,557,202,8,40,48,73,14,2,40,23,195,74,32,26,80,28
HUGHELA01,2006,Larry,Hughes,CLE,N,70,2597,1045,41,226,267,256,89,26,154,164,953,381,309,209,222,74
HUMPHKR01,2006,Kris,Humphries,TOR,N,60,668,227,78,109,187,18,13,21,32,97,185,87,79,53,0,0
HUNTELI01,2006,Lindsey,Hunter,DET,N,52,746,256,9,38,47,93,34,7,35,56,244,94,33,30,119,38
HUNTEST01,2006,Steven,Hunter,PHI,N,70,1604,450,114,221,335,26,13,76,65,137,326,188,151,74,0,0
IGUODAN01,2006,Andre,Iguodala,PHI,N,76,3062,1386,77,357,434,432,152,33,261,200,991,443,551,452,155,48
ILGAUZY01,2006,Zydrunas,Ilgauskas,CLE,N,78,2134,925,242,357,599,123,48,98,141,257,793,385,192,155,1,0
ILICMI01,2006,Mile,Ilic,NJN,N,5,5,0,0,1,1,0,0,0,3,1,3,0,0,0,0,0
ILYASER01,2006,Ersan,Ilyasova,MIL,N,66,976,402,58,131,189,49,27,17,51,147,363,139,89,70,148,54
IVERSAL01,2006,Allen,Iverson,DEN,N,50,2124,1241,16,136,152,359,90,12,202,75,947,430,436,331,144,50
IVERSAL01,2006,Allen,Iverson,PHI,N,15,640,468,7,34,41,109,33,1,66,21,366,151,174,154,53,12
IVERSAL01,2006,Allen,Iverson,TOT,N,65,2764,1709,23,170,193,468,123,13,268,96,1313,581,610,485,197,62
IVEYRO01,2006,Royal,Ivey,ATL,N,53,538,157,15,36,51,45,24,4,31,62,143,64,35,24,16,5
JACKJA01,2006,Jarrett,Jack,POR,N,79,2649,946,18,190,208,417,86,9,187,202,705,320,279,243,180,63
JACKSBO01,2006,Bobby,Jackson,NOO,N,56,1327,592,42,136,178,141,50,6,78,98,518,204,168,130,165,54
JACKSLU02,2006,Luke,Jackson,LAC,N,3,17,3,0,1,1,4,0,0,1,3,8,1,0,0,4,1
JACKSLU02,2006,Luke,Jackson,TOR,N,10,122,45,2,7,9,9,5,1,6,12,35,18,9,5,13,4
JACKSLU02,2006,Luke,Jackson,TOT,N,13,139,48,2,8,10,13,5,1,7,15,43,19,9,5,17,5
JACKSMA02,2006,Marc,Jackson,NOO,N,56,1021,408,62,130,192,58,21,7,65,89,388,159,103,90,1,0
JACKSST02,2006,Stephen,Jackson,IND,N,37,1185,521,17,78,95,114,33,20,81,87,430,180,146,120,138,41
JACKSST02,2006,Stephen,Jackson,GSW,N,38,1290,640,44,83,127,173,51,14,102,113,514,229,153,123,173,59
JACKSST02,2006,Stephen,Jackson,TOT,N,75,2475,1161,61,161,222,287,84,34,183,200,944,409,299,243,311,100
JAMESJE01,2006,Jerome,James,NYK,N,41,270,76,21,45,66,3,6,15,23,73,79,33,18,10,0,0
JAMESLE01,2006,LeBron,James,CLE,N,78,3195,2132,83,443,526,470,125,55,250,170,1621,772,701,489,310,99
JAMESMI01,2006,Mike,James,MIN,N,82,2075,826,25,138,163,297,55,7,129,171,701,296,184,154,215,80
JAMISAN01,2006,Antawn,Jamison,WAS,N,70,2660,1388,134,428,562,136,80,36,104,194,1139,512,307,226,379,138
JARICMA01,2006,Marko,Jaric,MIN,N,70,1558,371,54,130,184,145,75,16,88,172,325,136,88,67,85,32
JASIKSA01,2006,Sarunas,Jasikevicius ,GSW,N,26,311,113,5,16,21,61,13,1,31,22,101,37,31,27,44,12
JASIKSA01,2006,Sarunas,Jasikevicius ,IND,N,37,661,273,10,38,48,111,13,0,59,53,221,91,64,59,86,32
JASIKSA01,2006,Sarunas,Jasikevicius ,TOT,N,63,972,386,15,54,69,172,26,1,90,75,322,128,95,86,130,44
JEFFEAL01,2006,Al,Jefferson,BOS,N,69,2320,1107,237,519,756,88,48,106,136,232,882,453,295,201,1,0
JEFFERI01,2006,Richard,Jefferson,NJN,N,55,1958,897,48,192,240,148,34,8,120,123,665,303,326,239,145,52
JEFFRJA01,2006,Jared,Jeffries,NYK,N,55,1309,223,111,127,238,67,43,30,61,150,206,95,68,31,20,2
JOHNSAL01,2006,Alexander,Johnson,MEM,N,59,751,260,50,131,181,17,25,35,47,137,169,91,118,78,0,0
JOHNSAM01,2006,Amir,Johnson,DET,N,8,125,47,15,22,37,3,5,13,9,19,33,18,14,11,3,0
JOHNSAN02,2006,Anthony,Johnson,DAL,N,40,561,152,13,35,48,78,16,1,31,68,147,60,29,21,30,11
JOHNSAN02,2006,Anthony,Johnson,ATL,N,27,736,203,9,44,53,123,17,2,45,51,197,82,32,25,44,14
JOHNSAN02,2006,Anthony,Johnson,TOT,N,67,1297,355,22,79,101,201,33,3,76,119,344,142,61,46,74,25
JOHNSDE03,2006,DerMarr,Johnson,DEN,N,39,418,135,10,47,57,17,16,12,27,39,154,50,21,16,88,19
JOHNSJO02,2006,Joe,Johnson,ATL,N,57,2360,1426,53,186,239,249,60,11,176,115,1139,536,314,235,312,119
JOHNSLI01,2006,Linton,Johnson,NOO,N,54,721,226,52,111,163,18,33,18,27,101,190,93,37,30,30,10
JONESBO02,2006,Bobby,Jones,PHI,N,44,335,110,22,35,57,16,11,1,18,59,93,43,41,23,9,1
JONESDA01,2006,Damon,Jones,CLE,N,60,1177,393,9,57,66,94,16,2,36,53,355,137,44,30,231,89
JONESDA02,2006,Dahntay,Jones,MEM,N,78,1666,583,47,106,153,68,39,22,92,192,461,220,174,138,12,5
JONESDW02,2006,Dwayne,Jones,CLE,N,4,17,3,1,5,6,0,0,0,2,3,1,0,6,3,0,0
JONESED01,2006,Eddie,Jones,MEM,N,29,560,161,14,47,61,33,22,2,23,54,151,57,34,25,74,22
JONESED01,2006,Eddie,Jones,MIA,N,35,1029,332,17,112,129,76,46,8,24,70,271,121,41,34,148,56
JONESED01,2006,Eddie,Jones,TOT,N,64,1589,493,31,159,190,109,68,10,47,124,422,178,75,59,222,78
JONESFR01,2006,Freddie,Jones,TOT,N,63,1318,412,23,92,115,108,48,16,67,121,361,139,114,95,128,39
JONESFR01,2006,Freddie,Jones,POR,N,24,449,115,7,26,33,53,18,4,17,41,112,43,26,22,27,7
JONESFR01,2006,Freddie,Jones,TOR,N,39,869,297,16,66,82,55,30,12,50,80,249,96,88,73,101,32
JONESJA02,2006,James,Jones,PHO,N,76,1379,485,33,143,176,45,28,42,28,115,440,162,81,71,238,90
JONESJU01,2006,Jumaine,Jones,PHO,N,18,139,40,6,17,23,1,5,1,7,19,51,14,2,2,32,10
JONESSO01,2006,Solomon,Jones,ATL,N,58,670,189,49,87,136,11,11,42,25,124,128,65,75,59,1,0
KAMANCH01,2006,Chris,Kaman,LAC,N,75,2174,754,160,428,588,79,41,116,147,251,652,294,224,166,1,0
KAPONJA01,2006,Jason,Kapono,MIA,N,67,1768,730,26,154,180,81,38,2,70,135,563,278,74,66,210,108
KHRYAVI01,2006,Viktor,Khryapa,CHI,N,33,233,73,20,37,57,21,10,1,16,53,70,27,26,19,6,0
KIDDJA01,2006,Jason,Kidd,NJN,N,80,2936,1041,135,520,655,736,127,23,213,146,908,369,230,179,361,124
KINSETA01,2006,Tarence,Kinsey,MEM,N,48,968,369,28,69,97,41,53,2,46,57,303,139,98,78,46,13
KIRILAN01,2006,Andrei,Kirilenko,UTA,N,70,2048,584,88,241,329,202,74,144,135,172,418,197,239,174,75,16
KLEIZLI01,2006,Linas,Kleiza,DEN,N,79,1487,598,77,189,266,45,28,14,79,200,474,200,135,115,221,83
KNIGHBR01,2006,Brevin,Knight,CHR,N,45,1273,408,14,101,115,296,67,3,95,113,363,152,128,103,18,1
KOROLYA01,2006,Yaroslav,Korolev,LAC,N,10,41,12,1,2,3,4,3,0,1,0,16,4,6,3,5,1
KORVEKY01,2006,Kyle,Korver,PHI,N,74,2291,1067,30,229,259,105,57,20,117,188,845,372,209,191,307,132
KRSTINE01,2006,Nenad,Krstic,NJN,N,26,849,426,51,125,176,46,10,24,52,88,323,170,121,86,1,0
LAFRERA01,2006,Raef,LaFrentz,POR,N,27,353,100,25,45,70,8,7,11,13,57,102,39,26,20,23,2
LANGJA01,2006,James,Lang,WAS,N,11,55,11,5,6,11,2,0,3,2,14,9,4,5,3,0,0
LEEDA02,2006,David,Lee,NYK,N,58,1730,621,196,406,602,104,48,23,92,155,400,240,173,141,0,0
LEWISRA01,2006,Rashard,Lewis,SEA,N,60,2350,1342,91,305,396,145,68,39,118,143,1005,463,315,265,387,151
LIVINRA01,2006,Randy,Livingston,SEA,N,4,25,0,1,0,1,4,0,0,1,2,3,0,0,0,0,0
LIVINSH01,2006,Shaun,Livingston,LAC,N,54,1613,503,56,128,184,274,59,29,108,135,449,208,116,82,16,5
LOWRYKY01,2006,Kyle,Lowry,MEM,N,10,174,56,12,19,31,32,14,1,12,20,38,14,28,25,8,3
LUCASJO02,2006,John,Lucas,HOU,N,47,381,154,9,27,36,33,17,0,15,38,156,62,19,15,59,15
LUETY01,2006,Tyronn,Lue,ATL,N,56,1485,636,19,85,104,201,24,0,85,101,524,218,163,144,160,56
MADSEMA01,2006,Mark,Madsen,MIN,N,56,471,61,35,52,87,10,10,10,21,100,43,23,29,15,0,0
MAGGECO01,2006,Corey,Maggette,LAC,N,75,2295,1266,90,352,442,208,65,14,201,244,808,367,633,519,65,13
MAGLOJA01,2006,Jamaal,Magloire,POR,N,81,1706,529,151,341,492,30,21,66,129,226,395,199,242,131,0,0
MAJORRE01,2006,Renaldo,Major,GSW,N,1,27,5,0,2,2,0,2,0,1,4,10,2,2,1,0,0
MARBUST01,2006,Stephon,Marbury,NYK,N,74,2751,1210,36,177,213,403,71,10,179,185,952,395,386,297,345,123
MARIOSH01,2006,Shawn,Marion,PHO,N,80,3007,1403,172,613,785,134,156,122,114,216,1071,561,248,201,252,80
MARKODA01,2006,Damir,Markota,MIL,N,30,171,51,11,20,31,6,3,1,15,22,52,19,11,7,16,6
MARKSSE01,2006,Sean,Marks,PHO,N,3,17,6,0,3,3,0,0,1,0,4,6,2,2,2,1,0
MARSHDO01,2006,Donyell,Marshall,CLE,N,81,1361,566,86,237,323,46,39,43,67,130,493,209,80,53,271,95
MARSHRA01,2006,Rawle,Marshall,IND,N,40,362,99,8,21,29,13,12,5,19,22,89,32,45,31,18,4
MARTIDA01,2006,Darrick,Martin,TOR,N,32,221,94,2,10,12,43,3,0,12,22,94,33,21,15,37,13
MARTIKE01,2006,Kenyon,Martin,DEN,N,2,62,19,6,14,20,1,0,0,5,10,16,8,12,3,1,0
MARTIKE02,2006,Kevin,Martin,SAC,N,80,2818,1618,69,273,342,173,98,11,135,181,1067,505,570,481,333,127
MASONDE01,2006,Desmond,Mason,NOO,N,75,2575,1028,124,221,345,115,52,22,192,174,900,407,323,214,0,0
MASONRO01,2006,Roger,Mason,WAS,N,62,492,165,8,38,46,35,13,6,19,66,179,59,16,14,102,33
MAXIEJA01,2006,Jason,Maxiell,DET,N,67,943,334,88,98,186,14,30,60,53,110,262,131,137,72,0,0
MAYSE01,2006,Sean,May,CHR,N,35,837,416,73,160,233,66,19,24,56,100,328,164,112,86,3,2
MBENGDJ01,2006,D.J.,Mbenga,DAL,N,21,78,17,3,8,11,6,3,5,5,17,16,5,8,7,0,0
MCCANRA01,2006,Rashad,McCants,MIN,N,37,555,184,14,33,47,38,26,7,40,71,177,62,58,40,75,20
MCCRACH01,2006,Chris,McCray,MIL,N,5,12,0,0,0,0,0,0,0,2,1,3,0,0,0,0,0
MCDYEAN01,2006,Antonio,McDyess,DET,N,82,1727,664,165,331,496,72,61,65,75,240,540,284,139,96,0,0
MCFARIV01,2006,Ivan,McFarlin,PHI,N,11,40,15,7,4,11,1,0,0,1,8,13,5,7,5,1,0
MCGRATR01,2006,Tracy,McGrady,HOU,N,71,2543,1747,56,323,379,457,92,36,213,136,1480,638,488,345,381,126
MCINNJE01,2006,Jeff,McInnis,CHR,N,38,701,165,14,48,62,124,14,0,42,72,181,71,32,22,8,1
MCKIEAA01,2006,Aaron,McKie,LAL,N,10,131,22,1,17,18,13,4,0,8,13,17,11,0,0,0,0
MCLEOKE01,2006,Keith,McLeod,IND,N,22,336,93,1,21,22,45,7,2,23,30,83,32,25,22,22,7
MCLEOKE01,2006,Keith,McLeod,GSW,N,26,379,138,3,18,21,45,17,3,23,21,105,41,53,47,23,9
MCLEOKE01,2006,Keith,McLeod,TOT,N,48,715,231,4,39,43,90,24,5,46,51,188,73,78,69,45,16
MEDVEST01,2006,Slava,Medvedenko,ATL,N,14,82,42,4,10,14,2,0,2,5,16,29,12,20,17,2,1
MENSAPO01,2006,Pops,Mensah-Bonsu,DAL,N,12,71,29,9,12,21,0,1,0,9,8,17,11,18,7,0,0
MILESCJ01,2006,C.J.,Miles,UTA,N,37,375,101,11,24,35,25,11,4,28,60,116,40,23,14,32,7
MILICDA01,2006,Darko,Milicic,ORL,N,80,1913,639,145,292,437,90,44,140,124,219,548,249,230,141,1,0
MILLEAN02,2006,Andre,Miller,DEN,N,23,821,300,25,79,104,209,37,4,70,58,248,117,85,62,16,4
MILLEAN02,2006,Andre,Miller,PHI,N,57,2143,775,72,176,248,416,73,6,152,126,661,307,198,160,19,1
MILLEAN02,2006,Andre,Miller,TOT,N,80,2964,1075,97,255,352,625,110,10,222,184,909,424,283,222,35,5
MILLEBR01,2006,Brad,Miller,SAC,N,63,1784,568,79,322,401,224,38,39,108,155,494,224,149,115,33,5
MILLEMI01,2006,Mike,Miller,MEM,N,70,2740,1293,52,326,378,298,54,18,179,138,1010,465,203,161,498,202
MILLSPA01,2006,Paul,Millsap,UTA,N,82,1474,559,183,240,423,62,67,74,94,236,398,209,208,140,3,1
MINGYA01,2006,Yao,Ming,HOU,N,48,1625,1202,101,350,451,93,17,94,167,159,819,423,413,356,2,0
MOBLECU01,2006,Cuttino,Mobley,LAC,N,78,2840,1077,52,215,267,198,92,24,145,186,882,388,239,200,246,101
MOHAMNA01,2006,Nazr,Mohammed,DET,N,51,776,286,89,140,229,9,27,40,43,133,222,118,82,50,0,0
MOOREMI01,2006,Mikki,Moore,NJN,N,79,2083,776,145,258,403,74,46,60,113,261,506,308,235,160,1,0
MORRIAD01,2006,Adam,Morrison,CHR,N,78,2331,917,54,176,230,163,28,6,130,179,944,355,169,120,258,87
MORRIRA01,2006,Randolph,Morris,NYK,N,5,43,4,1,8,9,1,2,1,2,4,6,1,6,2,0,0
MOURNAL01,2006,Alonzo,Mourning,MIA,N,77,1572,661,126,224,350,18,13,178,129,218,425,238,308,185,0,0
MURPHTR01,2006,Troy,Murphy,GSW,N,26,666,231,37,120,157,60,21,17,29,63,180,81,66,47,59,22
MURPHTR01,2006,Troy,Murphy,IND,N,42,1183,467,63,194,257,66,25,25,49,133,402,185,79,61,88,36
MURPHTR01,2006,Troy,Murphy,TOT,N,68,1849,698,100,314,414,126,46,42,78,196,582,266,145,108,147,58
MURRARO01,2006,Ronald,Murray,DET,N,69,1474,465,26,87,113,187,49,13,90,96,438,177,120,87,83,24
MUTOMDI01,2006,Dikembe,Mutombo,HOU,N,75,1291,230,164,324,488,13,22,76,38,156,153,85,87,60,0,0
NACHBBO01,2006,Bostjan,Nachbar,NJN,N,76,1532,696,27,226,253,61,30,26,69,183,495,226,164,132,265,112
NAJERED01,2006,Eduardo,Najera,DEN,N,75,1659,497,131,179,310,64,73,26,56,207,354,204,123,88,12,1
NASHST01,2006,Steve,Nash,PHO,N,76,2685,1412,30,239,269,884,57,6,287,117,971,517,247,222,343,156
NELSOJA01,2006,Jameer,Nelson,ORL,N,77,2333,1000,50,186,236,330,73,5,184,225,875,376,221,183,194,65
NESTERA01,2006,Radoslav,Nesterovic,TOR,N,80,1680,494,115,245,360,74,37,84,56,193,421,230,50,34,1,0
NEWBLIR01,2006,Ira,Newble,CLE,N,15,129,46,13,17,30,2,6,0,3,17,37,16,10,6,15,8
NOCIOAN01,2006,Andres,Nocioni,CHI,N,53,1403,749,42,259,301,57,27,24,104,164,584,273,145,123,209,80
NOELDA01,2006,David,Noel,MIL,N,68,791,182,42,81,123,65,25,9,40,77,176,64,43,37,53,17
NOVAKST01,2006,Steve,Novak,HOU,N,35,188,51,4,22,26,6,5,0,4,21,50,18,2,2,39,13
NOWITDI01,2006,Dirk,Nowitzki,DAL,N,78,2819,1916,122,571,693,263,52,62,167,171,1341,673,551,498,173,72
OBERTFA01,2006,Fabricio,Oberto,SAS,N,79,1364,349,131,237,368,68,25,24,69,213,281,158,51,33,0,0
OBRYAPA01,2006,Patrick,O'Bryant,GSW,N,16,119,31,7,14,21,9,6,8,8,26,32,10,17,11,0,0
ODOMLA01,2006,Lamar,Odom,LAL,N,56,2203,890,102,445,547,270,53,32,163,182,681,319,283,198,182,54
OKAFOEM01,2006,Emeka,Okafor,CHR,N,67,2330,963,258,499,757,80,57,172,111,210,740,394,295,175,0,0
OKURME01,2006,Mehmet,Okur,UTA,N,80,2662,1405,160,419,579,156,36,38,125,257,1062,490,387,296,336,129
OLLIEKE01,2006,Kevin,Ollie,PHI,N,53,920,199,8,66,74,130,21,1,47,76,187,81,45,37,2,0
OLOWOMI01,2006,Michael,Olowokandi,BOS,N,24,236,40,14,34,48,5,8,13,17,48,46,19,3,2,0,0
ONEAJE01,2006,Jermaine,O'Neal,IND,N,69,2462,1339,153,508,661,167,50,182,203,232,1141,498,447,343,7,0
ONEASH01,2006,Shaquille,O'Neal,MIA,N,40,1134,690,97,200,297,79,8,55,95,139,479,283,294,124,0,0
OUTLABO01,2006,Charles,Outlaw,ORL,N,41,457,81,47,59,106,16,17,6,21,57,51,34,22,13,0,0
OUTLATR01,2006,Travis,Outlaw,POR,N,67,1537,645,65,152,217,52,61,74,66,150,567,246,181,143,37,10
PACHUZA01,2006,Zaza,Pachulia,ATL,N,72,2026,875,199,301,500,106,77,36,162,267,614,291,373,293,1,0
PADGESC01,2006,Scott,Padgett,MEM,N,7,33,2,5,4,9,0,1,0,1,2,7,1,2,0,4,0
PADGESC01,2006,Scott,Padgett,HOU,N,24,199,44,11,34,45,8,4,3,8,33,49,15,11,6,29,8
PADGESC01,2006,Scott,Padgett,TOT,N,31,232,46,16,38,54,8,5,3,9,35,56,16,13,6,33,8
PARGOJA01,2006,Jannero,Pargo,NOO,N,81,1700,747,20,159,179,201,53,4,121,120,688,282,120,102,208,81
PARKEAN01,2006,Anthony,Parker,TOR,N,73,2434,903,60,223,283,153,73,11,71,135,687,328,159,132,261,115
PARKETO01,2006,Tony,Parker,SAS,N,77,2503,1429,34,216,250,420,82,6,191,137,1096,570,350,274,38,15
PARKEWI01,2006,Smush,Parker,LAL,N,82,2454,907,45,161,206,228,119,10,153,211,785,342,175,113,301,110
PATTERU01,2006,Ruben,Patterson,MIL,N,81,2508,1194,190,250,440,232,110,25,199,232,867,475,376,241,19,3
PAULCH01,2006,Chris,Paul,NOO,N,65,2357,1104,54,226,280,569,118,3,161,155,871,381,357,292,143,50
PAVLOAL01,2006,Sasha,Pavlovic,CLE,N,67,1533,604,23,135,158,105,55,17,102,145,490,222,127,100,148,60
PAYTOGA01,2006,Gary,Payton,MIA,N,68,1503,358,18,114,132,201,43,3,66,117,366,144,57,38,123,32
PERKIKE01,2006,Kendrick,Perkins,BOS,N,72,1575,324,113,259,372,94,23,96,113,214,269,132,100,60,3,0
PETERMO01,2006,Morris,Peterson,TOR,N,71,1520,634,32,205,237,47,45,12,53,126,517,222,123,84,295,106
PETROJO01,2006,Johan,Petro,SEA,N,81,1509,502,92,243,335,45,39,47,82,237,438,226,77,50,0,0
PIATKER01,2006,Eric,Piatkowski,PHO,N,11,71,27,2,7,9,4,0,1,5,6,25,9,2,2,18,7
PIERCPA01,2006,Paul,Pierce,BOS,N,47,1741,1173,39,238,277,194,48,13,152,122,850,373,402,320,275,107
PIETRMI01,2006,Mickael,Pietrus,GSW,N,72,1939,801,81,246,327,62,48,55,105,220,586,286,210,136,240,93
PINKNKE01,2006,Kevinn,Pinkney,BOS,N,6,99,31,7,8,15,5,3,3,4,12,27,12,9,6,2,1
POLLASC01,2006,Scot,Pollard,CLE,N,24,108,24,15,16,31,3,4,1,4,27,26,11,4,2,0,0
POSEYJA01,2006,James,Posey,MIA,N,71,1918,550,66,291,357,94,71,23,55,193,432,186,98,81,259,97
POTAPVI01,2006,Vitaly,Potapenko,SAC,N,3,14,0,0,2,2,0,0,0,2,3,4,0,0,0,0,0
POWELE01,2006,Leon,Powe,BOS,N,62,723,264,97,118,215,10,14,22,47,104,177,79,144,106,2,0
POWELJO01,2006,Josh,Powell,GSW,N,30,290,104,17,52,69,18,5,12,24,43,78,41,30,22,0,0
POWELJO01,2006,Josh,Powell,IND,N,7,64,12,7,12,19,3,0,0,5,18,15,2,12,8,0,0
POWELJO01,2006,Josh,Powell,TOT,N,37,354,116,24,64,88,21,5,12,29,61,93,43,42,30,0,0
POWELRO01,2006,Roger,Powell,UTA,N,3,13,2,3,0,3,0,0,0,3,2,3,0,2,2,1,0
PRICERO01,2006,Ronnie,Price,SAC,N,58,563,192,15,56,71,48,28,4,33,64,172,67,55,37,65,21
PRINCTA01,2006,Tayshaun,Prince,DET,N,82,3004,1171,144,285,429,227,51,55,98,116,997,459,224,172,210,81
PRZYBJO01,2006,Joel,Przybilla,POR,N,43,698,84,59,109,168,12,10,67,40,124,78,37,27,10,0,0
QUINNCH01,2006,Chris,Quinn,MIA,N,42,410,141,6,24,30,65,15,0,21,32,131,48,37,25,57,20
RADMAVL01,2006,Vladimir,Radmanovic,LAL,N,55,987,361,53,127,180,66,25,18,69,125,316,134,73,53,118,40
RANDOSH01,2006,Shavlik,Randolph,PHI,N,13,180,58,19,35,54,4,7,10,9,23,48,23,22,12,0,0
RANDOZA01,2006,Zach,Randolph,POR,N,68,2426,1608,199,489,688,147,53,15,215,183,1286,600,481,394,48,14
RATLITH01,2006,Theo,Ratliff,BOS,N,2,43,5,2,5,7,0,1,3,1,6,3,1,4,3,0,0
RAYAL01,2006,Allan,Ray,BOS,N,47,710,290,18,51,69,43,20,3,42,85,259,100,55,42,116,48
REDDMI01,2006,Michael,Redd,MIL,N,53,2033,1416,42,154,196,124,63,9,122,78,1025,477,416,345,306,117
REDICJJ01,2006,J.J.,Redick,ORL,N,42,623,252,10,42,52,36,12,0,21,52,195,80,60,54,98,38
REEDJU01,2006,Justin,Reed,MIN,N,41,317,106,15,31,46,17,5,3,22,44,107,40,30,26,0,0
REINEJA01,2006,Jared,Reiner,MIL,N,27,253,33,21,50,71,13,5,6,14,45,43,15,10,3,0,0
RICHAJA01,2006,Jason,Richardson,GSW,N,51,1677,814,72,187,259,172,54,32,82,129,734,306,140,92,300,110
RICHAJE01,2006,Jeremy,Richardson,POR,N,1,1,0,0,0,0,0,0,0,0,0,0,0,0,0,0,0
RICHAJE01,2006,Jeremy,Richardson,ATL,N,5,19,8,1,1,2,0,1,0,1,2,6,3,0,0,3,2
RICHAJE01,2006,Jeremy,Richardson,TOT,N,6,20,8,1,1,2,0,1,0,1,2,6,3,0,0,3,2
RICHAQU01,2006,Quentin,Richardson,NYK,N,49,1622,636,65,287,352,108,36,7,70,133,545,228,120,83,258,97
RIDNOLU01,2006,Luke,Ridnour,SEA,N,71,2093,779,28,136,164,368,83,19,156,181,695,301,159,128,139,49
ROBERAN02,2006,Anthony,Roberson,GSW,N,20,229,111,2,19,21,10,12,0,13,27,104,44,3,2,55,21
ROBERLA01,2006,Lawrence,Roberts,MEM,N,54,974,283,101,160,261,30,36,13,36,133,208,94,131,95,2,0
ROBINBE01,2006,Bernard,Robinson Jr.,CHR,N,21,242,51,9,33,42,17,13,1,16,28,54,16,22,19,2,0
ROBINBE01,2006,Bernard,Robinson Jr.,NJN,N,10,38,10,1,5,6,2,4,1,0,4,8,3,5,4,0,0
ROBINBE01,2006,Bernard,Robinson Jr.,TOT,N,31,280,61,10,38,48,19,17,2,16,32,62,19,27,23,2,0
ROBINCL02,2006,Cliff,Robinson,NJN,N,50,951,203,31,91,122,51,12,23,30,98,218,81,36,16,66,25
ROBINNA01,2006,Nate,Robinson,NYK,N,64,1358,645,55,97,152,90,50,6,72,160,523,227,139,108,213,83
RODRISE01,2006,Sergio,Rodriguez,POR,N,67,859,247,20,71,91,218,35,2,77,72,239,101,26,21,85,24
RONDORA01,2006,Rajon,Rondo,BOS,N,78,1829,501,74,218,292,297,128,8,137,182,450,188,184,119,29,6
ROSEJA01,2006,Jalen,Rose,PHO,N,29,247,108,3,20,23,16,5,2,9,22,86,38,12,11,47,21
ROSEMA01,2006,Malik,Rose,NYK,N,65,807,192,47,128,175,65,26,9,65,120,186,74,52,42,8,2
ROSSQU01,2006,Quinton,Ross,LAC,N,81,1704,424,60,130,190,86,70,32,33,179,379,177,87,68,10,2
ROYBR01,2006,Brandon,Roy,POR,N,57,2016,955,58,192,250,230,67,10,116,139,765,349,241,202,146,55
RUFFIMI01,2006,Michael,Ruffin,WAS,N,30,270,17,35,27,62,6,6,8,12,43,18,5,19,7,0,0
SALMOJO01,2006,John,Salmons,SAC,N,79,2139,671,47,217,264,254,73,27,119,177,517,236,204,159,112,40
SAMPSJA01,2006,Jamal,Sampson,DEN,N,22,123,24,15,33,48,5,2,7,10,17,14,9,14,6,1,0
SCALABR01,2006,Brian,Scalabrine,BOS,N,54,1024,216,24,81,105,59,23,18,44,130,191,77,23,18,110,44
SCHENLU01,2006,Luke,Schenscher,POR,N,11,117,19,10,15,25,1,2,4,4,25,23,7,7,5,0,0
SEFOLTH01,2006,Thabo,Sefolosha,CHI,N,71,865,256,35,118,153,60,33,11,60,100,256,109,45,23,42,15
SENEMO01,2006,Mouhamed,Sene,SEA,N,28,170,53,16,29,45,0,3,12,11,33,49,18,29,17,0,0
SIMIEWA01,2006,Wayne,Simien,MIA,N,8,93,23,5,6,11,4,2,0,3,13,23,9,7,5,0,0
SIMMOCE01,2006,Cedric,Simmons,NOO,N,42,523,122,43,62,105,12,7,21,20,73,131,54,29,14,0,0
SINGLJA01,2006,James,Singleton,LAC,N,52,375,85,36,70,106,17,15,17,17,45,82,30,29,22,14,3
SKINNBR01,2006,Brian,Skinner,MIL,N,67,1519,294,106,279,385,58,18,64,75,195,253,124,79,46,0,0
SLOKAUR01,2006,Uros,Slokar,TOR,N,20,71,38,7,7,14,1,1,2,9,11,26,14,13,9,2,1
SMITHCR01,2006,Craig,Smith,MIN,N,82,1537,608,149,266,415,49,51,18,74,223,463,246,186,116,6,0
SMITHJO01,2006,Joe,Smith,PHI,N,54,1357,497,107,253,360,46,31,20,63,125,429,191,136,115,4,0
SMITHJO01,2006,Joe,Smith,DEN,N,11,148,56,13,27,40,3,6,7,13,23,48,23,12,10,1,0
SMITHJO01,2006,Joe,Smith,TOT,N,65,1505,553,120,280,400,49,37,27,76,148,477,214,148,125,5,0
SMITHJO03,2006,Josh,Smith,ATL,N,72,2651,1178,164,456,620,236,101,207,227,241,993,436,387,268,152,38
SMITHJR01,2006,J.R.,Smith,DEN,N,63,1473,819,30,113,143,91,49,9,85,146,644,284,126,102,382,149
SMITHST03,2006,Steven,Smith,PHI,N,8,27,5,1,5,6,0,1,0,2,4,8,2,2,1,0,0
SNOWER01,2006,Eric,Snow,CLE,N,82,1929,342,35,153,188,330,55,16,111,185,324,135,113,72,4,0
SNYDEKI01,2006,Kirk,Snyder,HOU,N,39,559,192,17,66,83,39,11,12,26,51,146,66,75,49,44,11
SONGADA01,2006,Darius,Songaila,WAS,N,37,700,282,44,90,134,38,17,10,43,105,225,118,54,46,2,0
SOWPA01,2006,Pape,Sow,TOR,N,7,35,10,6,5,11,2,1,1,1,2,9,3,6,4,0,0
SPANOVA01,2006,Vassilis,Spanoulis,HOU,N,31,270,85,5,17,22,28,7,1,29,33,72,23,42,34,29,5
STACKJE01,2006,Jerry,Stackhouse,DAL,N,67,1617,804,39,106,145,187,51,10,117,77,654,280,215,182,162,62
STEVEDE01,2006,DeShawn,Stevenson,WAS,N,82,2418,920,55,161,216,218,65,19,119,155,753,347,216,152,183,74
STOJAPR01,2006,Predrag,Stojakovic,NOO,N,13,426,231,11,43,54,11,8,4,19,29,196,83,38,31,84,34
STOUDAM01,2006,Amare,Stoudemire,PHO,N,82,2690,1671,222,564,786,84,78,110,232,295,1055,607,585,457,3,0
STOUDDA01,2006,Damon,Stoudamire,MEM,N,62,1501,467,31,108,139,299,47,2,101,95,437,171,83,66,175,59
STOUDSA01,2006,Salim,Stoudamire,ATL,N,61,1033,471,6,68,74,61,21,2,55,89,425,177,68,61,155,56
SWEETMI01,2006,Mike,Sweetney,CHI,N,48,384,153,45,75,120,28,9,11,42,79,134,58,66,37,0,0
SWIFTST01,2006,Stromile,Swift,MEM,N,54,1035,419,85,165,250,17,30,62,69,146,346,161,134,97,5,0
SZCZEWA01,2006,Wally,Szczerbiak,BOS,N,32,900,479,16,82,98,55,18,3,54,65,388,161,126,113,106,44
TAYLODO01,2006,Donell,Taylor,WAS,N,47,371,126,14,39,53,45,17,3,25,34,140,56,21,11,17,3
TAYLOMA01,2006,Maurice,Taylor,SAC,N,12,103,24,10,18,28,5,4,1,6,16,28,8,13,8,0,0
TELFASE01,2006,Sebastian,Telfair,BOS,N,78,1582,479,17,91,108,218,43,11,98,166,474,176,110,90,128,37
TERRYJA01,2006,Jason,Terry,DAL,N,81,2851,1348,40,190,230,422,81,17,152,170,1062,513,199,160,370,162
THOMAET01,2006,Etan,Thomas,WAS,N,65,1248,395,136,241,377,29,22,89,71,162,277,159,138,77,0,0
THOMAKE01,2006,Kenny,Thomas,SAC,N,62,1412,331,134,243,377,76,43,16,90,141,303,146,76,39,1,0
THOMAKU01,2006,Kurt,Thomas,PHO,N,67,1212,308,86,293,379,24,24,29,35,156,259,126,71,56,1,0
THOMATI01,2006,Tim,Thomas,LAC,N,76,2054,836,63,315,378,171,55,28,106,228,723,299,144,102,356,136
THOMATY01,2006,Tyrus,Thomas,CHI,N,72,967,374,89,180,269,40,46,76,94,162,282,134,175,106,2,0
THOMPDI01,2006,Dijon,Thompson,ATL,N,6,50,17,3,5,8,2,0,0,1,2,15,6,6,5,2,0
TINSLJA01,2006,Jamaal,Tinsley,IND,N,72,2242,925,60,180,240,494,117,25,200,190,889,346,239,172,193,61
TSAKAIA01,2006,Iakovos,Tsakalidis,HOU,N,13,132,30,18,22,40,3,1,1,3,17,22,9,15,12,0,0
TSAKAIA01,2006,Iakovos,Tsakalidis,MEM,N,23,262,54,24,40,64,2,7,11,21,34,50,20,24,14,0,0
TSAKAIA01,2006,Iakovos,Tsakalidis,TOT,N,36,394,84,42,62,104,5,8,12,24,51,72,29,39,26,0,0
TUCKEPJ01,2006,P.J.,Tucker,TOR,N,17,85,30,11,12,23,3,2,0,6,12,22,11,14,8,0,0
TURIARO01,2006,Ronny,Turiaf,LAL,N,72,1088,383,88,171,259,63,17,78,52,202,268,147,134,89,1,0
TURKOHI01,2006,Hidayet,Turkoglu,ORL,N,73,2264,970,57,236,293,233,70,16,143,221,823,345,219,171,281,109
UDOKAIM01,2006,Ime,Udoka,POR,N,75,2143,629,95,184,279,112,71,17,73,207,514,237,89,66,219,89
UDRIHBE01,2006,Beno,Udrih,SAS,N,73,948,340,11,71,82,122,27,1,56,70,344,127,60,53,115,33
VAREJAN01,2006,Anderson,Varejao,CLE,N,81,1931,547,191,354,545,75,76,52,67,269,401,191,268,165,9,0
VAUGHJA01,2006,Jacque,Vaughn,SAS,N,64,757,192,8,60,68,131,24,2,40,74,167,71,65,49,2,1
VILLACH01,2006,Charlie,Villanueva,MIL,N,39,984,462,62,166,228,36,24,12,54,108,383,180,89,73,86,29
VINICMA01,2006,Marcus,Vinicius,NOO,N,13,102,22,2,9,11,5,2,1,6,10,15,7,7,5,7,3
VOSKUJA01,2006,Jake,Voskuhl,CHR,N,73,1038,319,84,172,256,44,30,24,56,199,255,121,113,77,0,0
VUJACSA01,2006,Sasha,Vujacic,LAL,N,73,937,313,28,79,107,64,41,1,30,103,268,105,49,43,161,60
WADEDW01,2006,Dwyane,Wade,MIA,N,51,1929,1397,51,188,239,384,107,62,216,117,962,472,535,432,79,21
WAFERVO01,2006,Von,Wafer,LAC,N,1,1,0,0,0,0,0,0,0,0,0,1,0,0,0,1,0
WAGNEDA02,2006,Dajuan,Wagner,GSW,N,1,7,4,0,0,0,1,0,0,1,1,1,1,2,1,1,1
WALKEAN01,2006,Antoine,Walker,MIA,N,78,1814,660,92,247,339,130,48,17,141,173,668,265,105,46,305,84
WALLABE01,2006,Ben,Wallace,CHI,N,77,2699,494,303,518,821,186,111,156,101,153,424,192,266,109,5,1
WALLAGE01,2006,Gerald,Wallace,CHR,N,72,2643,1304,142,376,518,185,144,69,160,209,952,478,447,309,120,39
WALLARA01,2006,Rasheed,Wallace,DET,N,75,2418,926,90,453,543,127,75,118,94,225,843,357,137,108,296,104
WALTOLU01,2006,Luke,Walton,LAL,N,60,1980,684,87,215,302,257,60,21,118,117,557,264,145,108,124,48
WARRIHA01,2006,Hakim,Warrick,MEM,N,82,2151,1045,130,290,420,75,43,30,161,232,712,373,388,299,8,0
WATSOEA01,2006,Earl,Watson,SEA,N,77,2150,726,34,151,185,437,99,23,167,151,687,263,147,108,280,92
WEBBECH01,2006,Chris,Webber,DET,N,43,1279,486,87,201,288,127,42,26,74,107,409,200,132,84,6,2
WEBBECH01,2006,Chris,Webber,PHI,N,18,544,198,37,112,149,61,18,15,33,36,230,89,28,18,5,2
WEBBECH01,2006,Chris,Webber,TOT,N,61,1823,684,124,313,437,188,60,41,107,143,639,289,160,102,11,4
WEBSTMA02,2006,Martell,Webster,POR,N,82,1762,574,43,197,240,52,35,19,76,126,492,195,132,93,250,91
WELLSBO01,2006,Bonzi,Wells,HOU,N,28,593,217,26,94,120,31,24,13,57,62,207,85,82,46,7,1
WESLEDA01,2006,David,Wesley,CLE,N,35,353,73,3,32,35,37,12,4,17,32,75,22,28,20,38,9
WESTDA01,2006,David,West,NOO,N,52,1901,949,125,298,423,114,42,38,98,142,791,377,227,187,25,8
WESTDE01,2006,Delonte,West,BOS,N,69,2215,845,32,176,208,304,74,34,140,152,717,306,197,168,178,65
WHITEJA02,2006,James,White,SAS,N,6,138,50,3,17,20,5,3,1,5,7,41,18,15,12,7,2
WILCOCH01,2006,Chris,Wilcox,SEA,N,82,2586,1106,178,451,629,82,70,38,127,248,819,433,351,240,6,0
WILKIDA02,2006,Damien,Wilkins,SEA,N,82,2038,724,87,142,229,156,92,16,116,157,602,262,170,150,122,50
WILKSMI01,2006,Mike,Wilks,SEA,N,47,538,170,15,39,54,79,15,4,31,53,141,66,42,33,15,5
WILLIAA01,2006,Aaron,Williams,LAC,N,38,377,76,27,58,85,7,7,14,18,56,53,29,22,18,1,0
WILLIAL01,2006,Alvin,Williams,LAC,N,2,10,2,1,0,1,3,2,0,3,0,2,0,4,2,1,0
WILLICO02,2006,Corliss,Williamson,SAC,N,68,1336,620,63,158,221,39,29,15,97,183,463,236,207,148,2,0
WILLIDE01,2006,Deron,Williams,UTA,N,80,2952,1297,42,226,268,745,78,13,246,254,1083,494,296,227,255,82
WILLIER01,2006,Eric,Williams,CHR,N,5,33,12,2,1,3,1,1,0,2,6,13,4,7,4,2,0
WILLIER01,2006,Eric,Williams,SAS,N,16,88,42,1,13,14,6,2,0,5,6,34,15,7,4,17,8
WILLIER01,2006,Eric,Williams,TOT,N,21,121,54,3,14,17,7,3,0,7,12,47,19,14,8,19,8
WILLIJA02,2006,Jason,Williams,MIA,N,61,1864,664,18,123,141,322,58,1,100,68,569,235,103,94,295,100
WILLIJU01,2006,Justin,Williams,SAC,N,26,334,131,51,64,115,2,5,16,15,51,88,54,63,23,1,0
WILLIKE01,2006,Kevin,Willis,DAL,N,5,42,12,2,6,8,1,2,1,2,11,13,5,2,2,0,0
WILLILO02,2006,Louis,Williams,PHI,N,61,686,262,17,53,70,110,22,1,46,42,211,93,92,64,37,12
WILLIMA01,2006,Maurice,Williams,MIL,N,68,2474,1174,54,275,329,416,85,6,202,201,1049,468,186,159,228,79
WILLIMA02,2006,Marvin,Williams,ATL,N,64,2181,839,84,253,337,121,52,30,127,191,706,306,265,216,46,11
WILLIMA03,2006,Marcus,Williams,NJN,N,79,1312,534,29,134,163,260,29,2,142,96,526,208,85,72,163,46
WILLISH01,2006,Shammond,Williams,LAL,N,30,342,94,11,29,40,31,12,0,13,20,86,35,6,4,50,20
WILLISH02,2006,Shawne,Williams,IND,N,45,555,180,33,50,83,22,6,8,24,68,160,75,20,11,52,19
WILLISH03,2006,Shelden,Williams,ATL,N,81,1512,444,131,304,435,44,52,39,96,199,365,166,144,110,4,2
WRIGHAN01,2006,Antoine,Wright,NJN,N,63,1135,283,38,137,175,55,30,10,43,120,251,110,73,44,59,19
WRIGHBR02,2006,Bracey,Wright,MIN,N,19,191,67,7,14,21,15,9,1,6,6,60,24,18,13,20,6
WRIGHDO01,2006,Dorell,Wright,MIA,N,66,1292,393,40,232,272,95,41,46,65,112,364,162,86,64,34,5
WRIGHLO02,2006,Lorenzen,Wright,ATL,N,67,1037,173,85,131,216,40,28,28,39,203,183,82,32,9,0,0
ABDURSH01,2007,Shareef,Abdur-Rahim,SAC,N,6,51,10,6,4,10,4,1,0,1,9,14,3,4,4,0,0
AFFLAAR01,2007,Arron,Afflalo,DET,N,75,976,276,36,101,137,52,31,8,34,83,241,99,87,68,48,10
AGERMA01,2007,Maurice,Ager,DAL,N,12,77,15,1,3,4,4,0,1,3,11,27,5,6,5,8,0
AGERMA01,2007,Maurice,Ager,NJN,N,14,87,36,3,6,9,4,0,0,3,6,38,16,6,1,11,3
AGERMA01,2007,Maurice,Ager,TOT,N,26,164,51,4,9,13,8,0,1,6,17,65,21,12,6,19,3
AHEARBL01,2007,Blake,Ahearn,MIA,N,10,159,65,0,15,15,15,6,0,17,16,50,14,29,28,28,9
ALDRILA01,2007,LaMarcus,Aldridge,POR,N,76,2655,1350,218,355,573,122,55,94,126,240,1161,561,298,227,7,1
ALLENMA01,2007,Malik,Allen,NJN,N,48,763,261,42,86,128,29,15,21,32,89,260,124,13,12,3,1
ALLENMA01,2007,Malik,Allen,DAL,N,25,335,77,24,44,68,15,4,10,13,60,66,33,12,11,0,0
ALLENMA01,2007,Malik,Allen,TOT,N,73,1098,338,66,130,196,44,19,31,45,149,326,157,25,23,3,1
ALLENRA02,2007,Ray,Allen,BOS,N,73,2622,1273,75,193,268,225,65,16,127,147,987,439,237,215,452,180
ALLENTO01,2007,Tony,Allen,BOS,N,75,1378,494,34,134,168,114,62,21,109,168,388,169,181,138,57,18
ALLRELA01,2007,Lance,Allred,CLE,N,3,10,3,0,1,1,0,0,0,0,1,4,1,2,1,0,0
ALMONMO01,2007,Morris,Almond,UTA,N,9,40,13,0,2,2,3,1,0,2,5,15,4,6,4,4,1
ALSTORA01,2007,Rafer,Alston,HOU,N,74,2527,969,28,232,260,392,98,18,160,139,924,364,137,98,407,143
AMUNDLO01,2007,Louis,Amundson,PHI,N,16,63,18,7,5,12,0,1,1,2,13,16,8,7,2,0,0
ANDERCH01,2007,Chris,Andersen,NOH,N,5,34,6,2,7,9,0,0,4,1,6,7,2,4,2,0,0
ANDERDE01,2007,Derek,Anderson,CHR,N,28,393,141,9,43,52,44,12,1,25,49,125,47,38,28,52,19
ANTHOCA01,2007,Carmelo,Anthony,DEN,N,77,2804,1978,178,393,571,259,98,39,252,253,1481,728,590,464,164,58
ANTHOJO01,2007,Joel,Anthony,MIA,N,24,497,85,38,55,93,3,9,31,17,55,60,28,49,29,0,0
ARENAGI01,2007,Gilbert,Arenas,WAS,N,13,424,252,6,45,51,66,23,1,49,30,197,78,96,74,78,22
ARIZATR01,2007,Trevor,Ariza,ORL,N,11,116,36,5,19,24,8,5,3,5,9,31,14,15,8,3,0
ARIZATR01,2007,Trevor,Ariza,LAL,N,24,433,156,25,59,84,36,26,8,18,36,105,55,60,41,15,5
ARIZATR01,2007,Trevor,Ariza,TOT,N,35,549,192,30,78,108,44,31,11,23,45,136,69,75,49,18,5
ARMSTDA01,2007,Darrell,Armstrong,NJN,N,50,547,123,17,51,68,73,28,2,41,54,110,40,30,20,69,23
ARMSTHI01,2007,Hilton,Armstrong,NOH,N,65,729,178,64,98,162,23,15,34,59,130,148,67,70,44,0,0
ARROYCA01,2007,Carlos,Arroyo,ORL,N,62,1266,430,10,103,113,219,26,2,77,85,348,157,102,87,84,29
ARTESRO01,2007,Ron,Artest,SAC,N,57,2168,1166,101,226,327,199,134,38,147,159,962,435,295,212,221,84
ATKINCH01,2007,Chucky,Atkins,DEN,N,24,350,113,3,28,31,47,9,1,10,27,122,42,9,4,79,25
AUGUSJA01,2007,James,Augustine,ORL,N,25,149,40,16,14,30,2,5,2,6,18,34,18,8,4,0,0
AZUBUKE01,2007,Kelenna,Azubuike,GSW,N,81,1736,692,107,217,324,75,45,34,58,159,587,261,138,99,195,71
BALKMRE01,2007,Renaldo,Balkman,NYK,N,65,949,224,83,133,216,40,44,30,37,132,186,91,95,41,12,1
BANKSMA01,2007,Marcus,Banks,PHO,N,24,308,125,3,17,20,25,8,8,16,38,109,44,16,12,65,25
BANKSMA01,2007,Marcus,Banks,MIA,N,13,269,114,2,26,28,37,6,5,21,30,85,42,19,15,40,15
BANKSMA01,2007,Marcus,Banks,TOT,N,37,577,239,5,43,48,62,14,13,37,68,194,86,35,27,105,40
BARBOLE01,2007,Leandrinho,Barbosa,PHO,N,82,2421,1283,40,191,231,218,75,18,117,195,1022,472,213,175,423,164
BAREAJO01,2007,Jose,Barea,DAL,N,44,463,191,4,43,47,58,14,1,35,48,170,71,35,28,54,21
BARGNAN01,2007,Andrea,Bargnani,TOR,N,78,1856,792,50,238,288,89,23,37,88,210,725,280,169,142,261,90
BARNEMA02,2007,Matt,Barnes,GSW,N,73,1407,486,94,230,324,139,48,36,85,159,441,187,79,59,181,53
BARREAN01,2007,Andre,Barrett,LAC,N,4,26,6,0,1,1,7,0,0,0,1,5,2,2,1,3,1
BARROEA01,2007,Earl,Barron,MIA,N,46,891,326,67,131,198,30,19,8,48,118,327,132,87,61,13,1
BARRYBR01,2007,Brent,Barry,SAS,N,31,554,221,12,43,55,54,17,3,18,43,160,77,20,19,112,48
BASSBR01,2007,Brandon,Bass,DAL,N,79,1554,654,120,227,347,58,22,48,82,150,493,246,197,162,3,0
BASTOMA01,2007,Maceo,Baston,TOR,N,15,104,41,9,17,26,3,2,4,4,20,25,17,10,7,0,0
BATTISH01,2007,Shane,Battier,HOU,N,80,2906,744,131,277,408,155,77,90,78,196,619,265,101,75,369,139
BELINMA01,2007,Marco,Belinelli,GSW,N,33,240,95,3,11,14,15,5,0,12,15,93,36,9,7,41,16
BELLCH01,2007,Charlie,Bell,MIL,N,68,1632,514,31,136,167,210,52,2,77,121,486,185,87,70,217,74
BELLRA01,2007,Raja,Bell,PHO,N,75,2647,889,47,227,274,168,54,27,65,220,752,317,91,79,438,176
BIBBYMI01,2007,Mike,Bibby,SAC,N,15,471,203,11,45,56,75,19,2,38,34,192,78,31,23,62,24
BIBBYMI01,2007,Mike,Bibby,ATL,N,32,1097,464,5,99,104,215,35,2,81,63,411,170,69,55,187,69
BIBBYMI01,2007,Mike,Bibby,TOT,N,47,1568,667,16,144,160,290,54,4,119,97,603,248,100,78,249,93
BIEDRAN01,2007,Andris,Biedrins,GSW,N,76,2077,796,254,488,742,75,56,93,85,262,541,340,187,116,0,0
BILLUCH01,2007,Chauncey,Billups,DET,N,78,2526,1326,42,170,212,529,101,17,160,130,878,394,437,401,342,137
BLAKEST01,2007,Steve,Blake,POR,N,81,2422,692,31,165,196,413,55,4,113,133,640,261,64,49,297,121
BLATCAN01,2007,Andray,Blatche,WAS,N,82,1678,618,164,261,425,92,53,113,112,258,536,254,154,107,13,3
BLOUNMA01,2007,Mark,Blount,MIA,N,69,1544,581,69,194,263,41,33,34,70,133,514,238,138,88,44,17
BOGANKE01,2007,Keith,Bogans,ORL,N,82,2205,711,42,224,266,104,59,10,53,164,588,241,110,81,409,148
BOGUTAN01,2007,Andrew,Bogut,MIL,N,78,2721,1119,244,518,762,199,65,135,172,254,909,465,322,189,7,0
BONNEMA01,2007,Matt,Bonner,SAS,N,68,857,326,53,139,192,32,14,17,39,111,292,121,44,38,138,46
BOONEJO01,2007,Josh,Boone,NJN,N,70,1771,575,192,322,514,55,36,61,68,155,435,238,217,99,0,0
BOOTHCA01,2007,Calvin,Booth,PHI,N,31,204,24,6,32,38,8,6,18,4,35,27,9,10,6,0,0
BOOZECA01,2007,Carlos,Boozer,UTA,N,81,2824,1708,197,646,843,233,100,41,210,293,1296,709,393,290,1,0
BOSHCH01,2007,Chris,Bosh,TOR,N,67,2425,1496,174,409,583,171,63,67,153,157,1027,507,559,472,25,10
BOWENBR01,2007,Bruce,Bowen,SAS,N,81,2455,483,33,201,234,91,54,22,46,177,428,174,69,45,215,90
BOWENRY01,2007,Ryan,Bowen,NOH,N,53,659,114,55,45,100,25,32,11,15,77,100,49,29,16,1,0
BOYKIEA01,2007,Earl,Boykins,CHR,N,36,574,185,9,25,34,97,13,0,41,21,172,61,59,49,44,14
BRANDEL01,2007,Elton,Brand,LAC,N,8,274,141,21,43,64,16,3,15,17,21,115,52,47,37,0,0
BREWECO01,2007,Corey,Brewer,MIN,N,79,1805,459,82,211,293,111,77,24,89,189,486,182,110,88,36,7
BREWERO02,2007,Ronnie,Brewer,UTA,N,76,2088,914,97,121,218,134,129,19,69,110,634,354,257,195,50,11
BREZEPR01,2007,Primoz,Brezec,DET,N,17,98,27,7,12,19,4,2,2,5,23,13,10,14,7,0,0
BREZEPR01,2007,Primoz,Brezec,CHR,N,20,267,37,14,30,44,6,0,4,15,35,43,17,5,3,0,0
BREZEPR01,2007,Primoz,Brezec,TOR,N,13,110,48,9,9,18,1,1,2,4,25,38,17,21,14,0,0
BREZEPR01,2007,Primoz,Brezec,TOT,N,50,475,112,30,51,81,11,3,8,24,83,94,44,40,24,0,0
BROOKAA01,2007,Aaron,Brooks,HOU,N,51,610,264,13,43,56,87,13,5,44,69,225,93,49,42,109,36
BROWNAN01,2007,Andre,Brown,MEM,N,33,285,100,36,56,92,8,7,4,14,38,78,39,49,22,0,0
BROWNDE02,2007,Devin,Brown,CLE,N,79,1761,589,60,197,257,176,51,7,97,144,537,218,142,107,147,46
BROWNKW01,2007,Kwame,Brown,MEM,N,15,204,52,19,37,56,17,6,4,14,24,39,19,32,14,0,0
BROWNKW01,2007,Kwame,Brown,LAL,N,23,511,132,31,101,132,28,16,18,37,58,103,53,64,26,0,0
BROWNKW01,2007,Kwame,Brown,TOT,N,38,715,184,50,138,188,45,22,22,51,82,142,72,96,40,0,0
BROWNPJ01,2007,P.J.,Brown,BOS,N,18,208,39,29,39,68,10,5,8,10,29,41,14,16,11,1,0
BROWNSH01,2007,Shannon,Brown,CHI,N,6,22,9,1,1,2,0,1,2,5,2,15,3,6,3,1,0
BROWNSH01,2007,Shannon,Brown,CLE,N,13,196,96,5,12,17,14,10,1,18,24,100,38,21,12,25,8
BROWNSH01,2007,Shannon,Brown,TOT,N,19,218,105,6,13,19,14,11,3,23,26,115,41,27,15,26,8
BRYANKO01,2007,Kobe,Bryant,LAL,N,82,3193,2323,94,422,516,442,151,40,257,227,1690,775,742,623,415,150
BUCKNGR01,2007,Greg,Buckner,MIN,N,31,519,124,10,55,65,39,21,2,29,63,117,45,22,19,50,15
BUTLECA01,2007,Caron,Butler,WAS,N,58,2317,1180,93,294,387,283,128,21,150,160,943,439,262,236,185,66
BUTLERA01,2007,Rasual,Butler,NOH,N,51,878,252,16,84,100,36,15,21,10,67,260,91,31,26,133,44
BYNUMAN01,2007,Andrew,Bynum,LAL,N,35,1009,460,105,251,356,61,12,72,52,98,297,189,118,82,0,0
CALDEJO01,2007,Jose,Calderon,TOR,N,82,2488,922,34,202,236,677,87,5,126,134,707,367,120,109,184,79
CAMBYMA01,2007,Marcus,Camby,DEN,N,79,2761,723,230,807,1037,259,84,286,118,216,636,287,202,143,20,6
CARDIBR01,2007,Brian,Cardinal,MEM,N,37,440,124,26,70,96,22,10,2,23,62,126,43,19,13,81,25
CARNERO01,2007,Rodney,Carney,PHI,N,70,1040,409,50,100,150,32,39,22,34,96,392,158,81,55,120,38
CARROMA01,2007,Matt,Carroll,CHR,N,80,2008,720,33,193,226,74,46,19,59,187,589,252,138,111,241,105
CARTEAN01,2007,Anthony,Carter,DEN,N,70,1960,543,27,173,200,388,108,28,124,172,475,217,85,64,129,45
CARTEVI01,2007,Vince,Carter,NJN,N,76,2962,1622,112,343,455,389,93,33,181,241,1287,587,429,350,273,98
CASSESA01,2007,Sam,Cassell,LAC,N,38,977,486,12,93,105,179,28,3,79,69,402,183,119,106,54,14
CASSESA01,2007,Sam,Cassell,BOS,N,17,296,130,5,26,31,35,9,3,19,29,130,50,25,21,22,9
CASSESA01,2007,Sam,Cassell,TOT,N,55,1273,616,17,119,136,214,37,6,98,98,532,233,144,127,76,23
CHANDTY01,2007,Tyson,Chandler,NOH,N,79,2785,929,322,606,928,81,45,84,136,244,605,377,295,175,1,0
CHANDWI01,2007,Wilson,Chandler,NYK,N,35,687,255,38,89,127,33,15,16,27,84,242,106,54,34,30,9
CHILDJO01,2007,Josh,Childress,ATL,N,75,2275,898,174,199,373,117,71,43,98,129,573,327,275,222,60,22
COLLIJA03,2007,Jason,Collins,MEM,N,31,488,80,29,60,89,6,12,17,25,84,59,30,38,20,1,0
COLLIJA03,2007,Jason,Collins,NJN,N,43,685,60,35,54,89,19,11,8,23,110,54,23,36,14,0,0
COLLIJA03,2007,Jason,Collins,TOT,N,74,1173,140,64,114,178,25,23,25,48,194,113,53,74,34,1,0
COLLIJA04,2007,Jarron,Collins,UTA,N,70,701,120,40,76,116,37,10,6,22,106,83,37,74,46,1,0
COLLIMA01,2007,Mardy,Collins,NYK,N,46,635,145,19,56,75,89,24,8,56,56,175,57,38,23,32,8
COLLINI01,2007,Nick,Collison,SEA,N,78,2223,767,254,476,730,113,47,59,118,250,642,322,167,123,3,0
CONLEMI01,2007,Mike,Conley Jr.,MEM,N,53,1381,498,21,118,139,222,44,2,89,85,442,189,123,90,91,30
COOKBR01,2007,Brian,Cook,LAL,N,6,69,14,4,6,10,3,2,0,4,6,21,4,4,4,10,2
COOKBR01,2007,Brian,Cook,ORL,N,45,560,224,24,75,99,24,11,12,35,87,213,84,17,15,105,41
COOKBR01,2007,Brian,Cook,TOT,N,51,629,238,28,81,109,27,13,12,39,93,234,88,21,19,115,43
COOKDA02,2007,Daequan,Cook,MIA,N,59,1444,518,20,158,178,74,23,9,62,153,514,196,57,47,238,79
CRAWFJA01,2007,Jamal,Crawford,NYK,N,80,3193,1645,37,170,207,398,81,17,192,144,1391,570,381,329,494,176
CRITTJA01,2007,Javaris,Crittenton,MEM,N,28,506,206,20,69,89,32,12,2,33,35,180,72,76,53,34,9
CRITTJA01,2007,Javaris,Crittenton,LAL,N,22,172,72,7,14,21,19,7,0,22,11,53,26,28,19,3,1
CRITTJA01,2007,Javaris,Crittenton,TOT,N,50,678,278,27,83,110,51,19,2,55,46,233,98,104,72,37,10
CROSHAU01,2007,Austin,Croshere,GSW,N,44,457,173,33,71,104,30,8,6,22,60,137,61,32,29,61,22
CURRYED01,2007,Eddy,Curry,NYK,N,59,1531,781,111,164,275,32,14,29,126,157,544,297,300,187,0,0
DALEMSA01,2007,Samuel,Dalembert,PHI,N,82,2726,864,304,549,853,45,40,191,155,269,661,339,263,186,1,0
DAMPIER01,2007,Erick,Dampier,DAL,N,72,1756,440,207,332,539,63,24,106,80,226,277,178,146,84,0,0
DANIEAN01,2007,Antonio,Daniels,WAS,N,71,2160,600,23,180,203,340,69,2,92,78,448,206,219,170,75,18
DANIEMA01,2007,Marquis,Daniels,IND,N,74,1543,606,66,147,213,137,79,18,112,121,560,241,139,97,102,27
DAVIDJE01,2007,Jermareo,Davidson,CHR,N,38,324,120,21,41,62,13,7,15,17,46,126,51,28,18,0,0
DAVISBA01,2007,Baron,Davis,GSW,N,82,3197,1791,96,289,385,624,191,43,232,247,1526,650,424,318,525,173
DAVISGL01,2007,Glen,Davis,BOS,N,69,942,313,95,113,208,28,31,20,65,160,221,107,150,99,0,0
DAVISPA01,2007,Paul,Davis,LAC,N,22,196,54,25,22,47,10,6,6,9,33,65,24,10,6,0,0
DAVISRI01,2007,Ricky,Davis,MIA,N,82,2960,1130,55,298,353,276,87,14,191,187,972,420,197,155,334,135
DELFICA01,2007,Carlos,Delfino,TOR,N,82,1929,738,66,293,359,145,69,11,75,177,632,251,156,116,314,120
DENGLU01,2007,Luol,Deng,CHI,N,63,2126,1068,135,258,393,155,57,29,120,117,894,428,265,204,22,8
DIAWAYA01,2007,Yakhouba,Diawara,DEN,N,54,541,153,23,39,62,37,8,3,16,61,134,55,31,22,66,21
DIAWBO01,2007,Boris,Diaw,PHO,N,82,2309,723,97,281,378,317,61,39,155,166,645,307,129,96,41,13
DIAZGU01,2007,Guillermo,Diaz,LAC,N,6,17,5,2,0,2,1,0,0,0,0,4,1,5,3,1,0
DICKADA01,2007,Dan,Dickau,LAC,N,67,1039,352,13,84,97,172,32,4,54,108,296,124,82,68,108,36
DICKEKA01,2007,Kaniel,Dickens,CLE,N,5,11,2,0,1,1,1,0,1,0,1,3,1,0,0,0,0
DIENETR01,2007,Travis,Diener,IND,N,66,1352,456,26,90,116,251,35,4,55,107,430,159,71,64,233,74
DIOGUIK01,2007,Ike,Diogu,IND,N,30,308,168,38,48,86,10,7,3,20,43,134,64,47,40,0,0
DIOPDE01,2007,DeSagana,Diop,DAL,N,52,897,158,110,160,270,26,20,63,42,100,115,67,40,24,0,0
DIOPDE01,2007,DeSagana,Diop,NJN,N,27,403,68,49,73,122,14,6,25,16,46,65,27,30,14,0,0
DIOPDE01,2007,DeSagana,Diop,TOT,N,79,1300,226,159,233,392,40,26,88,58,146,180,94,70,38,0,0
DIXONJU01,2007,Juan,Dixon,TOT,N,53,670,263,15,60,75,97,21,2,54,62,258,106,26,21,72,30
DIXONJU01,2007,Juan,Dixon,DET,N,17,245,110,6,22,28,32,0,0,19,24,98,47,7,3,33,13
DIXONJU01,2007,Juan,Dixon,TOR,N,36,425,153,9,38,47,65,21,2,35,38,160,59,19,18,39,17
DOLEAMI01,2007,Michael,Doleac,MIN,N,24,256,57,16,34,50,7,10,10,12,44,63,28,2,1,0,0
DOOLIKE01,2007,Keyon,Dooling,ORL,N,72,1333,581,7,94,101,133,36,5,61,131,423,198,193,163,65,22
DOUBYQU01,2007,Quincy,Douby,SAC,N,74,878,356,17,66,83,53,31,12,59,80,336,133,52,48,122,42
DUDLEJA01,2007,Jared,Dudley,CHR,N,73,1390,424,121,166,287,81,55,11,50,129,348,164,118,87,41,9
DUHONCH01,2007,Chris,Duhon,CHI,N,66,1492,385,20,97,117,262,47,2,70,92,344,133,80,65,155,54
DUNCATI01,2007,Tim,Duncan,SAS,N,78,2653,1508,237,644,881,218,56,151,178,185,1178,585,463,338,4,0
DUNLEMI02,2007,Mike,Dunleavy Jr.,IND,N,82,2955,1565,59,365,424,288,86,30,190,208,1118,532,403,336,389,165
DUPRERO01,2007,Ronald,Dupree,SEA,N,4,17,4,1,7,8,1,1,0,0,0,3,1,2,2,0,0
DUPRERO01,2007,Ronald,Dupree,DET,N,1,3,0,0,0,0,0,0,0,0,0,0,0,0,0,0,0
DUPRERO01,2007,Ronald,Dupree,TOT,N,5,20,4,1,7,8,1,1,0,0,0,3,1,2,2,0,0
DURANKE01,2007,Kevin,Durant,SEA,N,80,2769,1626,70,278,348,192,77,76,232,122,1367,588,449,391,205,59
ELLISMO01,2007,Monta,Ellis,GSW,N,81,3074,1636,134,272,406,315,123,27,173,195,1228,652,417,320,52,12
ELSONFR01,2007,Francisco,Elson,SEA,N,22,281,66,17,48,65,8,6,6,17,34,89,30,13,6,1,0
ELSONFR01,2007,Francisco,Elson,SAS,N,41,535,144,33,102,135,16,9,14,30,62,148,62,24,20,0,0
ELSONFR01,2007,Francisco,Elson,TOT,N,63,816,210,50,150,200,24,15,20,47,96,237,92,37,26,1,0
ELYME01,2007,Melvin,Ely,NOH,N,52,622,202,28,117,145,22,7,18,42,79,180,85,58,32,0,0
EVANSMA01,2007,Maurice,Evans,LAL,N,7,95,31,4,5,9,12,5,1,0,10,28,9,15,12,7,1
EVANSMA01,2007,Maurice,Evans,ORL,N,68,1626,633,88,121,209,69,42,9,39,132,517,253,68,47,202,80
EVANSMA01,2007,Maurice,Evans,TOT,N,75,1721,664,92,126,218,81,47,10,39,142,545,262,83,59,209,81
EVANSRE01,2007,Reggie,Evans,PHI,N,81,1879,425,224,389,613,65,86,9,109,213,346,152,257,120,1,1
FARMAJO01,2007,Jordan,Farmar,LAL,N,82,1691,749,39,144,183,234,77,5,108,105,631,291,78,53,307,114
FAZEKNI01,2007,Nick,Fazekas,DAL,N,4,9,4,1,2,3,0,0,0,0,0,5,2,0,0,0,0
FAZEKNI01,2007,Nick,Fazekas,LAC,N,22,260,103,33,53,86,11,8,11,13,25,77,44,22,15,2,0
FAZEKNI01,2007,Nick,Fazekas,TOT,N,26,269,107,34,55,89,11,8,11,13,25,82,46,22,15,2,0
FELTORA01,2007,Raymond,Felton,CHR,N,79,2976,1140,37,199,236,583,95,12,214,184,996,412,324,260,200,56
FESENKY01,2007,Kyrylo,Fesenko,UTA,N,9,70,14,14,11,25,2,0,3,8,19,16,6,4,2,0,0
FINLEMI01,2007,Michael,Finley,SAS,N,82,2211,826,27,227,254,114,29,10,56,93,761,315,80,64,357,132
FISHEDE01,2007,Derek,Fisher,LAL,N,82,2249,956,24,146,170,239,86,3,90,188,777,339,188,166,276,112
FORDTJ01,2007,T.J.,Ford,TOR,N,51,1201,617,23,76,99,313,54,1,102,93,524,246,125,110,51,15
FOSTEJE01,2007,Jeff,Foster,IND,N,77,1886,496,264,406,670,129,56,32,62,221,373,205,145,86,3,0
FOYERA01,2007,Randy,Foye,MIN,N,39,1259,510,13,115,128,164,36,3,79,102,462,198,65,53,148,61
FOYLEAD01,2007,Adonal,Foyle,ORL,N,82,775,156,71,137,208,18,16,45,32,94,153,70,34,16,0,0
FRAHMRI01,2007,Richie,Frahm,LAC,N,10,163,47,4,10,14,8,2,0,6,7,54,20,2,0,25,7
FRANCST01,2007,Steve,Francis,HOU,N,10,200,55,8,15,23,30,9,5,14,25,57,19,23,13,17,4
FRYECH01,2007,Channing,Frye,POR,N,78,1345,530,107,246,353,56,29,27,54,208,452,221,109,85,9,3
GADZUDA01,2007,Dan,Gadzuric,MIL,N,51,533,163,67,77,144,11,21,24,34,83,155,65,63,33,1,0
GARBAJO01,2007,Jorge,Garbajosa,TOR,N,7,75,22,2,13,15,3,3,0,1,2,25,8,0,0,16,6
GARCIFR01,2007,Francisco,Garcia,SAC,N,79,2097,971,52,212,264,128,94,50,128,232,752,348,208,162,288,113
GARDNTH01,2007,Thomas,Gardner,CHI,N,4,46,21,3,1,4,1,0,0,4,4,23,9,2,0,12,3
GARNEKE01,2007,Kevin,Garnett,BOS,N,71,2331,1337,135,520,655,244,100,92,137,163,990,534,336,269,11,0
GARRIPA01,2007,Pat,Garrity,ORL,N,31,284,66,9,35,44,13,6,1,17,35,80,27,5,4,37,8
GASOLPA01,2007,Pau,Gasol,MEM,N,39,1434,738,94,248,342,116,16,56,80,85,557,279,215,176,15,4
GASOLPA01,2007,Pau,Gasol,LAL,N,27,915,508,61,150,211,95,14,42,44,54,333,196,147,116,1,0
GASOLPA01,2007,Pau,Gasol,TOT,N,66,2349,1246,155,398,553,211,30,98,124,139,890,475,362,292,16,4
GAYRU01,2007,Rudy,Gay,MEM,N,81,3000,1632,139,359,498,158,111,79,190,230,1355,625,316,248,387,134
GELABMI01,2007,Mickael,Gelabale,SEA,N,39,466,168,16,42,58,33,10,9,27,31,157,69,18,14,37,16
GEORGDE01,2007,Devean,George,DAL,N,53,822,194,28,109,137,35,19,13,24,90,207,74,34,24,68,22
GIBSODA01,2007,Daniel,Gibson,CLE,N,58,1768,605,30,104,134,145,47,14,76,163,465,201,105,85,268,118
GILLED01,2007,Eddie,Gill,NJN,N,13,149,38,1,21,22,21,7,2,8,18,29,12,9,9,14,5
GILLED01,2007,Eddie,Gill,SEA,N,1,5,0,0,0,0,1,0,0,1,0,2,0,0,0,1,0
GILLED01,2007,Eddie,Gill,TOT,N,14,154,38,1,21,22,22,7,2,9,18,31,12,9,9,15,5
GINOBEM01,2007,Emmanuel,Ginobili,SAS,N,74,2299,1442,63,291,354,332,109,33,200,173,983,453,442,380,388,156
GIRICGO01,2007,Gordan,Giricek,PHI,N,12,110,37,1,13,14,11,3,1,8,9,40,13,8,6,15,5
GIRICGO01,2007,Gordan,Giricek,UTA,N,22,278,95,6,25,31,16,13,1,21,24,102,41,1,1,34,12
GIRICGO01,2007,Gordan,Giricek,PHO,N,22,442,193,9,42,51,35,8,2,23,49,159,79,17,16,50,19
GIRICGO01,2007,Gordan,Giricek,TOT,N,56,830,325,16,80,96,62,24,4,52,82,301,133,26,23,99,36
GOMESRY01,2007,Ryan,Gomes,MIN,N,82,2432,1033,133,344,477,145,65,10,96,153,857,392,229,190,179,59
GOODEDR01,2007,Drew,Gooden,CLE,N,51,1565,574,118,306,424,50,35,30,91,144,524,232,151,110,3,0
GOODEDR01,2007,Drew,Gooden,CHI,N,18,558,252,58,109,167,31,13,23,31,59,218,100,64,52,3,0
GOODEDR01,2007,Drew,Gooden,TOT,N,69,2123,826,176,415,591,81,48,53,122,203,742,332,215,162,6,0
GORDOBE01,2007,Ben,Gordon,CHI,N,72,2291,1336,41,181,222,213,56,8,151,171,1070,464,293,266,347,142
GORTAMA01,2007,Marcin,Gortat,ORL,N,6,40,18,8,8,16,2,1,1,2,4,17,8,3,2,0,0
GRAHAJO01,2007,Joey,Graham,TOR,N,38,331,138,18,49,67,15,3,0,23,47,113,49,45,38,3,2
GRAHAST01,2007,Stephen,Graham,IND,N,24,169,105,6,28,34,12,4,6,12,16,74,40,21,17,16,8
GRANGDA01,2007,Danny,Granger,IND,N,79,2836,1552,91,385,476,163,95,79,169,288,1191,532,373,317,422,171
GRAYAA01,2007,Aaron,Gray,CHI,N,61,611,262,70,98,168,41,21,16,57,117,204,103,99,56,1,0
GREENGE01,2007,Gerald,Green,HOU,N,1,4,6,2,0,2,0,0,0,0,2,3,3,0,0,0,0
GREENGE01,2007,Gerald,Green,MIN,N,29,355,147,11,52,63,29,8,4,32,43,148,49,41,34,39,15
GREENGE01,2007,Gerald,Green,TOT,N,30,359,153,13,52,65,29,8,4,32,45,151,52,41,34,39,15
GREENJE02,2007,Jeff,Green,SEA,N,80,2246,840,100,278,378,119,46,47,158,198,748,321,238,177,76,21
GREENOR01,2007,Orien,Greene,SAC,N,7,62,6,0,6,6,3,3,1,7,9,11,3,0,0,1,0
GREENTA01,2007,Taurean,Green,POR,N,8,44,17,0,4,4,8,1,0,7,3,16,4,8,8,8,1
GREENTA01,2007,Taurean,Green,DEN,N,9,29,10,0,6,6,3,1,0,2,2,9,3,4,3,3,1
GREENTA01,2007,Taurean,Green,TOT,N,17,73,27,0,10,10,11,2,0,9,5,25,7,12,11,11,2
GREENWI01,2007,Willie,Green,PHI,N,74,1968,921,32,151,183,151,54,22,109,119,870,379,148,112,179,51
GRIFFAD01,2007,Adrian,Griffin,SEA,N,13,85,14,9,13,22,5,5,1,5,8,16,6,2,2,0,0
GRIFFAD01,2007,Adrian,Griffin,CHI,N,22,220,51,19,18,37,22,12,1,16,19,60,24,7,3,0,0
GRIFFAD01,2007,Adrian,Griffin,TOT,N,35,305,65,28,31,59,27,17,2,21,27,76,30,9,5,0,0
HAMILRI01,2007,Richard,Hamilton,DET,N,72,2421,1244,75,160,235,299,73,10,132,171,1030,499,221,184,141,62
HARDAAN01,2007,Anfernee,Hardaway,MIA,N,16,326,60,3,32,35,35,19,1,13,24,60,22,9,8,19,8
HARPRMA01,2007,Matt,Harpring,UTA,N,76,1375,622,96,144,240,82,45,14,95,162,474,237,205,146,10,2
HARRIAL01,2007,Al,Harrington,GSW,N,81,2188,1102,107,332,439,133,74,16,90,266,923,401,190,147,407,153
HARRIDA01,2007,David,Harrison,IND,N,55,707,229,43,75,118,14,20,59,58,164,169,90,96,49,0,0
HARRIDE01,2007,Devin,Harris,NJN,N,25,839,386,11,71,82,163,34,8,68,63,306,134,105,87,97,31
HARRIDE01,2007,Devin,Harris,DAL,N,39,1186,560,17,74,91,205,56,2,93,127,387,187,196,161,70,25
HARRIDE01,2007,Devin,Harris,TOT,N,64,2025,946,28,145,173,368,90,10,161,190,693,321,301,248,167,56
HARRIMI01,2007,Mike,Harris,HOU,N,17,158,62,24,30,54,3,6,3,9,15,54,27,13,8,2,0
HARRIOT01,2007,Othella,Harrington,CHR,N,22,166,46,11,31,42,4,1,4,11,34,42,18,16,10,0,0
HARTJA01,2007,Jason,Hart,UTA,N,57,604,165,5,50,55,86,30,3,28,74,180,58,45,38,31,11
HASLEUD01,2007,Udonis,Haslem,MIA,N,49,1806,589,107,336,443,68,39,18,67,145,507,237,142,115,0,0
HASSETR01,2007,Trenton,Hassell,DAL,N,37,466,76,11,33,44,26,9,1,14,55,80,37,2,1,4,1
HASSETR01,2007,Trenton,Hassell,NJN,N,26,311,47,9,30,39,15,4,2,8,35,56,20,8,6,5,1
HASSETR01,2007,Trenton,Hassell,TOT,N,63,777,123,20,63,83,41,13,3,22,90,136,57,10,7,9,2
HAWESSP01,2007,Spencer,Hawes,SAC,N,71,930,334,68,161,229,44,14,40,56,128,318,146,58,38,21,4
HAYESCH01,2007,Chuck,Hayes,HOU,N,79,1577,237,132,297,429,91,85,43,62,212,221,113,24,11,3,0
HAYESJA01,2007,Jarvis,Hayes,DET,N,82,1285,550,35,143,178,62,46,6,48,137,502,216,60,45,193,73
HAYWOBR01,2007,Brendan,Haywood,WAS,N,80,2226,848,273,307,580,71,31,133,108,216,599,316,294,216,0,0
HEADLU01,2007,Luther,Head,HOU,N,73,1379,557,18,117,135,138,44,9,70,75,476,206,81,66,225,79
HERRMWA01,2007,Walter,Herrmann,CHR,N,17,176,68,10,26,36,4,4,0,4,12,65,25,10,9,26,9
HERRMWA01,2007,Walter,Herrmann,DET,N,28,200,85,12,25,37,14,3,1,8,12,79,31,15,12,38,11
HERRMWA01,2007,Walter,Herrmann,TOT,N,45,376,153,22,51,73,18,7,1,12,24,144,56,25,21,64,20
HILARMA01,2007,Nene,Hilario,DEN,N,16,266,85,30,57,87,15,9,15,21,46,71,29,49,27,1,0
HILLGR01,2007,Grant,Hill,PHO,N,70,2224,921,74,279,353,203,65,56,96,153,713,359,196,170,104,33
HINRIKI01,2007,Kirk,Hinrich,CHI,N,75,2381,863,28,216,244,453,87,18,157,224,797,330,144,119,240,84
HOLLIRY01,2007,Ryan,Hollins,CHR,N,60,533,145,52,54,106,14,10,30,25,96,93,45,82,55,0,0
HORFOAL01,2007,Al,Horford,ATL,N,81,2538,821,248,537,785,124,60,76,137,267,668,333,212,155,5,0
HORRYRO01,2007,Robert,Horry,SAS,N,45,579,112,35,74,109,47,21,19,22,55,119,38,28,18,70,18
HOUSEED01,2007,Eddie,House,BOS,N,78,1481,584,19,148,167,152,58,10,78,114,530,217,36,33,298,117
HOWARDW01,2007,Dwight,Howard,ORL,N,82,3088,1695,279,882,1161,110,74,176,263,274,974,583,897,529,4,0
HOWARJO01,2007,Josh,Howard,DAL,N,77,2704,1491,117,405,522,163,58,31,112,204,1225,558,378,309,203,66
HOWARJU01,2007,Juwan,Howard,DAL,N,49,402,79,24,67,91,17,6,3,19,61,86,32,20,14,6,1
HUDSOTR01,2007,Troy,Hudson,GSW,N,9,94,28,0,7,7,10,4,0,7,4,32,9,6,6,12,4
HUGHELA01,2007,Larry,Hughes,CLE,N,40,1210,491,27,116,143,93,60,11,72,91,477,180,108,88,126,43
HUGHELA01,2007,Larry,Hughes,CHI,N,28,811,336,12,75,87,87,39,6,44,48,323,125,80,62,68,24
HUGHELA01,2007,Larry,Hughes,TOT,N,68,2021,827,39,191,230,180,99,17,116,139,800,305,188,150,194,67
HUMPHKR01,2007,Kris,Humphries,TOR,N,70,928,397,89,170,259,28,25,29,47,107,332,161,124,75,2,0
HUNTELI01,2007,Lindsey,Hunter,DET,N,24,216,58,4,9,13,33,14,2,13,30,64,22,9,7,26,7
HUNTEST01,2007,Steven,Hunter,DEN,N,18,118,39,10,19,29,0,0,6,7,20,28,15,20,9,0,0
IGUODAN01,2007,Andre,Iguodala,PHI,N,82,3244,1630,85,361,446,390,171,49,214,187,1277,582,506,365,307,101
ILGAUZY01,2007,Zydrunas,Ilgauskas,CLE,N,73,2226,1029,262,421,683,104,34,120,135,243,878,417,243,195,1,0
IVERSAL01,2007,Allen,Iverson,DEN,N,82,3428,2164,47,196,243,586,160,12,246,109,1556,712,797,645,275,95
IVEYRO01,2007,Royal,Ivey,MIL,N,75,1435,418,38,80,118,160,45,7,76,166,377,149,117,85,107,35
JACKJA01,2007,Jarrett,Jack,POR,N,82,2234,814,31,203,234,311,61,1,178,128,621,267,248,215,191,65
JACKSBO01,2007,Bobby,Jackson,NOH,N,46,889,325,23,87,110,76,32,3,31,59,296,116,49,40,144,53
JACKSBO01,2007,Bobby,Jackson,HOU,N,26,495,228,10,61,71,63,13,2,28,37,210,88,32,24,82,28
JACKSBO01,2007,Bobby,Jackson,TOT,N,72,1384,553,33,148,181,139,45,5,59,96,506,204,81,64,226,81
JACKSLU02,2007,Luke,Jackson,MIA,N,14,227,79,7,26,33,17,8,0,9,22,80,26,23,16,30,11
JACKSST02,2007,Stephen,Jackson,GSW,N,73,2857,1466,67,251,318,299,92,29,197,171,1204,488,370,308,502,182
JACOBCA01,2007,Casey,Jacobsen,MEM,N,53,550,107,12,53,65,20,5,1,16,34,115,39,17,13,72,16
JAMESJE01,2007,Jerome,James,NYK,N,2,5,4,0,3,3,0,0,0,0,0,1,1,2,2,0,0
JAMESLE01,2007,LeBron,James,CLE,N,75,3027,2250,133,459,592,539,138,81,255,165,1642,794,771,549,359,113
JAMESMI01,2007,Mike,James,HOU,N,33,538,215,11,41,52,54,17,2,29,44,227,79,42,33,74,24
JAMESMI01,2007,Mike,James,NOH,N,21,182,57,3,14,17,6,4,0,7,12,64,22,6,6,23,7
JAMESMI01,2007,Mike,James,TOT,N,54,720,272,14,55,69,60,21,2,36,56,291,101,48,39,97,31
JAMISAN01,2007,Antawn,Jamison,WAS,N,79,3064,1689,215,591,806,120,106,34,113,195,1416,618,438,333,354,120
JARICMA01,2007,Marko,Jaric,MIN,N,75,2190,621,38,185,223,311,97,32,128,180,528,227,163,121,127,46
JEFFEAL01,2007,Al,Jefferson,MIN,N,82,2916,1726,308,607,915,117,74,119,167,222,1441,721,394,284,5,0
JEFFERI01,2007,Richard,Jefferson,NJN,N,82,3199,1857,94,253,347,252,76,21,199,225,1327,619,679,542,213,77
JEFFRJA01,2007,Jared,Jeffries,NYK,N,72,1308,269,118,124,242,65,36,23,63,130,270,108,93,49,25,4
JIANLYI01,2007,Yi,Jianlian,MIL,N,66,1650,566,106,238,344,55,36,56,90,153,520,219,145,122,21,6
JOHNSAL01,2007,Alexander,Johnson,MIA,N,44,555,184,32,63,95,16,13,10,42,81,129,62,85,59,3,1
JOHNSAM01,2007,Amir,Johnson,DET,N,62,769,221,86,146,232,31,24,81,37,138,165,92,55,37,0,0
JOHNSAN02,2007,Anthony,Johnson,SAC,N,27,408,104,5,33,38,60,10,1,34,29,88,40,11,9,30,15
JOHNSAN02,2007,Anthony,Johnson,ATL,N,42,1122,285,17,81,98,202,42,8,50,86,268,116,32,26,62,27
JOHNSAN02,2007,Anthony,Johnson,TOT,N,69,1530,389,22,114,136,262,52,9,84,115,356,156,43,35,92,42
JOHNSDE03,2007,DerMarr,Johnson,SAS,N,5,27,17,0,1,1,1,1,0,0,4,14,7,2,0,9,3
JOHNSJO02,2007,Joe,Johnson,ATL,N,82,3342,1780,83,282,365,474,84,18,223,168,1496,647,381,317,443,169
JOHNSLI01,2007,Linton,Johnson,PHO,N,6,54,15,5,8,13,3,0,1,2,10,14,7,0,0,2,1
JOHNSLI01,2007,Linton,Johnson,TOR,N,2,10,6,0,1,1,1,0,0,3,1,5,2,2,2,1,0
JOHNSLI01,2007,Linton,Johnson,TOT,N,8,64,21,5,9,14,4,0,1,5,11,19,9,2,2,3,1
JONESBO02,2007,Bobby,Jones,TOT,N,46,529,178,29,63,92,28,15,3,28,85,140,60,51,40,53,18
JONESBO02,2007,Bobby,Jones,HOU,N,4,8,4,0,1,1,0,1,0,1,3,4,2,0,0,0,0
JONESBO02,2007,Bobby,Jones,SAS,N,3,19,2,0,2,2,1,2,0,1,1,4,1,0,0,2,0
JONESBO02,2007,Bobby,Jones,MEM,N,9,138,40,10,17,27,11,5,2,5,17,36,14,10,9,13,3
JONESBO02,2007,Bobby,Jones,MIA,N,6,143,48,8,16,24,5,2,0,7,18,32,17,13,8,15,6
JONESBO02,2007,Bobby,Jones,DEN,N,24,221,84,11,27,38,11,5,1,14,46,64,26,28,23,23,9
JONESDA01,2007,Damon,Jones,CLE,N,66,1292,410,8,70,78,116,19,3,37,68,341,144,24,16,258,106
JONESDA02,2007,Dahntay,Jones,SAC,N,25,208,81,7,28,35,12,8,6,10,28,53,23,51,34,6,1
JONESDW02,2007,Dwayne,Jones,CLE,N,56,506,96,66,66,132,19,10,23,16,85,60,29,62,32,13,6
JONESED01,2007,Eddie,Jones,DAL,N,47,925,176,18,114,132,69,26,8,29,71,180,66,14,10,116,34
JONESFR01,2007,Freddie,Jones,NYK,N,70,1762,532,30,140,170,166,48,18,78,140,432,182,126,94,192,74
JONESJA02,2007,James,Jones,POR,N,58,1274,463,43,118,161,34,24,15,28,96,327,143,98,86,205,91
JONESSO01,2007,Solomon,Jones,ATL,N,35,148,35,19,23,42,0,3,5,11,28,30,12,20,11,2,0
KAMANCH01,2007,Chris,Kaman,LAC,N,56,2081,878,173,536,709,107,33,155,164,179,700,338,265,202,4,0
KAPONJA01,2007,Jason,Kapono,TOR,N,81,1533,580,30,89,119,65,34,2,58,132,497,243,43,37,118,57
KARLCO01,2007,Coby,Karl,LAL,N,17,69,30,3,11,14,9,4,2,5,4,26,9,10,8,13,4
KHRYAVI01,2007,Viktor,Khryapa,CHI,N,9,105,32,6,14,20,8,6,0,6,11,31,12,14,8,1,0
KIDDJA01,2007,Jason,Kidd,NJN,N,51,1899,577,59,355,414,530,74,15,184,90,549,201,111,91,236,84
KIDDJA01,2007,Jason,Kidd,DAL,N,29,1012,287,36,152,188,276,62,11,81,75,244,104,54,44,76,35
KIDDJA01,2007,Jason,Kidd,TOT,N,80,2911,864,95,507,602,806,136,26,265,165,793,305,165,135,312,119
KINSETA01,2007,Tarence,Kinsey,MEM,N,11,95,40,3,9,12,2,3,0,3,11,38,16,6,5,7,3
KIRILAN01,2007,Andrei,Kirilenko,UTA,N,72,2215,792,121,219,340,285,86,111,140,165,544,275,257,198,116,44
KLEIZLI01,2007,Linas,Kleiza,DEN,N,79,1891,878,91,239,330,95,42,19,87,179,659,311,211,162,277,94
KNIGHBR01,2007,Brevin,Knight,LAC,N,74,1673,338,15,127,142,328,100,11,71,161,342,138,71,62,6,0
KORVEKY01,2007,Kyle,Korver,UTA,N,50,1075,491,9,90,99,68,22,23,47,125,348,165,96,88,188,73
KORVEKY01,2007,Kyle,Korver,PHI,N,25,659,249,12,61,73,33,20,6,28,67,227,90,34,31,108,38
KORVEKY01,2007,Kyle,Korver,TOT,N,75,1734,740,21,151,172,101,42,29,75,192,575,255,130,119,296,111
KRSTINE01,2007,Nenad,Krstic,NJN,N,45,812,298,35,166,201,27,9,17,41,111,300,123,69,52,2,0
LAFRERA01,2007,Raef,LaFrentz,POR,N,39,289,65,28,39,67,6,12,17,10,59,61,27,19,11,4,0
LANDRCA01,2007,Carl,Landry,HOU,N,42,709,342,96,117,213,21,17,7,26,98,219,135,109,72,1,0
LANGFKE01,2007,Keith,Langford,SAS,N,2,10,2,0,2,2,0,0,0,0,1,4,1,0,0,0,0
LASMEST01,2007,Stephane,Lasme,MIA,N,15,303,83,26,27,53,3,13,22,15,35,71,32,32,19,0,0
LASMEST01,2007,Stephane,Lasme,GSW,N,1,0,0,0,0,0,0,0,0,0,0,0,0,0,0,0,0
LASMEST01,2007,Stephane,Lasme,TOT,N,16,303,83,26,27,53,3,13,22,15,35,71,32,32,19,0,0
LAWAC01,2007,Acie,Law,ATL,N,56,863,235,12,45,57,113,29,0,56,73,237,95,48,38,34,7
LEEDA02,2007,David,Lee,NYK,N,81,2356,876,241,482,723,95,55,29,97,210,617,341,237,194,2,0
LEWISRA01,2007,Rashard,Lewis,ORL,N,81,3080,1476,97,340,437,196,99,38,140,214,1135,516,260,218,553,226
LOWRYKY01,2007,Kyle,Lowry,MEM,N,82,2089,789,41,209,250,297,92,21,127,185,590,255,348,243,140,36
LUETY01,2007,Tyronn,Lue,ATL,N,33,567,226,9,32,41,59,11,0,22,38,196,86,28,24,69,30
LUETY01,2007,Tyronn,Lue,DAL,N,17,173,64,0,13,13,15,0,1,5,28,57,27,4,1,17,9
LUETY01,2007,Tyronn,Lue,TOT,N,50,740,290,9,45,54,74,11,1,27,66,253,113,32,25,86,39
MADSEMA01,2007,Mark,Madsen,MIN,N,20,150,9,18,20,38,4,3,2,9,25,19,3,12,3,0,0
MAGGECO01,2007,Corey,Maggette,LAC,N,70,2498,1547,78,316,394,189,71,7,195,210,1000,458,681,553,203,78
MAGLOJA01,2007,Jamaal,Magloire,DAL,N,7,26,12,1,7,8,0,1,0,7,8,6,3,13,6,0,0
MAGLOJA01,2007,Jamaal,Magloire,NJN,N,24,258,44,17,63,80,7,0,11,24,42,48,15,30,14,0,0
MAGLOJA01,2007,Jamaal,Magloire,TOT,N,31,284,56,18,70,88,7,1,11,31,50,54,18,43,20,0,0
MAHINIA01,2007,Ian,Mahinmi,SAS,N,6,22,21,0,5,5,1,0,4,2,4,12,6,9,9,0,0
MARBUST01,2007,Stephon,Marbury,NYK,N,24,807,333,17,42,59,113,21,2,48,57,265,111,116,83,74,28
MARIOSH01,2007,Shawn,Marion,PHO,N,47,1711,743,86,378,464,98,95,70,49,117,578,304,108,77,167,58
MARIOSH01,2007,Shawn,Marion,MIA,N,15,601,229,50,128,178,40,30,15,37,33,209,96,42,29,31,8
MARIOSH01,2007,Shawn,Marion,TOT,N,62,2312,972,136,506,642,138,125,85,86,150,787,400,150,106,198,66
MARKSSE01,2007,Sean,Marks,PHO,N,19,130,59,9,27,36,4,3,10,8,23,43,23,19,12,4,1
MARSHDO01,2007,Donyell,Marshall,CLE,N,11,157,41,9,21,30,5,2,9,6,16,44,13,9,7,23,8
MARSHDO01,2007,Donyell,Marshall,SEA,N,16,185,57,15,31,46,5,4,7,9,15,54,19,13,12,30,7
MARSHDO01,2007,Donyell,Marshall,TOT,N,27,342,98,24,52,76,10,6,16,15,31,98,32,22,19,53,15
MARTIDA01,2007,Darrick,Martin,TOR,N,17,141,27,3,4,7,21,6,0,1,12,43,10,6,5,16,2
MARTIKE01,2007,Kenyon,Martin,DEN,N,71,2162,877,105,356,461,90,88,85,91,235,699,376,212,123,11,2
MARTIKE02,2007,Kevin,Martin,SAC,N,61,2217,1443,48,224,272,129,62,5,131,150,914,417,578,502,266,107
MASONDE01,2007,Desmond,Mason,MIL,N,59,1704,574,75,181,256,121,40,30,83,106,477,230,173,114,0,0
MASONRO01,2007,Roger,Mason,WAS,N,80,1704,724,17,113,130,134,40,18,69,140,600,266,71,62,327,130
MAXIEJA01,2007,Jason,Maxiell,DET,N,82,1761,651,177,256,433,46,22,94,73,183,446,240,270,171,1,0
MBENGDJ01,2007,D.J.,Mbenga,LAL,N,26,195,64,15,26,41,6,4,16,8,38,61,30,10,4,0,0
MBENGDJ01,2007,D.J.,Mbenga,GSW,N,16,129,19,13,18,31,4,3,10,4,32,23,9,2,1,0,0
MBENGDJ01,2007,D.J.,Mbenga,TOT,N,42,324,83,28,44,72,10,7,26,12,70,84,39,12,5,0,0
MCCANRA01,2007,Rashad,McCants,MIN,N,75,2023,1114,50,157,207,162,66,18,171,234,944,428,155,116,349,142
MCCOYJE01,2007,Jelani,McCoy,DEN,N,6,32,3,1,6,7,0,0,5,4,7,1,1,2,1,0,0
MCDYEAN01,2007,Antonio,McDyess,DET,N,78,2285,683,204,462,666,89,61,53,72,246,600,293,156,97,2,0
MCGRATR01,2007,Tracy,McGrady,HOU,N,66,2440,1427,42,297,339,387,68,30,160,92,1307,548,358,245,294,86
MCGUIDO01,2007,Dominic,McGuire,WAS,N,70,696,93,53,87,140,41,20,26,40,76,103,39,32,14,6,1
MCINNJE01,2007,Jeff,McInnis,CHR,N,54,1410,242,16,79,95,220,23,3,75,120,249,108,30,23,19,3
MCROBJO01,2007,Josh,McRoberts,POR,N,8,29,12,2,8,10,2,1,0,2,1,10,6,0,0,1,0
MIHMCH01,2007,Chris,Mihm,LAL,N,23,278,82,28,49,77,16,3,14,17,40,95,32,27,18,0,0
MILESCJ01,2007,C.J.,Miles,UTA,N,62,713,300,20,67,87,53,33,8,31,106,242,114,54,42,77,30
MILICDA01,2007,Darko,Milicic,MEM,N,70,1665,507,126,297,423,58,32,114,101,185,501,220,121,67,1,0
MILLEAN02,2007,Andre,Miller,PHI,N,82,3013,1398,95,228,323,565,105,7,205,181,1156,569,333,257,34,3
MILLEBR01,2007,Brad,Miller,SAC,N,72,2514,964,167,514,681,264,68,74,164,247,728,337,309,262,90,28
MILLEMI01,2007,Mike,Miller,MEM,N,70,2475,1147,51,416,467,240,35,16,182,145,823,414,212,164,359,155
MILLSPA01,2007,Paul,Millsap,UTA,N,81,1684,656,165,290,455,81,71,71,85,265,498,251,227,154,4,0
MINGYA01,2007,Yao,Ming,HOU,N,55,2044,1209,172,424,596,129,25,111,183,171,852,432,406,345,2,0
MOBLECU01,2007,Cuttino,Mobley,LAC,N,77,2696,984,50,225,275,202,78,34,123,151,870,377,199,163,192,67
MOHAMNA01,2007,Nazr,Mohammed,CHR,N,61,1420,570,166,256,422,66,39,51,90,194,470,244,133,82,0,0
MOHAMNA01,2007,Nazr,Mohammed,DET,N,21,229,69,29,44,73,6,7,8,11,36,59,28,30,13,1,0
MOHAMNA01,2007,Nazr,Mohammed,TOT,N,82,1649,639,195,300,495,72,46,59,101,230,529,272,163,95,1,0
MOONJA01,2007,Jamario,Moon,TOR,N,78,2169,661,92,392,484,90,80,108,51,152,575,279,85,63,123,40
MOOREMI01,2007,Mikki,Moore,SAC,N,82,2383,698,160,334,494,84,35,46,110,310,489,282,182,134,2,0
MORRIRA01,2007,Randolph,Morris,NYK,N,18,180,56,12,25,37,2,4,2,9,37,58,21,29,14,0,0
MOURNAL01,2007,Alonzo,Mourning,MIA,N,25,391,147,34,59,93,7,4,42,25,56,95,52,74,43,0,0
MURPHTR01,2007,Troy,Murphy,IND,N,75,2108,913,108,441,549,165,49,32,96,217,691,314,241,192,235,93
MURRARO01,2007,Ronald,Murray,IND,N,23,529,254,10,37,47,80,25,3,53,31,228,97,61,46,36,14
MURRARO01,2007,Ronald,Murray,DET,N,19,345,142,13,24,37,64,13,1,31,19,139,57,37,22,27,6
MURRARO01,2007,Ronald,Murray,TOT,N,42,874,396,23,61,84,144,38,4,84,50,367,154,98,68,63,20
MUTOMDI01,2007,Dikembe,Mutombo,HOU,N,39,618,118,68,131,199,5,11,48,17,55,80,43,45,32,0,0
NACHBBO01,2007,Bostjan,Nachbar,NJN,N,76,1665,740,57,204,261,88,44,20,85,181,610,246,195,154,262,94
NAJERED01,2007,Eduardo,Najera,DEN,N,78,1666,466,114,226,340,95,71,41,61,201,368,174,91,65,147,53
NASHST01,2007,Steve,Nash,PHO,N,81,2780,1371,28,254,282,897,53,5,295,113,961,485,245,222,381,179
NAVARJU01,2007,Juan,Navarro,MEM,N,82,2121,896,34,176,210,178,48,1,134,94,766,308,146,124,432,156
NELSOJA01,2007,Jameer,Nelson,ORL,N,69,1963,755,28,215,243,383,63,4,141,167,603,283,151,125,154,64
NESTERA01,2007,Radoslav,Nesterovic,TOR,N,71,1483,552,130,212,342,82,20,53,60,132,467,257,49,37,3,1
NEWBLIR01,2007,Ira,Newble,LAL,N,6,31,7,6,5,11,3,1,1,3,5,8,3,0,0,2,1
NEWBLIR01,2007,Ira,Newble,SEA,N,2,17,4,0,0,0,1,0,0,0,0,7,2,0,0,2,0
NEWBLIR01,2007,Ira,Newble,CLE,N,41,654,177,41,73,114,14,27,7,31,64,158,71,26,20,45,15
NEWBLIR01,2007,Ira,Newble,TOT,N,49,702,188,47,78,125,18,28,8,34,69,173,76,26,20,49,16
NICHODE01,2007,Demetris,Nichols,TOT,N,14,47,15,0,5,5,1,0,3,4,4,23,6,0,0,13,3
NICHODE01,2007,Demetris,Nichols,CLE,N,3,15,2,0,1,1,0,0,0,2,0,8,1,0,0,3,0
NICHODE01,2007,Demetris,Nichols,CHI,N,11,32,13,0,4,4,1,0,3,2,4,15,5,0,0,10,3
NOAHJO01,2007,Joakim,Noah,CHI,N,74,1533,488,174,242,416,84,68,64,89,173,367,177,194,134,1,0
NOCIOAN01,2007,Andres,Nocioni,CHI,N,82,2019,1079,48,294,342,95,25,42,133,245,877,379,241,195,345,126
NOVAKST01,2007,Steve,Novak,HOU,N,35,263,135,4,31,35,6,2,3,4,17,102,49,4,3,71,34
NOWITDI01,2007,Dirk,Nowitzki,DAL,N,77,2772,1817,95,564,659,266,51,71,160,198,1314,630,544,478,220,79
OBERTFA01,2007,Fabricio,Oberto,SAS,N,82,1645,397,153,277,430,95,37,20,50,203,296,180,61,37,1,0
OBRYAPA01,2007,Patrick,O'Bryant,GSW,N,25,104,39,10,19,29,4,3,9,7,28,29,17,7,5,0,0
ODOMLA01,2007,Lamar,Odom,LAL,N,77,2921,1094,196,622,818,272,75,72,155,222,795,417,328,229,113,31
OKAFOEM01,2007,Emeka,Okafor,CHR,N,82,2723,1133,255,621,876,70,62,138,164,241,861,460,374,213,0,0
OKURME01,2007,Mehmet,Okur,UTA,N,72,2389,1047,132,424,556,145,55,30,104,236,842,374,230,185,294,114
OLLIEKE01,2007,Kevin,Ollie,PHI,N,40,299,70,4,15,19,38,10,0,5,28,69,29,15,12,1,0
ONEAJE01,2007,Jermaine,O'Neal,IND,N,42,1207,571,82,201,283,93,20,87,106,129,512,225,163,121,5,0
ONEASH01,2007,Shaquille,O'Neal,PHO,N,28,803,362,67,229,296,48,13,34,83,94,229,140,160,82,0,0
ONEASH01,2007,Shaquille,O'Neal,MIA,N,33,947,470,99,159,258,45,19,54,98,134,329,191,178,88,0,0
ONEASH01,2007,Shaquille,O'Neal,TOT,N,61,1750,832,166,388,554,93,32,88,181,228,558,331,338,170,0,0
OUTLABO01,2007,Charles,Outlaw,ORL,N,2,6,4,0,0,0,0,0,0,1,1,3,2,0,0,0,0
OUTLATR01,2007,Travis,Outlaw,POR,N,82,2183,1094,96,280,376,108,59,63,107,173,964,418,294,218,100,40
OWENSAN01,2007,Andre,Owens,IND,N,31,390,123,13,34,47,47,13,3,24,37,108,40,34,25,40,18
PACHUZA01,2007,Zaza,Pachulia,ATL,N,62,944,322,89,159,248,36,24,13,69,140,245,107,153,108,3,0
PARGOJA01,2007,Jannero,Pargo,NOH,N,80,1499,644,27,104,131,193,50,5,93,123,651,254,81,71,185,65
PARKEAN01,2007,Anthony,Parker,TOR,N,82,2632,1025,50,284,334,183,79,17,87,157,829,395,125,102,304,133
PARKETO01,2007,Tony,Parker,SAS,N,69,2313,1295,30,191,221,411,55,8,165,93,1043,515,347,248,66,17
PARKEWI01,2007,Smush,Parker,MIA,N,9,184,43,2,17,19,15,5,3,8,13,54,17,4,3,24,6
PARKEWI01,2007,Smush,Parker,LAC,N,19,409,122,2,30,32,69,19,3,36,46,130,47,24,16,54,12
PARKEWI01,2007,Smush,Parker,TOT,N,28,593,165,4,47,51,84,24,6,44,59,184,64,28,19,78,18
PATTERU01,2007,Ruben,Patterson,LAC,N,20,324,102,24,40,64,17,21,7,27,37,86,39,43,24,2,0
PAULCH01,2007,Chris,Paul,NOH,N,80,3006,1684,62,259,321,925,217,4,201,185,1291,630,390,332,249,92
PAVLOAL01,2007,Sasha,Pavlovic,CLE,N,50,1161,355,36,92,128,81,28,6,55,111,390,137,75,52,106,29
PECHEOL01,2007,Oleksiy,Pecherov,WAS,N,35,320,125,21,45,66,7,6,5,17,30,125,44,31,20,60,17
PERKIKE01,2007,Kendrick,Perkins,BOS,N,78,1914,542,145,329,474,84,30,111,125,242,349,214,183,114,1,0
PEROVKO01,2007,Kosta,Perovic,GSW,N,7,38,10,6,7,13,1,0,2,1,6,10,3,6,4,0,0
PETERMO01,2007,Morris,Peterson,NOH,N,76,1796,608,36,170,206,67,47,7,41,125,516,215,85,65,287,113
PETROJO01,2007,Johan,Petro,SEA,N,72,1307,432,98,273,371,32,35,44,73,173,440,184,87,64,1,0
PIATKER01,2007,Eric,Piatkowski,PHO,N,16,114,39,1,11,12,10,0,1,6,11,33,12,4,4,26,11
PIERCPA01,2007,Paul,Pierce,BOS,N,80,2874,1570,53,354,407,363,103,35,220,200,1098,509,485,409,365,143
PIETRMI01,2007,Mickael,Pietrus,GSW,N,66,1317,472,68,175,243,49,66,43,48,200,388,170,98,66,182,66
POLLASC01,2007,Scot,Pollard,BOS,N,22,173,39,14,23,37,3,3,6,5,43,23,12,22,15,0,0
POSEYJA01,2007,James,Posey,BOS,N,74,1818,545,30,292,322,114,72,20,65,182,414,173,115,93,279,106
POWELE01,2007,Leon,Powe,BOS,N,56,808,445,95,136,231,15,15,16,43,127,268,154,193,137,1,0
POWELJO01,2007,Josh,Powell,LAC,N,64,1228,353,115,216,331,47,14,23,65,130,315,145,87,63,3,0
POWELKA01,2007,Kasib,Powell,MIA,N,11,304,84,8,36,44,18,9,2,5,18,95,35,9,6,33,8
PRICERO01,2007,Ronnie,Price,UTA,N,61,586,228,8,38,46,78,32,3,30,83,204,88,38,26,75,26
PRINCTA01,2007,Tayshaun,Prince,DET,N,82,2698,1080,109,289,398,267,42,33,91,90,940,421,241,185,146,53
PRUITGA01,2007,Gabe,Pruitt,BOS,N,15,95,32,1,7,8,13,5,0,5,10,39,14,2,1,12,3
PRZYBJO01,2007,Joel,Przybilla,POR,N,77,1820,369,193,454,647,27,13,92,95,234,247,143,122,83,1,0
QUINNCH01,2007,Chris,Quinn,MIA,N,60,1342,465,11,107,118,177,46,4,55,91,373,158,98,85,159,64
RADMAVL01,2007,Vladimir,Radmanovic,LAL,N,65,1482,545,56,159,215,122,46,12,73,147,438,199,65,52,234,95
RANDOSH01,2007,Shavlik,Randolph,PHI,N,9,27,8,9,2,11,3,1,3,2,5,14,4,0,0,0,0
RANDOZA01,2007,Zach,Randolph,NYK,N,70,2263,1217,185,528,713,141,59,16,187,196,1059,486,289,223,80,22
RATLITH01,2007,Theo,Ratliff,MIN,N,10,213,63,13,26,39,7,3,19,12,30,45,23,25,17,1,0
RATLITH01,2007,Theo,Ratliff,DET,N,16,222,48,19,31,50,7,4,19,9,29,40,18,18,12,0,0
RATLITH01,2007,Theo,Ratliff,TOT,N,26,435,111,32,57,89,14,7,38,21,59,85,41,43,29,1,0
REDDMI01,2007,Michael,Redd,MIL,N,72,2700,1632,84,224,308,247,65,13,181,120,1243,550,490,402,358,130
REDICJJ01,2007,J.J.,Redick,ORL,N,34,275,140,1,22,23,16,4,0,15,29,108,48,34,27,43,17
RICHACH01,2007,Chris,Richard,MIN,N,52,556,98,52,83,135,18,10,12,23,82,87,41,27,16,0,0
RICHAJA01,2007,Jason,Richardson,CHR,N,82,3151,1788,81,360,441,258,116,55,166,241,1468,648,332,249,599,243
RICHAJE01,2007,Jeremy,Richardson,SAS,N,5,28,10,0,1,1,1,1,0,0,5,7,3,2,2,5,2
RICHAJE01,2007,Jeremy,Richardson,MEM,N,3,14,0,0,1,1,1,0,0,1,2,6,0,0,0,2,0
RICHAJE01,2007,Jeremy,Richardson,ATL,N,18,89,31,1,6,7,0,2,0,5,6,31,13,0,0,12,5
RICHAJE01,2007,Jeremy,Richardson,TOT,N,26,131,41,1,8,9,2,3,0,6,13,44,16,2,2,19,7
RICHAQU01,2007,Quentin,Richardson,NYK,N,65,1841,527,56,258,314,116,44,15,69,153,555,199,88,60,213,69
RIDNOLU01,2007,Luke,Ridnour,SEA,N,61,1220,393,13,81,94,241,37,14,80,120,368,147,91,78,71,21
ROBINNA01,2007,Nate,Robinson,NYK,N,72,1881,913,51,171,222,212,60,1,103,185,782,331,196,154,292,97
RODRISE01,2007,Sergio,Rodriguez,POR,N,72,633,180,13,45,58,123,24,0,53,58,196,69,38,25,58,17
RONDORA01,2007,Rajon,Rondo,BOS,N,77,2309,814,78,244,322,393,129,13,147,187,713,351,175,107,19,5
ROSEMA01,2007,Malik,Rose,NYK,N,49,496,171,31,72,103,28,16,7,40,80,180,66,51,37,7,2
ROSSQU01,2007,Quinton,Ross,LAC,N,76,1504,311,54,118,172,88,43,33,29,132,336,131,60,40,21,9
ROYBR01,2007,Brandon,Roy,POR,N,74,2792,1416,81,267,348,430,79,15,136,147,1169,531,373,281,214,73
RUFFIMI01,2007,Michael,Ruffin,MIL,N,46,633,91,90,96,186,24,31,19,19,93,62,33,63,25,0,0
RUSHKA01,2007,Kareem,Rush,IND,N,71,1504,588,19,149,168,89,42,19,61,108,568,228,42,30,262,102
SALMOJO01,2007,John,Salmons,SAC,N,81,2515,1015,76,273,349,208,93,31,170,171,798,381,260,214,120,39
SAMBCH01,2007,Cheikh,Samb,DET,N,4,32,7,3,4,7,0,1,2,1,8,4,3,2,1,0,0
SCALABR01,2007,Brian,Scalabrine,BOS,N,48,512,88,22,57,79,40,9,8,26,63,94,29,20,15,46,15
SCOLALU01,2007,Luis,Scola,HOU,N,82,2023,847,174,353,527,106,60,19,105,235,670,345,235,157,3,0
SEFOLTH01,2007,Thabo,Sefolosha,CHI,N,69,1436,464,50,205,255,129,61,30,93,128,421,180,104,75,87,29
SENEMO01,2007,Mouhamed,Sene,SEA,N,13,63,30,7,9,16,1,0,7,0,9,24,11,17,8,0,0
SESSIRA01,2007,Ramon,Sessions,MIL,N,17,448,137,8,50,58,127,17,3,35,26,118,51,41,32,7,3
SIMMOBO01,2007,Bobby,Simmons,MIL,N,70,1519,531,67,159,226,80,50,5,78,140,496,209,70,53,171,60
SIMMOCE01,2007,Cedric,Simmons,CHI,N,7,19,4,1,2,3,0,0,0,2,1,8,2,2,0,0,0
SIMMOCE01,2007,Cedric,Simmons,CLE,N,7,68,4,5,10,15,0,2,5,4,7,6,2,8,0,0,0
SIMMOCE01,2007,Cedric,Simmons,TOT,N,14,87,8,6,12,18,0,2,5,6,8,14,4,10,0,0,0
SIMSCO01,2007,Courtney,Sims,IND,N,3,11,0,1,1,2,1,0,0,0,2,1,0,0,0,0,0
SKINNBR01,2007,Brian,Skinner,PHO,N,66,848,219,63,175,238,15,21,77,39,112,198,92,63,33,3,2
SMITHCR01,2007,Craig,Smith,MIN,N,77,1546,727,123,234,357,60,36,17,89,217,528,297,200,133,9,0
SMITHJA02,2007,Jason,Smith,PHI,N,76,1104,340,77,153,230,21,22,50,48,142,311,141,82,54,14,4
SMITHJO01,2007,Joe,Smith,CLE,N,26,555,212,52,75,127,19,9,15,20,70,165,86,61,40,2,0
SMITHJO01,2007,Joe,Smith,CHI,N,50,1145,561,108,157,265,47,25,31,49,113,484,226,135,109,1,0
SMITHJO01,2007,Joe,Smith,TOT,N,76,1700,773,160,232,392,66,34,46,69,183,649,312,196,149,3,0
SMITHJO03,2007,Josh,Smith,ATL,N,81,2876,1394,161,506,667,274,123,227,244,263,1133,518,469,333,99,25
SMITHJR01,2007,J.R.,Smith,DEN,N,74,1421,907,43,109,152,128,62,12,112,144,674,311,178,128,390,157
SNOWER01,2007,Eric,Snow,CLE,N,22,306,22,4,16,20,42,10,4,10,30,38,6,22,10,2,0
SNYDEKI01,2007,Kirk,Snyder,MIN,N,27,681,227,25,90,115,56,19,14,49,49,161,83,77,58,14,3
SNYDEKI01,2007,Kirk,Snyder,HOU,N,9,80,34,5,7,12,8,1,1,4,6,28,13,11,6,9,2
SNYDEKI01,2007,Kirk,Snyder,TOT,N,36,761,261,30,97,127,64,20,15,53,55,189,96,88,64,23,5
SONGADA01,2007,Darius,Songaila,WAS,N,80,1555,495,81,190,271,135,54,16,84,181,467,214,73,67,2,0
STACKJE01,2007,Jerry,Stackhouse,DAL,N,58,1410,618,33,100,133,145,28,10,86,82,526,213,148,132,184,60
STEVEDE01,2007,DeShawn,Stevenson,WAS,N,82,2561,914,37,198,235,252,65,15,102,110,779,300,197,157,412,157
STOJAPR01,2007,Predrag,Stojakovic,NOH,N,77,2716,1263,64,267,331,96,57,10,61,126,1026,451,140,130,524,231
STOREAW01,2007,Awvee,Storey,MIL,N,26,259,92,31,23,54,16,7,1,10,41,89,39,29,14,7,0
STOUDAM01,2007,Amare,Stoudemire,PHO,N,79,2681,1989,178,541,719,118,64,163,174,294,1211,714,691,556,31,5
STOUDDA01,2007,Damon,Stoudamire,SAS,N,31,413,106,6,41,47,53,11,2,31,30,143,43,8,6,55,14
STOUDDA01,2007,Damon,Stoudamire,MEM,N,29,625,211,14,57,71,112,19,0,50,46,194,77,26,21,94,36
STOUDDA01,2007,Damon,Stoudamire,TOT,N,60,1038,317,20,98,118,165,30,2,81,76,337,120,34,27,149,50
STOUDSA01,2007,Salim,Stoudamire,ATL,N,35,407,200,4,20,24,28,7,5,21,34,180,65,50,41,85,29
STRAWDJ01,2007,DJ,Strawberry,PHO,N,33,272,73,9,19,28,30,12,6,11,36,92,29,19,9,25,6
STUCKRO01,2007,Rodney,Stuckey,DET,N,57,1082,436,32,97,129,159,49,5,78,113,381,153,156,127,16,3
SWIFTRO01,2007,Robert,Swift,SEA,N,8,99,14,6,12,18,1,5,6,10,16,17,6,2,2,0,0
SWIFTST01,2007,Stromile,Swift,NJN,N,21,293,105,18,52,70,4,5,18,12,39,88,42,28,21,0,0
SWIFTST01,2007,Stromile,Swift,MEM,N,35,549,238,47,83,130,22,10,36,39,74,177,93,81,52,2,0
SWIFTST01,2007,Stromile,Swift,TOT,N,56,842,343,65,135,200,26,15,54,51,113,265,135,109,73,2,0
SZCZEWA01,2007,Wally,Szczerbiak,TOT,N,74,1728,855,33,183,216,103,23,12,74,102,713,309,175,149,212,88
SZCZEWA01,2007,Wally,Szczerbiak,SEA,N,50,1183,656,16,120,136,69,14,5,55,67,512,236,134,113,165,71
SZCZEWA01,2007,Wally,Szczerbiak,CLE,N,24,545,199,17,63,80,34,9,7,19,35,201,73,41,36,47,17
TELFASE01,2007,Sebastian,Telfair,MIN,N,60,1933,556,16,121,137,355,59,11,111,171,556,223,105,78,114,32
TERRYJA01,2007,Jason,Terry,DAL,N,82,2581,1269,30,178,208,264,88,18,92,170,1008,471,223,191,363,136
THOMABI01,2007,Billy,Thomas,NJN,N,4,8,2,0,0,0,0,0,0,1,0,3,0,2,2,3,0
THOMABI01,2007,Billy,Thomas,CLE,N,7,33,12,0,2,2,0,1,0,3,4,14,4,0,0,13,4
THOMABI01,2007,Billy,Thomas,TOT,N,11,41,14,0,2,2,0,1,0,4,4,17,4,2,2,16,4
THOMAKE01,2007,Kenny,Thomas,SAC,N,23,284,32,18,43,61,13,6,1,21,38,38,16,5,0,0,0
THOMAKU01,2007,Kurt,Thomas,SEA,N,42,1062,317,94,275,369,53,35,43,28,131,272,139,56,39,0,0
THOMAKU01,2007,Kurt,Thomas,SAS,N,28,524,126,36,102,138,14,21,14,18,57,125,56,24,14,1,0
THOMAKU01,2007,Kurt,Thomas,TOT,N,70,1586,443,130,377,507,67,56,57,46,188,397,195,80,53,1,0
THOMATI01,2007,Tim,Thomas,LAC,N,63,1941,780,62,262,324,171,40,29,98,192,704,291,153,115,270,83
THOMATY01,2007,Tyrus,Thomas,CHI,N,74,1326,502,102,240,342,90,48,74,77,170,440,186,174,129,6,1
THORNAL01,2007,Al,Thornton,LAC,N,79,2164,1005,98,260,358,98,46,43,128,196,870,374,288,214,130,43
TINSLJA01,2007,Jamaal,Tinsley,IND,N,39,1299,464,24,117,141,326,66,10,130,97,463,176,100,72,141,40
TUCKEAL02,2007,Alando,Tucker,PHO,N,6,48,22,4,4,8,0,0,1,0,2,22,8,6,5,4,1
TURIARO01,2007,Ronny,Turiaf,LAL,N,78,1459,516,95,211,306,128,28,108,72,199,396,188,186,140,2,0
TURKOHI01,2007,Hidayet,Turkoglu,ORL,N,82,3027,1602,84,387,471,409,74,25,246,244,1219,556,391,324,415,166
UDOKAIM01,2007,Ime,Udoka,SAS,N,73,1319,423,36,192,228,66,56,17,57,124,375,159,58,44,165,61
UDRIHBE01,2007,Beno,Udrih,SAC,N,65,2080,834,34,183,217,282,57,10,148,138,708,328,147,125,137,53
VAREJAN01,2007,Anderson,Varejao,CLE,N,47,1287,317,131,256,387,53,37,26,56,132,286,134,82,49,2,0
VAUGHJA01,2007,Jacque,Vaughn,SAS,N,74,1141,306,13,61,74,159,23,1,54,96,283,121,80,61,10,3
VILLACH01,2007,Charlie,Villanueva,MIL,N,76,1828,884,145,321,466,78,30,35,106,174,813,353,157,123,183,55
VINICMA01,2007,Marcus,Vinicius,NOH,N,14,73,30,1,9,10,2,1,1,4,3,21,10,11,5,12,5
VOSKUJA01,2007,Jake,Voskuhl,MIL,N,44,385,98,30,67,97,13,9,21,29,83,80,37,29,24,0,0
VUJACSA01,2007,Sasha,Vujacic,LAL,N,72,1282,630,19,135,154,73,36,5,52,107,481,218,91,76,270,118
WADEDW01,2007,Dwyane,Wade,MIA,N,51,1950,1256,45,169,214,354,87,37,224,137,937,439,469,356,77,22
WAFERVO01,2007,Von,Wafer,POR,N,8,65,19,0,9,9,2,0,2,2,3,23,7,4,2,11,3
WAFERVO01,2007,Von,Wafer,DEN,N,21,89,27,1,9,10,5,2,1,11,4,38,10,8,6,15,1
WAFERVO01,2007,Von,Wafer,TOT,N,29,154,46,1,18,19,7,2,3,13,7,61,17,12,8,26,4
WALKEAN01,2007,Antoine,Walker,MIN,N,46,894,368,56,113,169,45,33,8,46,80,375,136,66,35,188,61
WALLABE01,2007,Ben,Wallace,CLE,N,21,545,85,57,98,155,13,19,34,16,32,78,34,42,17,0,0
WALLABE01,2007,Ben,Wallace,CHI,N,50,1631,255,175,266,441,92,69,80,49,86,271,101,125,53,4,0
WALLABE01,2007,Ben,Wallace,TOT,N,71,2176,340,232,364,596,105,88,114,65,118,349,135,167,70,4,0
WALLAGE01,2007,Gerald,Wallace,CHR,N,62,2378,1200,58,316,374,216,131,58,180,189,904,408,428,313,221,71
WALLARA01,2007,Rasheed,Wallace,DET,N,77,2348,979,83,426,509,137,91,129,86,213,869,376,150,115,314,112
WALTOLU01,2007,Luke,Walton,LAL,N,74,1730,535,85,206,291,218,60,19,100,133,478,215,109,77,84,28
WARRIHA01,2007,Hakim,Warrick,MEM,N,75,1755,852,123,233,356,52,36,29,84,156,653,328,260,183,48,13
WASHIDA01,2007,Darius,Washington,SAS,N,18,145,53,4,16,20,15,5,0,14,16,48,21,13,7,12,4
WATKIDA01,2007,Darryl,Watkins,SAC,N,9,71,12,5,7,12,0,2,2,7,8,15,5,5,2,0,0
WATSOCJ01,2007,C.J.,Watson,GSW,N,32,365,118,13,19,32,32,15,0,18,21,101,43,29,23,26,9
WATSOEA01,2007,Earl,Watson,SEA,N,78,2276,834,43,182,225,531,70,12,175,158,745,337,145,111,132,49
WEBBECH01,2007,Chris,Webber,GSW,N,9,126,35,2,30,32,18,4,6,11,17,31,15,12,5,0,0
WEBSTMA02,2007,Martell,Webster,POR,N,75,2130,799,54,242,296,90,42,28,83,159,656,277,166,122,317,123
WELLSBO01,2007,Bonzi,Wells,NOH,N,22,438,193,21,50,71,17,24,8,27,44,157,77,53,35,12,4
WELLSBO01,2007,Bonzi,Wells,HOU,N,51,1128,469,63,197,260,80,51,24,76,113,412,175,174,111,38,8
WELLSBO01,2007,Bonzi,Wells,TOT,N,73,1566,662,84,247,331,97,75,32,103,157,569,252,227,146,50,12
WESTDA01,2007,David,West,NOH,N,76,2871,1564,179,496,675,177,67,98,165,208,1305,629,353,300,25,6
WESTDE01,2007,Delonte,West,SEA,N,35,723,239,13,83,96,113,30,10,66,44,250,97,39,26,56,19
WESTDE01,2007,Delonte,West,CLE,N,25,773,258,15,77,92,108,27,19,51,55,218,96,50,39,76,27
WESTDE01,2007,Delonte,West,TOT,N,60,1496,497,28,160,188,221,57,29,117,99,468,193,89,65,132,46
WESTMA02,2007,Mario,West,ATL,N,64,266,59,26,23,49,13,12,4,9,61,49,21,26,17,4,0
WILCOCH01,2007,Chris,Wilcox,SEA,N,62,1740,828,124,306,430,76,50,39,100,171,638,334,248,160,3,0
WILKIDA02,2007,Damien,Wilkins,SEA,N,76,1849,698,72,173,245,150,62,19,89,128,673,271,144,106,155,50
WILKSMI01,2007,Mike,Wilks,SEA,N,3,22,12,0,1,1,5,1,0,2,2,9,5,2,2,1,0
WILKSMI01,2007,Mike,Wilks,DEN,N,8,122,24,4,8,12,6,5,0,5,9,23,10,2,2,5,2
WILKSMI01,2007,Mike,Wilks,WAS,N,4,43,5,1,5,6,3,3,0,1,2,4,2,0,0,2,1
WILKSMI01,2007,Mike,Wilks,TOT,N,15,187,41,5,14,19,14,9,0,8,13,36,17,4,4,8,3
WILLIAA01,2007,Aaron,Williams,LAC,N,30,297,68,15,46,61,9,12,14,14,44,55,27,18,14,0,0
WILLIDE01,2007,Deron,Williams,UTA,N,82,3059,1545,34,209,243,862,90,24,279,200,1117,566,411,330,210,83
WILLIJA02,2007,Jason,Williams,MIA,N,66,1883,588,12,118,130,307,83,5,91,93,549,211,80,69,275,97
WILLIJU01,2007,Justin,Williams,SAC,N,22,115,31,19,29,48,0,5,5,3,14,26,12,22,7,0,0
WILLIJU01,2007,Justin,Williams,HOU,N,1,6,3,1,0,1,0,0,0,1,3,3,1,4,1,0,0
WILLIJU01,2007,Justin,Williams,TOT,N,23,121,34,20,29,49,0,5,5,4,17,29,13,26,8,0,0
WILLILO02,2007,Louis,Williams,PHI,N,80,1868,920,41,127,168,253,80,13,125,130,752,319,290,227,153,55
WILLIMA01,2007,Maurice,Williams,MIL,N,66,2407,1137,37,193,230,419,78,10,182,188,919,441,194,166,230,89
WILLIMA02,2007,Marvin,Williams,ATL,N,80,2764,1185,119,339,458,137,82,33,127,225,918,424,409,336,10,1
WILLIMA03,2007,Marcus,Williams,NJN,N,54,868,315,15,89,104,140,25,5,76,54,295,112,47,37,142,54
WILLIMA04,2007,Marcus.,Williams,LAC,N,10,34,10,4,8,12,3,1,0,0,3,19,5,0,0,0,0
WILLIMA04,2007,Marcus.,Williams,SAS,N,1,2,0,0,0,0,0,0,1,0,0,1,0,0,0,0,0
WILLIMA04,2007,Marcus.,Williams,TOT,N,11,36,10,4,8,12,3,1,1,0,3,20,5,0,0,0,0
WILLISE01,2007,Sean,Williams,NJN,N,72,1269,407,114,205,319,28,28,104,70,191,306,163,133,81,0,0
WILLISH02,2007,Shawne,Williams,IND,N,65,965,437,54,123,177,59,26,26,58,132,372,159,106,76,136,43
WILLISH03,2007,Shelden,Williams,ATL,N,36,414,109,34,73,107,11,13,11,14,61,100,37,51,35,1,0
WILLISH03,2007,Shelden,Williams,SAC,N,28,361,146,34,64,98,8,9,10,21,50,112,55,54,36,1,0
WILLISH03,2007,Shelden,Williams,TOT,N,64,775,255,68,137,205,19,22,21,35,111,212,92,105,71,2,0
WOODSLO01,2007,Loren,Woods,HOU,N,7,16,6,0,1,1,2,0,0,0,2,5,3,0,0,0,0
WRIGHAN01,2007,Antoine,Wright,NJN,N,41,1056,296,34,91,125,67,26,17,39,105,287,114,58,41,101,27
WRIGHAN01,2007,Antoine,Wright,DAL,N,15,177,52,5,17,22,13,2,4,11,22,42,21,9,5,9,5
WRIGHAN01,2007,Antoine,Wright,TOT,N,56,1233,348,39,108,147,80,28,21,50,127,329,135,67,46,110,32
WRIGHBR03,2007,Brandan,Wright,GSW,N,37,372,147,37,61,98,8,6,22,13,35,111,61,38,25,0,0
WRIGHDO01,2007,Dorell,Wright,MIA,N,44,1105,347,48,170,218,60,29,40,29,79,293,143,69,57,11,4
WRIGHJU01,2007,Julian,Wright,NOH,N,56,635,221,33,82,115,40,29,12,34,43,168,89,52,33,24,10
WRIGHLO02,2007,Lorenzen,Wright,SAC,N,5,13,2,1,0,1,1,0,0,2,5,4,1,0,0,0,0
WRIGHLO02,2007,Lorenzen,Wright,ATL,N,13,149,13,7,30,37,3,3,3,2,25,17,5,6,3,0,0
WRIGHLO02,2007,Lorenzen,Wright,TOT,N,18,162,15,8,30,38,4,3,3,4,30,21,6,6,3,0,0
YOUNGNI01,2007,Nick,Young,WAS,N,75,1157,561,23,92,115,63,35,7,95,130,478,210,124,101,100,40
YOUNGTH01,2007,Thaddeus,Young,PHI,N,74,1554,610,120,194,314,58,73,8,64,126,490,264,103,76,19,6
ACKERAL01,2008,Alex,Acker,TOT,N,25,199,72,8,16,24,12,5,4,7,9,76,30,10,5,20,7
ACKERAL01,2008,Alex,Acker,LAC,N,18,179,63,8,14,22,11,3,3,7,9,65,26,8,4,16,7
ACKERAL01,2008,Alex,Acker,DET,N,7,20,9,0,2,2,1,2,1,0,0,11,4,2,1,4,0
ADAMSHA01,2008,Hassan,Adams,TOR,N,12,52,11,1,6,7,1,1,1,4,4,13,4,6,3,0,0
AFFLAAR01,2008,Arron,Afflalo,DET,N,74,1235,363,30,104,134,44,28,13,43,144,300,131,71,58,107,43
AGERMA01,2008,Maurice,Ager,NJN,N,20,95,34,3,7,10,3,1,2,4,17,43,15,8,4,6,0
AHEARBL01,2008,Blake,Ahearn,SAS,N,3,18,8,0,1,1,2,1,0,1,3,6,2,2,2,4,2
AJINCAL01,2008,Alexis,Ajinca,CHR,N,31,181,70,9,21,30,3,7,6,12,34,69,25,28,20,2,0
ALDRILA01,2008,LaMarcus,Aldridge,POR,N,81,3003,1470,234,371,605,157,77,77,121,207,1243,601,334,261,28,7
ALEXAJO01,2008,Joe,Alexander,MIL,N,59,717,278,44,71,115,42,15,29,52,107,245,102,83,58,46,16
ALLENMA01,2008,Malik,Allen,MIL,N,49,578,156,35,68,103,35,7,12,20,89,170,73,21,10,1,0
ALLENRA02,2008,Ray,Allen,BOS,N,79,2870,1434,66,212,278,218,69,13,134,157,1040,499,249,237,486,199
ALLENTO01,2008,Tony,Allen,BOS,N,46,886,359,22,82,104,66,54,23,77,98,284,137,109,79,27,6
ALMONMO01,2008,Morris,Almond,UTA,N,25,257,92,9,27,36,7,4,4,16,31,81,33,26,21,17,5
ALSTORA01,2008,Rafer,Alston,ORL,N,29,855,348,8,75,83,148,51,3,52,63,298,123,99,70,101,32
ALSTORA01,2008,Rafer,Alston,TOT,N,77,2446,900,33,194,227,406,108,10,140,135,820,316,208,156,331,112
ALSTORA01,2008,Rafer,Alston,HOU,N,48,1591,552,25,119,144,258,57,7,88,72,522,193,109,86,230,80
AMUNDLO01,2008,Louis,Amundson,PHO,N,76,1040,321,128,142,270,28,32,65,56,154,250,134,120,53,1,0
ANDERCH01,2008,Chris,Andersen,DEN,N,71,1463,452,163,279,442,31,41,175,69,174,292,160,181,130,10,2
ANDERRY01,2008,Ryan,Anderson,NJN,N,66,1312,487,104,207,311,52,44,20,63,157,407,160,116,98,189,69
ANTHOCA01,2008,Carmelo,Anthony,DEN,N,66,2279,1504,106,344,450,222,75,24,199,195,1207,535,468,371,170,63
ANTHOJO01,2008,Joel,Anthony,MIA,N,65,1053,144,89,108,197,27,20,93,41,139,118,57,46,30,0,0
ARENAGI01,2008,Gilbert,Arenas,WAS,N,2,62,26,1,8,9,20,0,1,1,4,23,6,16,12,7,2
ARIZATR01,2008,Trevor,Ariza,LAL,N,82,2001,729,111,241,352,145,137,24,87,166,596,274,169,120,191,61
ARMSTHI01,2008,Hilton,Armstrong,NOH,N,70,1092,338,81,114,195,29,26,45,80,181,246,138,98,62,2,0
ARTESRO01,2008,Ron,Artest,HOU,N,69,2453,1181,65,294,359,229,105,24,140,155,1037,416,262,196,383,153
ARTHUDA01,2008,Darrell,Arthur,MEM,N,76,1464,422,108,238,346,43,52,52,47,206,436,191,60,40,2,0
ATKINCH01,2008,Chucky,Atkins,DEN,N,14,116,27,0,6,6,28,2,1,10,5,27,9,4,4,17,5
ATKINCH01,2008,Chucky,Atkins,OKC,N,19,299,71,5,13,18,31,8,1,13,22,86,25,12,11,40,10
ATKINCH01,2008,Chucky,Atkins,TOT,N,33,415,98,5,19,24,59,10,2,23,27,113,34,16,15,57,15
AUGUSDJ01,2008,D.J.,Augustin,CHR,N,72,1906,850,17,116,133,250,42,2,119,140,621,267,233,208,246,108
AZUBUKE01,2008,Kelenna,Azubuike,GSW,N,74,2380,1063,112,258,370,117,57,50,95,183,845,392,229,185,210,94
BALKMRE01,2008,Renaldo,Balkman,DEN,N,53,783,264,86,117,203,34,47,23,35,98,197,110,65,42,7,2
BANKSMA01,2008,Marcus,Banks,MIA,N,16,163,42,0,15,15,22,10,2,11,21,39,15,15,10,14,2
BANKSMA01,2008,Marcus,Banks,TOR,N,6,41,14,1,2,3,6,1,0,3,5,18,6,3,1,5,1
BANKSMA01,2008,Marcus,Banks,TOT,N,22,204,56,1,17,18,28,11,2,14,26,57,21,18,11,19,3
BARBOLE01,2008,Leandro,Barbosa,PHO,N,70,1714,993,34,147,181,162,82,7,93,115,759,366,194,171,240,90
BAREAJO01,2008,Jose,Barea,DAL,N,78,1582,614,35,136,171,266,37,5,103,120,553,245,93,70,152,54
BARGNAN01,2008,Andrea,Bargnani,TOR,N,78,2461,1202,70,346,416,94,34,97,135,242,958,431,266,221,291,119
BARNEMA02,2008,Matt,Barnes,PHO,N,77,2079,788,79,342,421,212,52,26,130,209,674,285,136,101,341,117
BARRYBR01,2008,Brent,Barry,HOU,N,56,855,208,17,77,94,78,24,3,48,45,172,70,20,19,131,49
BASSBR01,2008,Brandon,Bass,DAL,N,81,1577,686,129,238,367,43,27,55,86,140,508,252,210,182,6,0
BASTOMA01,2008,Maceo,Baston,IND,N,27,217,67,22,30,52,7,6,10,12,39,46,25,27,17,1,0
BATTISH01,2008,Shane,Battier,HOU,N,60,2033,436,52,233,285,137,48,54,49,114,354,145,67,55,237,91
BATTITO01,2008,Tony,Battie,ORL,N,77,1200,372,92,186,278,31,26,25,46,112,323,158,82,54,9,2
BATUMNI01,2008,Nicolas,Batum,POR,N,79,1454,426,84,136,220,74,50,40,50,139,361,161,52,42,168,62
BAYLEJE01,2008,Jerryd,Bayless,POR,N,53,652,228,8,49,57,78,16,2,56,81,189,69,103,83,27,7
BEASLMI01,2008,Michael,Beasley,MIA,N,81,2008,1123,110,329,439,83,41,37,121,184,957,452,241,186,81,33
BELINMA01,2008,Marco,Belinelli,GSW,N,42,881,372,10,61,71,88,36,1,59,73,317,140,52,40,131,52
BELLCH01,2008,Charlie,Bell,MIL,N,70,1783,587,32,102,134,151,50,7,76,138,524,217,80,66,240,87
BELLRA01,2008,Raja,Bell,CHR,N,45,1604,587,33,146,179,113,37,6,68,109,507,223,81,71,177,70
BELLRA01,2008,Raja,Bell,PHO,N,22,711,212,8,56,64,29,13,2,18,57,177,76,21,16,94,44
BELLRA01,2008,Raja,Bell,TOT,N,67,2315,799,41,202,243,142,50,8,86,166,684,299,102,87,271,114
BIBBYMI01,2008,Mike,Bibby,ATL,N,79,2740,1176,38,240,278,392,98,11,128,145,1005,437,171,135,428,167
BIEDRAN01,2008,Andris,Biedrins,GSW,N,62,1863,735,223,470,693,121,63,96,110,236,533,308,216,119,1,0
BILLUCH01,2008,Chauncey,Billups,DET,N,2,70,25,1,9,10,15,3,1,4,3,21,7,10,9,7,2
BILLUCH01,2008,Chauncey,Billups,DEN,N,77,2720,1375,31,198,229,491,90,17,173,158,959,403,448,409,390,160
BILLUCH01,2008,Chauncey,Billups,TOT,N,79,2790,1400,32,207,239,506,93,18,177,161,980,410,458,418,397,162
BLAKEST01,2008,Steve,Blake,POR,N,69,2190,757,28,145,173,348,69,4,108,126,647,277,75,63,328,140
BLATCAN01,2008,Andray,Blatche,WAS,N,71,1699,713,126,252,378,118,53,74,117,211,630,297,162,114,21,5
BLOUNMA01,2008,Mark,Blount,MIA,N,20,207,79,10,31,41,4,1,7,14,17,78,30,13,8,27,11
BOGANKE01,2008,Keith,Bogans,MIL,N,29,485,175,16,75,91,33,20,2,22,44,149,56,33,31,92,32
BOGANKE01,2008,Keith,Bogans,ORL,N,36,785,189,15,96,111,31,23,2,19,61,175,63,24,21,126,42
BOGANKE01,2008,Keith,Bogans,TOT,N,65,1270,364,31,171,202,64,43,4,41,105,324,119,57,52,218,74
BOGUTAN01,2008,Andrew,Bogut,MIL,N,36,1125,422,117,252,369,72,23,37,86,130,317,183,98,56,0,0
BONNEMA01,2008,Matt,Bonner,SAS,N,80,1930,667,97,289,386,82,47,26,37,190,536,266,23,17,268,118
BOONEJO01,2008,Josh,Boone,NJN,N,62,998,258,104,154,258,31,22,48,31,106,214,113,85,32,0,0
BOOTHCA01,2008,Calvin,Booth,SAC,N,7,55,16,4,6,10,0,1,2,1,10,10,5,8,6,0,0
BOOTHCA01,2008,Calvin,Booth,MIN,N,1,1,0,1,0,1,0,0,0,0,0,0,0,0,0,0,0
BOOTHCA01,2008,Calvin,Booth,TOT,N,8,56,16,5,6,11,0,1,2,1,10,10,5,8,6,0,0
BOOZECA01,2008,Carlos,Boozer,UTA,N,37,1198,599,111,274,385,79,39,7,79,132,512,251,139,97,0,0
BOSHCH01,2008,Chris,Bosh,TOR,N,77,2933,1746,215,556,771,191,67,77,174,189,1263,615,617,504,49,12
BOWENBR01,2008,Bruce,Bowen,SAS,N,80,1513,214,16,129,145,40,36,13,25,123,187,79,26,14,98,42
BOWENRY01,2008,Ryan,Bowen,NOH,N,21,218,47,10,14,24,9,14,5,5,37,38,22,5,3,0,0
BRANDEL01,2008,Elton,Brand,PHI,N,29,921,399,77,177,254,37,17,45,68,78,365,163,108,73,0,0
BREWECO01,2008,Corey,Brewer,MIN,N,15,308,93,18,31,49,25,15,3,13,37,90,37,19,14,12,5
BREWERO02,2008,Ronnie,Brewer,UTA,N,81,2605,1111,101,199,300,179,138,30,110,129,828,421,352,247,85,22
BROOKAA01,2008,Aaron,Brooks,HOU,N,80,1996,894,33,124,157,238,46,8,125,152,783,316,172,149,309,113
BROWNAN01,2008,Andre,Brown,CHR,N,4,41,4,7,5,12,1,1,0,5,9,7,1,2,2,0,0
BROWNBO02,2008,Bobby,Brown,MIN,N,21,257,116,6,10,16,30,6,2,16,21,113,47,9,8,36,14
BROWNBO02,2008,Bobby,Brown,SAC,N,47,677,245,8,28,36,87,15,1,47,74,247,94,34,26,94,31
BROWNBO02,2008,Bobby,Brown,TOT,N,68,934,361,14,38,52,117,21,3,63,95,360,141,43,34,130,45
BROWNDE02,2008,Devin,Brown,NOH,N,63,869,328,31,88,119,54,32,5,54,81,313,111,100,78,97,28
BROWNDE03,2008,Dee.,Brown,PHO,N,2,28,5,0,1,1,3,0,0,3,6,5,1,2,2,4,1
BROWNDE03,2008,Dee.,Brown,WAS,N,17,233,41,7,21,28,33,10,0,14,22,44,17,3,1,20,6
BROWNDE03,2008,Dee.,Brown,TOT,N,19,261,46,7,22,29,36,10,0,17,28,49,18,5,3,24,7
BROWNKW01,2008,Kwame,Brown,DET,N,58,999,243,91,199,290,32,24,24,50,138,169,90,122,63,0,0
BROWNSH01,2008,Shannon,Brown,CHR,N,30,339,144,8,16,24,29,18,5,29,33,123,56,30,24,28,8
BROWNSH01,2008,Shannon,Brown,LAL,N,18,138,58,3,17,20,10,4,2,9,9,42,22,9,8,9,6
BROWNSH01,2008,Shannon,Brown,TOT,N,48,477,202,11,33,44,39,22,7,38,42,165,78,39,32,37,14
BRYANKO01,2008,Kobe,Bryant,LAL,N,82,2965,2201,90,339,429,399,120,37,210,189,1712,800,564,483,336,118
BUCKNGR01,2008,Greg,Buckner,MEM,N,63,880,155,32,98,130,57,29,8,38,108,159,61,25,20,51,13
BUTLECA01,2008,Caron,Butler,WAS,N,67,2587,1392,118,295,413,290,106,20,210,165,1085,491,402,345,210,65
BUTLERA01,2008,Rasual,Butler,NOH,N,82,2618,922,49,222,271,75,51,61,59,159,803,348,110,86,359,140
BYNUMAN01,2008,Andrew,Bynum,LAL,N,50,1444,714,137,261,398,71,18,90,85,157,502,281,215,152,0,0
BYNUMWI01,2008,Will,Bynum,DET,N,57,800,410,19,56,75,157,34,2,76,85,342,156,119,95,19,3
CALDEJO01,2008,Jose,Calderon,TOR,N,68,2333,873,16,178,194,607,74,7,143,114,644,320,154,151,202,82
CAMBYMA01,2008,Marcus,Camby,LAC,N,62,1922,641,161,529,690,127,51,132,93,129,496,254,182,132,4,1
CARDIBR01,2008,Brian,Cardinal,MIN,N,64,911,190,39,103,142,76,37,13,48,135,169,65,35,30,92,30
CARNERO01,2008,Rodney,Carney,MIN,N,67,1204,481,36,90,126,26,45,29,43,94,423,176,66,50,226,79
CARROMA01,2008,Matt,Carroll,CHR,N,34,474,139,5,50,55,24,18,5,26,53,138,56,19,15,45,12
CARROMA01,2008,Matt,Carroll,DAL,N,21,141,25,2,12,14,3,3,1,7,14,33,9,6,6,8,1
CARROMA01,2008,Matt,Carroll,TOT,N,55,615,164,7,62,69,27,21,6,33,67,171,65,25,21,53,13
CARTEAN01,2008,Anthony,Carter,DEN,N,78,1788,412,40,165,205,364,96,13,155,142,386,167,78,57,88,21
CARTEVI01,2008,Vince,Carter,NJN,N,80,2942,1662,74,336,410,376,82,38,166,234,1345,588,410,335,392,151
CASSESA01,2008,Sam,Cassell,BOS,N,1,0,0,0,0,0,0,0,0,0,0,0,0,0,0,0,0
CHALMMA01,2008,Mario,Chalmers,MIA,N,82,2629,818,37,191,228,403,160,8,165,240,662,278,193,148,311,114
CHANDTY01,2008,Tyson,Chandler,NOH,N,45,1449,397,163,230,393,22,15,56,70,144,283,160,133,77,0,0
CHANDWI01,2008,Wilson,Chandler,NYK,N,82,2734,1184,91,354,445,170,71,75,139,250,1054,455,215,171,314,103
CLAXTSP01,2008,Craig,Claxton,ATL,N,2,15,5,0,0,0,3,0,0,0,1,7,2,2,1,0,0
COLLIJA03,2008,Jason,Collins,MIN,N,31,421,57,28,42,70,11,9,13,12,73,70,22,28,13,0,0
COLLIJA04,2008,Jarron,Collins,UTA,N,26,200,40,20,17,37,7,2,1,9,35,35,16,11,8,0,0
COLLIMA01,2008,Mardy,Collins,NYK,N,9,75,20,2,6,8,10,2,0,5,7,23,8,9,4,3,0
COLLIMA01,2008,Mardy,Collins,LAC,N,39,814,231,29,70,99,101,29,10,53,73,224,97,37,24,28,13
COLLIMA01,2008,Mardy,Collins,TOT,N,48,889,251,31,76,107,111,31,10,58,80,247,105,46,28,31,13
COLLINI01,2008,Nick,Collison,OKC,N,71,1826,584,181,308,489,66,51,50,73,239,428,243,136,98,2,0
CONLEMI01,2008,Mike,Conley Jr.,MEM,N,82,2505,895,25,251,276,354,90,8,143,146,730,323,197,161,217,88
COOKBR01,2008,Brian,Cook,HOU,N,9,25,12,1,4,5,1,0,3,2,3,16,5,0,0,5,2
COOKBR01,2008,Brian,Cook,ORL,N,21,147,62,6,21,27,4,3,0,11,23,60,23,6,5,25,11
COOKBR01,2008,Brian,Cook,TOT,N,30,172,74,7,25,32,5,3,3,13,26,76,28,6,5,30,13
COOKDA02,2008,Daequan,Cook,MIA,N,75,1833,686,19,170,189,71,39,10,42,125,645,242,56,49,395,153
CRAWFJA01,2008,Jamal,Crawford,GSW,N,54,2085,1064,21,155,176,240,48,13,122,79,853,346,298,265,317,107
CRAWFJA01,2008,Jamal,Crawford,NYK,N,11,393,216,2,15,17,48,9,0,26,13,169,73,46,35,77,35
CRAWFJA01,2008,Jamal,Crawford,TOT,N,65,2478,1280,23,170,193,288,57,13,148,92,1022,419,344,300,394,142
CRAWFJO01,2008,Joe,Crawford,NYK,N,2,23,9,1,3,4,1,1,0,0,2,10,3,2,2,4,1
CRITTJA01,2008,Javaris,Crittenton,WAS,N,56,1132,298,53,108,161,145,39,6,79,96,270,124,81,48,14,2
CRITTJA01,2008,Javaris,Crittenton,MEM,N,7,44,19,4,2,6,5,1,0,3,5,15,7,11,5,1,0
CRITTJA01,2008,Javaris,Crittenton,TOT,N,63,1176,317,57,110,167,150,40,6,82,101,285,131,92,53,15,2
CROSHAU01,2008,Austin,Croshere,SAS,N,3,23,4,4,6,10,3,0,0,2,1,9,2,1,0,4,0
CROSHAU01,2008,Austin,Croshere,MIL,N,11,78,36,7,17,24,6,1,1,4,4,30,12,11,7,11,5
CROSHAU01,2008,Austin,Croshere,TOT,N,14,101,40,11,23,34,9,1,1,6,5,39,14,12,7,15,5
CURRYED01,2008,Eddy,Curry,NYK,N,3,12,5,0,4,4,0,0,0,2,5,2,2,3,1,0,0
DALEMSA01,2008,Samuel,Dalembert,PHI,N,82,2036,523,214,487,701,18,33,146,117,248,434,216,124,91,2,0
DAMPIER01,2008,Erick,Dampier,DAL,N,80,1837,454,216,349,565,77,24,95,74,191,280,182,141,90,0,0
DANIEAN01,2008,Antonio,Daniels,WAS,N,13,289,66,0,22,22,47,7,0,13,14,45,18,33,25,11,5
DANIEAN01,2008,Antonio,Daniels,NOH,N,61,736,234,5,50,55,130,19,1,49,41,191,81,67,55,49,17
DANIEAN01,2008,Antonio,Daniels,TOT,N,74,1025,300,5,72,77,177,26,1,62,55,236,99,100,80,60,22
DANIEMA01,2008,Marquis,Daniels,IND,N,54,1699,733,80,168,248,114,62,26,94,120,689,311,129,93,90,18
DAVIDJE01,2008,Jermareo,Davidson,GSW,N,14,110,42,10,24,34,1,2,3,5,12,35,17,17,8,0,0
DAVISBA01,2008,Baron,Davis,LAC,N,65,2242,968,46,192,238,501,108,35,193,193,959,355,210,159,328,99
DAVISGL01,2008,Glen,Davis,BOS,N,76,1637,530,121,180,301,69,53,19,71,230,450,199,178,130,5,2
DAVISPA01,2008,Paul,Davis,LAC,N,27,321,107,28,39,67,12,10,3,13,44,98,40,34,27,1,0
DAVISRI01,2008,Ricky,Davis,LAC,N,36,789,232,9,51,60,82,19,5,39,63,245,83,36,31,111,35
DENGLU01,2008,Luol,Deng,CHI,N,49,1666,690,80,215,295,94,60,25,72,85,591,265,191,152,20,8
DIAWAYA01,2008,Yakhouba,Diawara,MIA,N,63,847,213,26,56,82,27,13,6,16,75,217,76,19,10,163,51
DIAWBO01,2008,Boris,Diaw,TOT,N,81,2752,1072,118,314,432,333,61,53,215,202,884,448,147,101,181,75
DIAWBO01,2008,Boris,Diaw,PHO,N,22,536,183,24,60,84,46,11,9,37,39,141,80,26,18,14,5
DIAWBO01,2008,Boris,Diaw,CHR,N,59,2216,889,94,254,348,287,50,44,178,163,743,368,121,83,167,70
DIENETR01,2008,Travis,Diener,IND,N,55,718,206,6,80,86,122,26,5,21,42,179,74,15,12,118,46
DIOGUIK01,2008,Ike,Diogu,TOT,N,29,215,119,26,30,56,3,3,3,12,23,74,39,53,40,2,1
DIOGUIK01,2008,Ike,Diogu,POR,N,19,71,27,12,5,17,0,1,2,6,9,19,6,20,15,0,0
DIOGUIK01,2008,Ike,Diogu,SAC,N,10,144,92,14,25,39,3,2,1,6,14,55,33,33,25,2,1
DIOPDE01,2008,DeSagana,Diop,CHR,N,41,584,114,69,86,155,19,17,31,28,73,113,52,36,10,0,0
DIOPDE01,2008,DeSagana,Diop,DAL,N,34,451,56,45,73,118,13,12,25,11,55,58,22,29,12,0,0
DIOPDE01,2008,DeSagana,Diop,TOT,N,75,1035,170,114,159,273,32,29,56,39,128,171,74,65,22,0,0
DIXONJU01,2008,Juan,Dixon,WAS,N,50,815,261,8,59,67,118,35,6,70,74,256,101,39,34,75,25
DOOLIKE01,2008,Keyon,Dooling,NJN,N,77,2073,748,24,131,155,270,71,8,105,135,598,261,154,127,235,99
DORSEJO01,2008,Joey,Dorsey,HOU,N,3,6,2,0,1,1,1,0,0,0,0,2,1,0,0,0,0
DOUBYQU01,2008,Quincy,Douby,TOR,N,7,72,31,3,4,7,12,3,0,7,4,22,12,4,3,9,4
DOUBYQU01,2008,Quincy,Douby,SAC,N,20,227,84,3,22,25,13,2,5,6,23,88,30,15,14,37,10
DOUBYQU01,2008,Quincy,Douby,TOT,N,27,299,115,6,26,32,25,5,5,13,27,110,42,19,17,46,14
DOUGLCH01,2008,Chris,Douglas-Roberts,NJN,N,44,582,216,14,36,50,52,12,7,31,34,176,81,62,51,12,3
DRAGIGO01,2008,Goran,Dragic,PHO,N,55,730,246,33,70,103,111,29,3,73,87,224,88,65,50,54,20
DUDLEJA01,2008,Jared,Dudley,CHR,N,20,427,108,25,34,59,19,18,2,10,40,96,45,24,15,8,3
DUDLEJA01,2008,Jared,Dudley,PHO,N,48,729,264,57,89,146,37,39,6,33,65,189,91,81,56,66,26
DUDLEJA01,2008,Jared,Dudley,TOT,N,68,1156,372,82,123,205,56,57,8,43,105,285,136,105,71,74,29
DUHONCH01,2008,Chris,Duhon,NYK,N,79,2913,880,45,201,246,566,72,7,221,126,681,287,209,179,325,127
DUNCATI01,2008,Tim,Duncan,SAS,N,75,2525,1450,201,599,800,264,38,126,165,173,1107,558,483,334,2,0
DUNLEMI02,2008,Mike,Dunleavy Jr.,IND,N,18,494,271,14,54,68,44,12,9,38,36,232,93,65,53,90,32
DURANKE01,2008,Kevin,Durant,OKC,N,74,2887,1871,77,405,482,205,96,53,225,134,1390,661,524,452,230,97
ELLISMO01,2008,Monta,Ellis,GSW,N,25,891,474,14,94,108,93,39,8,67,67,430,194,94,78,26,8
ELSONFR01,2008,Francisco,Elson,MIL,N,59,977,200,100,129,229,32,36,36,48,144,169,83,39,33,4,1
ELYME01,2008,Melvin,Ely,NOH,N,31,373,97,30,34,64,18,2,9,23,58,95,37,36,23,0,0
EVANSMA01,2008,Maurice,Evans,ATL,N,80,1841,574,88,155,243,54,50,10,43,163,482,208,73,60,248,98
EVANSRE01,2008,Reggie,Evans,PHI,N,79,1141,262,135,226,361,26,41,8,69,161,178,79,175,104,1,0
FARMAJO01,2008,Jordan,Farmar,LAL,N,65,1189,416,22,95,117,155,57,10,87,105,412,161,77,45,146,49
FARMEDE01,2008,Desmon,Farmer,SAS,N,3,54,13,0,6,6,2,0,0,4,6,14,4,2,2,12,3
FELTORA01,2008,Raymond,Felton,CHR,N,82,3083,1162,54,256,310,553,126,30,228,191,1083,442,272,219,207,59
FERNARU01,2008,Rudy,Fernandez,POR,N,78,1993,815,47,160,207,158,69,12,86,111,630,268,143,120,398,159
FESENKY01,2008,Kyrylo,Fesenko,UTA,N,21,156,49,14,23,37,4,7,15,9,35,36,21,21,7,0,0
FINLEMI01,2008,Michael,Finley,SAS,N,81,2336,784,26,244,270,114,37,17,61,82,689,301,62,51,319,131
FISHEDE01,2008,Derek,Fisher,LAL,N,82,2441,814,25,163,188,261,95,6,72,187,688,292,130,110,302,120
FORDTJ01,2008,T.J.,Ford,IND,N,74,2262,1106,59,200,259,392,89,16,180,180,913,413,281,245,104,35
FOSTEJE01,2008,Jeff,Foster,IND,N,74,1827,452,215,293,508,130,53,49,88,229,353,177,146,96,7,2
FOYERA01,2008,Randy,Foye,MIN,N,70,2495,1139,34,180,214,303,72,26,150,201,981,399,272,230,308,111
FOYLEAD01,2008,Adonal,Foyle,MEM,N,1,3,0,0,0,0,0,0,0,0,1,0,0,0,0,0,0
FOYLEAD01,2008,Adonal,Foyle,ORL,N,9,59,17,9,17,26,1,0,8,3,4,11,7,6,3,0,0
FOYLEAD01,2008,Adonal,Foyle,TOT,N,10,62,17,9,17,26,1,0,8,3,5,11,7,6,3,0,0
FRYECH01,2008,Channing,Frye,POR,N,63,747,263,41,99,140,24,17,16,29,106,267,113,36,26,33,11
GADZUDA01,2008,Dan,Gadzuric,MIL,N,67,940,271,95,160,255,39,32,43,41,162,244,117,68,37,2,0
GALLIDA01,2008,Danilo,Gallinari,NYK,N,28,413,170,13,42,55,15,14,4,15,48,125,56,27,26,72,32
GARCIFR01,2008,Francisco,Garcia,SAC,N,65,1979,824,56,162,218,150,80,67,112,196,665,295,178,146,221,88
GARDNTH01,2008,Thomas,Gardner,ATL,N,16,97,24,0,7,7,2,4,1,3,4,36,9,4,2,23,4
GARNEKE01,2008,Kevin,Garnett,BOS,N,57,1773,899,78,407,485,144,63,68,90,128,740,393,132,111,8,2
GASOLMA01,2008,Marc,Gasol,MEM,N,82,2520,975,201,404,605,143,63,90,164,265,661,350,375,275,1,0
GASOLPA01,2008,Pau,Gasol,LAL,N,81,3006,1528,262,518,780,285,52,81,157,172,1045,592,439,343,2,1
GAYRU01,2008,Rudy,Gay,MEM,N,79,2948,1493,109,328,437,135,98,59,203,221,1262,572,344,264,242,85
GEORGDE01,2008,Devean,George,DAL,N,43,709,147,25,53,78,15,23,11,17,57,142,54,22,17,76,22
GIBSODA01,2008,Daniel,Gibson,CLE,N,75,1792,586,31,124,155,132,44,16,61,163,527,206,86,66,283,108
GIDDEJR01,2008,J.R.,Giddens,BOS,N,6,7,4,2,1,3,0,1,0,1,1,3,2,0,0,0,0
GILLED01,2008,Eddie,Gill,MIL,N,6,42,14,0,4,4,11,3,1,5,10,9,6,0,0,3,2
GINOBEM01,2008,Emmanuel,Ginobili,SAS,N,44,1185,683,24,174,198,157,64,16,88,90,491,223,190,168,209,69
GOMESRY01,2008,Ryan,Gomes,MIN,N,82,2613,1092,106,286,392,135,63,22,128,183,974,420,181,146,285,106
GOODEDR01,2008,Drew,Gooden,SAC,N,1,26,12,3,10,13,2,0,0,3,2,9,5,2,2,0,0
GOODEDR01,2008,Drew,Gooden,SAS,N,19,320,187,28,55,83,3,4,4,16,39,145,71,57,45,1,0
GOODEDR01,2008,Drew,Gooden,CHI,N,31,920,406,82,184,266,43,26,14,57,103,352,161,97,84,3,0
GOODEDR01,2008,Drew,Gooden,TOT,N,51,1266,605,113,249,362,48,30,18,76,144,506,237,156,131,4,0
GORDOBE01,2008,Ben,Gordon,CHI,N,82,2998,1699,52,231,283,279,71,22,200,184,1315,598,382,330,422,173
GORDOER01,2008,Eric,Gordon,LAC,N,78,2677,1252,45,156,201,215,78,35,164,172,901,411,350,299,337,131
GORTAMA01,2008,Marcin,Gortat,ORL,N,63,794,239,96,190,286,14,18,53,25,111,187,106,45,26,1,1
GRAHAJO01,2008,Joey,Graham,TOR,N,78,1541,597,95,197,292,48,35,12,74,191,480,231,160,132,16,3
GRAHAST01,2008,Stephen,Graham,IND,N,52,688,282,21,75,96,33,10,4,45,82,256,106,62,50,66,20
GRANGDA01,2008,Danny,Granger,IND,N,67,2426,1728,49,292,341,183,69,97,165,207,1277,571,460,404,450,182
GRAYAA01,2008,Aaron,Gray,CHI,N,56,720,196,84,136,220,46,14,18,40,135,167,81,59,34,1,0
GREENDO01,2008,Donte,Greene,SAC,N,55,727,209,19,67,86,30,16,14,37,68,236,77,34,29,100,26
GREENGE01,2008,Gerald,Green,DAL,N,38,378,199,14,40,54,15,10,5,33,51,180,79,32,27,46,14
GREENJE02,2008,Jeff,Green,OKC,N,78,2868,1290,120,399,519,155,81,33,173,202,1068,476,307,242,247,96
GREENWI01,2008,Willie,Green,PHI,N,81,1828,685,29,97,126,158,53,13,64,154,658,286,85,62,161,51
HADDAHA01,2008,Hamed,Haddadi,MEM,N,19,120,48,16,31,47,8,1,12,9,20,31,15,30,18,0,0
HAIRSMA01,2008,Malik,Hairston,SAS,N,15,155,50,11,17,28,13,6,7,12,19,49,24,7,2,1,0
HAMILRI01,2008,Richard,Hamilton,DET,N,67,2278,1225,44,163,207,297,40,4,133,176,1043,466,263,223,190,70
HARPRMA01,2008,Matt,Harpring,UTA,N,63,693,277,47,76,123,28,29,9,29,102,241,111,72,55,2,0
HARRIAL01,2008,Al,Harrington,GSW,N,5,167,62,10,18,28,10,7,0,7,14,70,23,10,5,28,11
HARRIAL01,2008,Al,Harrington,NYK,N,68,2382,1407,89,338,427,92,81,22,154,213,1142,509,285,229,442,160
HARRIAL01,2008,Al,Harrington,TOT,N,73,2549,1469,99,356,455,102,88,22,161,227,1212,532,295,234,470,171
HARRIDE01,2008,Devin,Harris,NJN,N,69,2494,1470,30,201,231,476,114,13,212,164,1039,455,605,496,220,64
HARTJA01,2008,Jason,Hart,DEN,N,11,35,13,1,3,4,5,0,0,3,4,10,5,4,3,2,0
HARTJA01,2008,Jason,Hart,TOT,N,40,344,78,13,33,46,48,12,4,22,39,94,30,23,18,6,0
HARTJA01,2008,Jason,Hart,LAC,N,29,309,65,12,30,42,43,12,4,19,35,84,25,19,15,4,0
HASLEUD01,2008,Udonis,Haslem,MIA,N,75,2565,794,169,449,618,85,43,25,82,204,643,333,170,128,0,0
HASSETR01,2008,Trenton,Hassell,NJN,N,53,1094,194,50,96,146,51,21,16,30,92,191,86,25,20,8,2
HAWESSP01,2008,Spencer,Hawes,SAC,N,77,2257,876,148,401,549,149,44,93,160,249,800,373,136,90,115,40
HAYESCH01,2008,Chuck,Hayes,HOU,N,71,856,91,74,176,250,42,34,19,25,134,113,42,19,7,4,0
HAYESJA01,2008,Jarvis,Hayes,NJN,N,74,1834,644,27,240,267,54,52,7,49,162,577,257,52,36,244,94
HAYWOBR01,2008,Brendan,Haywood,WAS,N,6,176,58,13,31,44,8,4,15,9,14,50,24,21,10,0,0
HEADLU01,2008,Luther,Head,MIA,N,10,176,43,3,22,25,23,11,1,9,22,43,16,8,5,16,6
HEADLU01,2008,Luther,Head,HOU,N,22,321,106,3,24,27,35,6,1,16,15,101,39,16,14,38,14
HEADLU01,2008,Luther,Head,TOT,N,32,497,149,6,46,52,58,17,2,25,37,144,55,24,19,54,20
HERRMWA01,2008,Walter,Herrmann,DET,N,59,632,224,28,79,107,22,7,4,17,43,207,82,25,19,120,41
HIBBERO01,2008,Roy,Hibbert,IND,N,70,1009,494,115,128,243,49,20,76,55,215,420,198,147,98,1,0
HICKSJJ01,2008,J.J.,Hickson,CLE,N,62,704,245,52,113,165,9,14,30,45,81,194,100,67,45,0,0
HILARMA01,2008,Nene,Hilario,DEN,N,77,2512,1123,183,415,598,108,95,101,147,278,709,428,368,266,5,1
HILLGE01,2008,George,Hill,SAS,N,77,1273,438,30,128,158,136,45,21,74,150,372,150,146,114,73,24
HILLGR01,2008,Grant,Hill,PHO,N,82,2442,985,64,341,405,186,90,54,126,182,745,390,224,181,76,24
HILLST01,2008,Steven,Hill,OKC,N,1,2,2,2,1,3,0,0,0,0,0,1,1,0,0,0,0
HINRIKI01,2008,Kirk,Hinrich,CHI,N,51,1343,503,16,107,123,197,66,19,87,126,419,183,86,68,169,69
HOLLIRY01,2008,Ryan,Hollins,DAL,N,26,260,79,27,34,61,3,4,15,14,44,59,31,33,17,0,0
HOLLIRY01,2008,Ryan,Hollins,CHR,N,18,182,64,19,17,36,4,3,17,10,34,35,19,39,26,0,0
HOLLIRY01,2008,Ryan,Hollins,TOT,N,44,442,143,46,51,97,7,7,32,24,78,94,50,72,43,0,0
HORFOAL01,2008,Al,Horford,ATL,N,67,2244,773,145,479,624,163,53,95,103,190,594,312,205,149,1,0
HOUSEED01,2008,Eddie,House,BOS,N,81,1482,691,11,146,157,92,61,7,55,113,560,249,53,42,340,151
HOWARDW01,2008,Dwight,Howard,ORL,N,79,2820,1624,336,757,1093,112,77,231,240,270,979,560,849,504,2,0
HOWARJO01,2008,Josh,Howard,DAL,N,52,1660,936,59,204,263,83,55,30,89,135,783,353,220,172,168,58
HOWARJU01,2008,Juwan,Howard,CHR,N,39,449,171,29,43,72,24,6,5,26,67,145,74,34,23,0,0
HOWARJU01,2008,Juwan,Howard,DEN,N,3,23,2,1,3,4,2,1,1,0,4,2,1,0,0,0,0
HOWARJU01,2008,Juwan,Howard,TOT,N,42,472,173,30,46,76,26,7,6,26,71,147,75,34,23,0,0
HUGHELA01,2008,Larry,Hughes,TOT,N,55,1481,640,16,143,159,119,72,14,71,96,557,224,145,117,193,75
HUGHELA01,2008,Larry,Hughes,NYK,N,25,689,279,10,55,65,60,36,5,35,45,249,97,63,50,91,35
HUGHELA01,2008,Larry,Hughes,CHI,N,30,792,361,6,88,94,59,36,9,36,51,308,127,82,67,102,40
HUMPHKR01,2008,Kris,Humphries,TOR,N,29,269,114,24,46,70,10,8,6,8,31,90,38,48,38,0,0
HUNTELI01,2008,Lindsey,Hunter,CHI,N,28,265,73,2,10,12,37,20,1,19,28,82,27,5,3,48,16
HUNTEOT01,2008,Othello,Hunter,ATL,N,16,91,22,9,15,24,1,2,5,2,11,20,11,5,0,0,0
IGUODAN01,2008,Andre,Iguodala,PHI,N,82,3267,1541,92,379,471,434,131,36,222,152,1147,542,521,377,261,80
ILGAUZY01,2008,Zydrunas,Ilgauskas,CLE,N,65,1762,838,157,333,490,64,28,84,90,183,724,342,174,139,39,15
IVERSAL01,2008,Allen,Iverson,DEN,N,3,122,56,3,5,8,20,3,1,10,3,40,18,25,18,8,2
IVERSAL01,2008,Allen,Iverson,DET,N,54,1969,939,27,138,165,263,85,5,136,83,794,330,322,253,91,26
IVERSAL01,2008,Allen,Iverson,TOT,N,57,2091,995,30,143,173,283,88,6,146,86,834,348,347,271,99,28
IVEYRO01,2008,Royal,Ivey,PHI,N,71,864,211,19,57,76,43,36,7,23,76,208,69,43,34,114,39
JACKJA01,2008,Jarrett,Jack,IND,N,82,2716,1074,44,232,276,338,88,17,184,179,853,386,263,224,221,78
JACKSBO01,2008,Bobby,Jackson,SAC,N,71,1487,532,42,158,200,143,62,4,66,100,485,193,101,86,197,60
JACKSDA01,2008,Darnell,Jackson,CLE,N,51,425,98,32,55,87,8,10,4,14,77,86,37,35,24,2,0
JACKSST02,2008,Stephen,Jackson,GSW,N,59,2341,1223,70,233,303,381,88,31,229,153,997,413,356,294,305,103
JAMESJE01,2008,Jerome,James,NYK,N,2,10,6,1,2,3,0,1,1,1,2,8,3,0,0,0,0
JAMESLE01,2008,LeBron,James,CLE,N,81,3057,2304,106,507,613,587,137,93,241,139,1613,789,762,594,384,132
JAMESMI01,2008,Mike,James,NOH,N,8,73,20,1,6,7,8,2,0,3,7,25,8,2,1,4,3
JAMESMI01,2008,Mike,James,WAS,N,53,1575,511,24,102,126,193,42,6,91,101,489,189,80,67,180,66
JAMESMI01,2008,Mike,James,TOT,N,61,1648,531,25,108,133,201,44,6,94,108,514,197,82,68,184,69
JAMISAN01,2008,Antawn,Jamison,WAS,N,81,3096,1801,196,525,721,153,95,25,125,218,1441,674,452,341,319,112
JARICMA01,2008,Marko,Jaric,MEM,N,53,608,136,23,42,65,74,29,11,49,62,145,48,41,29,28,11
JAWAINA01,2008,Nathan,Jawai,TOR,N,6,19,2,1,1,2,0,0,0,2,3,4,1,0,0,0,0
JEFFEAL01,2008,Al,Jefferson,MIN,N,50,1832,1156,172,376,548,79,39,83,92,141,975,485,252,186,4,0
JEFFEDO01,2008,Dontell,Jefferson,CHR,N,6,83,29,1,11,12,9,4,1,6,9,22,11,9,6,2,1
JEFFERI01,2008,Richard,Jefferson,MIL,N,82,2942,1607,57,317,374,199,66,14,165,252,1222,537,518,417,292,116
JEFFRJA01,2008,Jared,Jeffries,NYK,N,56,1306,296,128,103,231,80,47,33,65,153,273,120,90,55,12,1
JIANLYI01,2008,Yi,Jianlian,NJN,N,19,351,105,17,61,78,15,9,12,18,39,112,35,38,28,32,7
JOHNSAM01,2008,Amir,Johnson,DET,N,62,910,217,102,130,232,20,20,60,33,171,163,97,35,23,0,0
JOHNSAN02,2008,Anthony,Johnson,ORL,N,80,1483,421,29,118,147,200,46,5,82,111,381,154,81,61,133,52
JOHNSJO02,2008,Joe,Johnson,ATL,N,79,3123,1688,65,281,346,455,84,19,195,176,1420,620,362,299,414,149
JOHNSLI01,2008,Linton,Johnson,CHI,N,8,41,9,3,5,8,2,1,0,2,6,11,4,0,0,2,1
JOHNSLI01,2008,Linton,Johnson,CHR,N,2,13,0,0,0,0,0,0,0,0,1,0,0,0,0,0,0
JOHNSLI01,2008,Linton,Johnson,TOT,N,10,54,9,3,5,8,2,1,0,2,7,11,4,0,0,2,1
JOHNSTR01,2008,Trey,Johnson,CLE,N,4,14,4,0,1,1,0,0,0,1,4,5,0,4,4,0,0
JONESDA01,2008,Damon,Jones,MIL,N,18,109,33,0,6,6,7,3,0,6,4,34,11,0,0,28,11
JONESDA02,2008,Dahntay,Jones,DEN,N,79,1428,429,58,110,168,78,49,19,68,199,336,154,151,110,17,11
JONESDW02,2008,Dwayne,Jones,CHR,N,6,52,12,6,6,12,0,0,1,4,6,7,4,6,4,0,0
JONESFR01,2008,Freddie,Jones,LAC,N,52,1498,378,23,103,126,188,53,11,66,112,317,129,81,66,147,54
JONESJA02,2008,James,Jones,MIA,N,40,631,169,12,50,62,20,12,14,12,58,149,55,31,26,96,33
JONESSO01,2008,Solomon,Jones,ATL,N,63,676,188,52,90,142,15,7,34,27,125,111,67,74,53,2,1
JORDADE01,2008,DeAndre,Jordan,LAC,N,53,772,228,72,165,237,11,11,59,41,96,147,93,109,42,0,0
KAMANCH01,2008,Chris,Kaman,LAC,N,31,917,373,75,172,247,46,17,45,84,93,305,161,75,51,0,0
KAPONJA01,2008,Jason,Kapono,TOR,N,80,1837,654,26,137,163,105,22,3,70,144,604,261,42,34,229,98
KIDDJA01,2008,Jason,Kidd,DAL,N,81,2886,731,85,415,500,702,160,39,185,168,618,257,105,86,323,131
KINSETA01,2008,Tarence,Kinsey,CLE,N,50,275,102,10,28,38,10,12,0,22,34,69,31,38,33,18,7
KIRILAN01,2008,Andrei,Kirilenko,UTA,N,67,1833,776,84,235,319,175,83,77,121,127,570,256,311,244,73,20
KLEIZLI01,2008,Linas,Kleiza,DEN,N,82,1822,813,92,235,327,64,31,14,82,155,646,289,204,148,267,87
KNIGHBR01,2008,Brevin,Knight,UTA,N,74,935,180,13,75,88,190,68,4,66,98,189,66,64,48,6,0
KORVEKY01,2008,Kyle,Korver,UTA,N,78,1876,705,35,223,258,137,47,30,90,170,560,245,127,112,267,103
KOUFOKO01,2008,Kosta,Koufos,UTA,N,48,567,224,50,88,138,20,12,31,26,70,185,94,51,36,0,0
KRSTINE01,2008,Nenad,Krstic,OKC,N,46,1142,445,85,168,253,29,21,49,45,114,407,191,79,63,0,0
KURZRO01,2008,Rob,Kurz,GSW,N,40,442,157,33,48,81,20,14,19,16,78,131,51,50,40,38,15
LANDRCA01,2008,Carl,Landry,HOU,N,69,1467,638,123,219,342,39,26,31,68,166,418,240,193,157,3,1
LAWAC01,2008,Acie,Law,ATL,N,55,562,162,6,52,58,86,11,3,29,43,139,52,60,49,29,9
LEECO01,2008,Courtney,Lee,ORL,N,77,1938,646,18,160,178,91,76,14,69,157,540,243,94,78,203,82
LEEDA02,2008,David,Lee,NYK,N,81,2824,1293,256,695,951,174,80,22,150,260,951,522,330,249,3,0
LEWISRA01,2008,Rashard,Lewis,ORL,N,79,2859,1401,92,361,453,205,81,51,158,194,1089,478,269,225,554,220
LIVINSH01,2008,Shaun,Livingston,MIA,N,4,41,9,0,2,2,4,2,0,3,4,8,3,4,3,0,0
LIVINSH01,2008,Shaun,Livingston,OKC,N,8,190,62,3,23,26,16,5,2,6,8,52,28,6,6,0,0
LIVINSH01,2008,Shaun,Livingston,TOT,N,12,231,71,3,25,28,20,7,2,9,12,60,31,10,9,0,0
LOPEZBR01,2008,Brook,Lopez,NJN,N,82,2504,1068,225,440,665,86,44,151,147,257,844,448,217,172,2,0
LOPEZRO01,2008,Robin,Lopez,PHO,N,60,609,189,52,66,118,8,11,41,28,97,137,71,68,47,1,0
LOVEKE01,2008,Kevin,Love,MIN,N,81,2049,899,274,460,734,84,35,50,118,205,688,316,336,265,19,2
LOWRYKY01,2008,Kyle,Lowry,HOU,N,28,608,214,13,65,78,97,21,9,38,57,161,77,65,52,29,8
LOWRYKY01,2008,Kyle,Lowry,MEM,N,49,1073,370,13,98,111,178,48,8,79,89,272,112,161,129,69,17
LOWRYKY01,2008,Kyle,Lowry,TOT,N,77,1681,584,26,163,189,275,69,17,117,146,433,189,226,181,98,25
LUETY01,2008,Tyronn,Lue,TOT,N,44,523,183,6,40,46,60,8,0,23,54,162,71,19,14,62,27
LUETY01,2008,Tyronn,Lue,ORL,N,14,131,42,0,11,11,14,2,0,2,13,43,17,3,2,17,6
LUETY01,2008,Tyronn,Lue,MIL,N,30,392,141,6,29,35,46,6,0,21,41,119,54,16,12,45,21
MADSEMA01,2008,Mark,Madsen,MIN,N,19,114,6,10,8,18,4,1,1,3,18,14,3,4,0,0,0
MAGGECO01,2008,Corey,Maggette,GSW,N,51,1587,950,49,233,282,92,44,8,120,192,634,292,415,342,95,24
MAGLOJA01,2008,Jamaal,Magloire,MIA,N,55,713,159,82,140,222,22,11,25,32,121,131,65,60,29,0,0
MARBUST01,2008,Stephon,Marbury,BOS,N,23,413,88,2,26,28,75,10,3,37,34,111,38,13,6,25,6
MARIOSH01,2008,Shawn,Marion,TOR,N,27,955,386,73,151,224,62,31,21,49,40,342,167,62,50,13,2
MARIOSH01,2008,Shawn,Marion,MIA,N,42,1518,505,107,258,365,77,57,45,56,92,446,215,85,67,40,8
MARIOSH01,2008,Shawn,Marion,TOT,N,69,2473,891,180,409,589,139,88,66,105,132,788,382,147,117,53,10
MARKSSE01,2008,Sean,Marks,NOH,N,60,838,192,62,125,187,14,7,33,35,121,165,80,44,30,10,2
MARSHDO01,2008,Donyell,Marshall,PHI,N,25,190,94,6,34,40,15,4,5,6,24,73,33,6,3,55,25
MARTICA01,2008,Cartier,Martin,CHR,N,33,266,86,7,26,33,13,8,4,9,33,77,28,25,20,33,10
MARTIKE01,2008,Kenyon,Martin,DEN,N,66,2111,769,81,314,395,132,96,74,104,201,648,318,197,119,38,14
MARTIKE02,2008,Kevin,Martin,SAC,N,51,1949,1254,29,154,183,138,61,8,146,116,811,341,527,457,277,115
MASONDE01,2008,Desmond,Mason,OKC,N,39,1059,294,41,116,157,46,15,30,56,96,285,124,85,46,3,0
MASONRO01,2008,Roger,Mason,SAS,N,82,2494,969,16,235,251,173,40,12,100,160,822,349,118,105,394,166
MAXIEJA01,2008,Jason,Maxiell,DET,N,78,1410,452,169,155,324,24,25,63,45,157,320,184,158,84,1,0
MAYOOJ01,2008,O.J.,Mayo,MEM,N,82,3116,1516,56,252,308,262,91,13,226,204,1283,562,281,247,378,145
MAYSE01,2008,Sean,May,CHR,N,24,301,93,20,49,69,10,5,4,26,32,98,39,20,14,1,1
MBAHLU01,2008,Luc Richard,Mbah a Moute,MIL,N,82,2113,594,189,298,487,87,87,45,100,204,491,227,192,140,4,0
MBENGDJ01,2008,D.J.,Mbenga,LAL,N,23,181,61,9,22,31,9,10,24,13,33,57,27,8,7,1,0
MCCANRA01,2008,Rashad,McCants,SAC,N,24,465,246,10,37,47,36,20,8,19,40,196,87,60,47,70,25
MCCANRA01,2008,Rashad,McCants,MIN,N,34,636,308,11,52,63,32,27,6,45,63,292,105,81,60,119,38
MCCANRA01,2008,Rashad,McCants,TOT,N,58,1101,554,21,89,110,68,47,14,64,103,488,192,141,107,189,63
MCDYEAN01,2008,Antonio,McDyess,DET,N,62,1869,596,185,422,607,83,41,50,51,191,525,268,86,60,0,0
MCGEEJA01,2008,JaVale,McGee,WAS,N,75,1143,489,120,174,294,23,33,75,61,155,387,191,162,107,0,0
MCGRATR01,2008,Tracy,McGrady,HOU,N,35,1182,545,20,134,154,175,42,15,69,38,485,188,156,125,117,44
MCGUIDO01,2008,Dominic,McGuire,WAS,N,79,2076,356,113,315,428,198,62,74,92,153,324,140,102,74,4,2
MCROBJO01,2008,Josh,McRoberts,IND,N,33,277,80,26,48,74,16,12,16,12,41,83,35,13,10,10,0
MENSAPO01,2008,Pops,Mensah-Bonsu,TOR,N,19,263,96,50,53,103,6,9,4,17,37,96,34,41,28,2,0
MENSAPO01,2008,Pops,Mensah-Bonsu,SAS,N,3,20,15,5,5,10,0,1,1,2,6,7,5,7,5,0,0
MENSAPO01,2008,Pops,Mensah-Bonsu,TOT,N,22,283,111,55,58,113,6,10,5,19,43,103,39,48,33,2,0
MIHMCH01,2008,Chris,Mihm,LAL,N,18,103,36,15,19,34,10,1,6,10,23,40,15,7,6,0,0
MILESCJ01,2008,C.J.,Miles,UTA,N,72,1626,657,45,122,167,107,46,15,64,187,562,258,89,78,179,63
MILESDA01,2008,Darius,Miles,MEM,N,34,302,120,19,38,57,17,11,20,21,32,99,48,31,23,6,1
MILICDA01,2008,Darko,Milicic,MEM,N,61,1037,333,83,181,264,34,22,51,48,134,266,137,105,59,0,0
MILLEAN02,2008,Andre,Miller,PHI,N,82,2976,1337,123,245,368,534,109,14,199,196,1041,492,409,338,53,15
MILLEBR01,2008,Brad,Miller,CHI,N,27,744,318,67,134,201,86,22,12,47,88,226,108,116,99,13,3
MILLEBR01,2008,Brad,Miller,TOT,N,70,2102,831,150,395,545,234,52,36,130,223,614,292,272,224,56,23
MILLEBR01,2008,Brad,Miller,SAC,N,43,1358,513,83,261,344,148,30,24,83,135,388,184,156,125,43,20
MILLEMI01,2008,Mike,Miller,MIN,N,73,2358,722,73,410,483,326,30,31,145,139,548,264,149,109,225,85
MILLSPA01,2008,Paul,Millsap,UTA,N,76,2288,1028,251,403,654,138,78,73,129,288,749,400,326,228,4,0
MINGYA01,2008,Yao,Ming,HOU,N,77,2585,1514,204,557,761,137,30,150,234,257,1032,566,440,381,1,1
MOBLECU01,2008,Cuttino,Mobley,LAC,N,11,364,151,9,20,29,12,15,2,18,21,146,63,18,13,35,12
MOHAMNA01,2008,Nazr,Mohammed,CHR,N,39,340,104,35,44,79,8,5,16,23,63,101,41,40,22,0,0
MOONJA01,2008,Jamario,Moon,TOT,N,80,2067,577,58,307,365,95,86,60,43,133,474,222,80,68,183,65
MOONJA01,2008,Jamario,Moon,TOR,N,54,1379,393,48,201,249,70,65,44,31,85,317,150,65,55,110,38
MOONJA01,2008,Jamario,Moon,MIA,N,26,688,184,10,106,116,25,21,16,12,48,157,72,15,13,73,27
MOOREMI01,2008,Mikki,Moore,BOS,N,24,456,116,31,75,106,25,4,5,21,96,85,51,19,14,0,0
MOOREMI01,2008,Mikki,Moore,SAC,N,46,749,160,45,107,152,28,13,14,27,112,121,63,42,34,0,0
MOOREMI01,2008,Mikki,Moore,TOT,N,70,1205,276,76,182,258,53,17,19,48,208,206,114,61,48,0,0
MORRIAD01,2008,Adam,Morrison,TOT,N,52,712,209,18,62,80,41,9,4,32,77,223,80,23,17,96,32
MORRIAD01,2008,Adam,Morrison,CHR,N,44,668,199,16,56,72,38,9,4,29,73,211,76,21,16,92,31
MORRIAD01,2008,Adam,Morrison,LAL,N,8,44,10,2,6,8,3,0,0,3,4,12,4,2,1,4,1
MORRIRA01,2008,Randolph,Morris,ATL,N,23,89,18,4,16,20,2,2,1,7,25,17,7,4,4,0,0
MORROAN01,2008,Anthony,Morrow,GSW,N,67,1520,676,78,121,199,80,36,12,52,130,534,255,92,80,184,86
MURPHTR01,2008,Troy,Murphy,IND,N,73,2486,1041,146,715,861,172,58,34,114,226,767,364,184,152,358,161
MURRARO01,2008,Ronald,Murray,ATL,N,80,1978,974,22,146,168,158,88,17,128,173,795,355,233,177,242,87
MUTOMDI01,2008,Dikembe,Mutombo,HOU,N,10,95,16,12,21,33,0,0,11,6,11,13,5,9,6,0,0
NAJERED01,2008,Eduardo,Najera,NJN,N,27,319,79,17,50,67,19,10,4,18,50,74,33,22,8,25,5
NASHST01,2008,Steve,Nash,PHO,N,74,2484,1160,19,204,223,717,55,10,248,108,851,428,210,196,246,108
NELSODE01,2008,DeMarcus,Nelson,GSW,N,13,172,53,6,18,24,13,9,2,15,24,54,24,14,5,3,0
NELSOJA01,2008,Jameer,Nelson,ORL,N,42,1309,702,20,125,145,226,51,3,83,123,531,267,97,86,181,82
NESTERA01,2008,Rasho,Nesterovic,IND,N,70,1214,473,93,147,240,109,30,38,63,171,437,224,32,25,1,0
NICHODE01,2008,Demetris,Nichols,CHI,N,2,6,2,0,0,0,1,0,0,0,1,4,1,0,0,1,0
NICHODE01,2008,Demetris,Nichols,NYK,N,2,9,5,0,2,2,0,0,1,0,0,5,2,2,1,1,0
NICHODE01,2008,Demetris,Nichols,TOT,N,4,15,7,0,2,2,1,0,1,0,1,9,3,2,1,2,0
NOAHJO01,2008,Joakim,Noah,CHI,N,80,1940,537,244,362,606,106,49,110,82,238,372,207,182,123,1,0
NOCIOAN01,2008,Andres,Nocioni,TOT,N,76,1980,867,54,307,361,102,39,33,113,261,701,299,183,145,311,124
NOCIOAN01,2008,Andres,Nocioni,CHI,N,53,1281,551,34,188,222,60,26,16,73,176,449,186,124,100,209,79
NOCIOAN01,2008,Andres,Nocioni,SAC,N,23,699,316,20,119,139,42,13,17,40,85,252,113,59,45,102,45
NOVAKST01,2008,Steve,Novak,LAC,N,72,1159,492,19,106,125,40,20,5,23,71,396,176,23,21,286,119
NOWITDI01,2008,Dirk,Nowitzki,DAL,N,81,3051,2094,88,593,681,197,61,63,157,176,1616,774,545,485,170,61
OBERTFA01,2008,Fabricio,Oberto,SAS,N,53,675,142,65,77,142,59,7,11,38,95,104,61,35,20,1,0
OBRYAPA01,2008,Patrick,O'Bryant,TOR,N,13,148,61,6,26,32,3,2,11,5,32,53,29,8,3,2,0
OBRYAPA01,2008,Patrick,O'Bryant,BOS,N,26,109,40,7,27,34,8,3,8,17,29,31,16,12,8,0,0
OBRYAPA01,2008,Patrick,O'Bryant,TOT,N,39,257,101,13,53,66,11,5,19,22,61,84,45,20,11,2,0
ODENGR01,2008,Greg,Oden,POR,N,61,1312,540,169,255,424,31,25,69,87,238,351,198,226,144,0,0
ODOMLA01,2008,Lamar,Odom,LAL,N,78,2316,885,176,461,637,204,77,98,138,235,703,346,257,160,103,33
OKAFOEM01,2008,Emeka,Okafor,CHR,N,82,2692,1085,275,552,827,53,48,136,144,247,772,433,369,219,0,0
OKURME01,2008,Mehmet,Okur,UTA,N,72,2411,1225,124,433,557,120,54,53,132,219,888,431,334,273,202,90
OLLIEKE01,2008,Kevin,Ollie,MIN,N,50,853,202,13,62,75,117,19,4,34,79,150,61,96,80,1,0
ONEAJE01,2008,Jermaine,O'Neal,TOT,N,68,2026,905,126,307,433,122,29,136,144,211,770,365,222,175,1,0
ONEAJE01,2008,Jermaine,O'Neal,MIA,N,27,809,350,55,90,145,55,11,54,52,81,305,145,80,60,0,0
ONEAJE01,2008,Jermaine,O'Neal,TOR,N,41,1217,555,71,217,288,67,18,82,92,130,465,220,142,115,1,0
ONEASH01,2008,Shaquille,O'Neal,PHO,N,75,2254,1333,187,446,633,126,49,108,168,253,841,512,519,309,1,0
OUTLATR01,2008,Travis,Outlaw,POR,N,81,2246,1034,70,261,331,83,47,57,94,168,850,385,242,175,236,89
PACHUZA01,2008,Zaza,Pachulia,ATL,N,77,1474,481,173,263,436,57,35,26,91,208,320,159,230,163,3,0
PARKEAN01,2008,Anthony,Parker,TOR,N,80,2640,857,45,272,317,269,100,15,114,145,754,321,145,121,241,94
PARKETO01,2008,Tony,Parker,SAS,N,72,2456,1581,27,196,223,496,67,4,186,110,1263,639,363,284,65,19
PAULCH01,2008,Chris,Paul,NOH,N,78,3005,1781,69,363,432,861,216,10,231,212,1255,631,524,455,176,64
PAVLOAL01,2008,Sasha,Pavlovic,CLE,N,66,1050,305,31,96,127,72,22,16,48,122,275,116,54,25,117,48
PECHEOL01,2008,Oleksiy,Pecherov,WAS,N,32,277,116,35,41,76,2,6,3,10,34,101,39,29,24,43,14
PERKIKE01,2008,Kendrick,Perkins,BOS,N,76,2255,648,204,415,619,96,22,150,165,253,478,276,160,96,2,0
PETERMO01,2008,Morris,Peterson,NOH,N,43,517,191,13,71,84,16,15,2,15,51,183,73,19,12,85,33
PETROJO01,2008,Johan,Petro,DEN,N,27,215,60,15,48,63,10,3,10,13,56,64,27,14,6,1,0
PETROJO01,2008,Johan,Petro,OKC,N,22,343,102,27,68,95,6,16,5,15,51,113,46,15,10,1,0
PETROJO01,2008,Johan,Petro,TOT,N,49,558,162,42,116,158,16,19,15,28,107,177,73,29,16,2,0
PIERCPA01,2008,Paul,Pierce,BOS,N,81,3033,1658,56,401,457,294,80,27,228,215,1181,540,553,459,304,119
PIETRMI01,2008,Mickael,Pietrus,ORL,N,54,1331,510,44,132,176,65,31,24,56,126,426,176,110,78,223,80
POSEYJA01,2008,James,Posey,NOH,N,75,2137,668,38,324,362,82,58,21,79,216,524,216,146,120,314,116
POWELE01,2008,Leon,Powe,BOS,N,70,1228,538,145,200,345,46,24,38,76,192,338,177,267,184,0,0
POWELJO01,2008,Josh,Powell,LAL,N,60,704,250,71,105,176,27,9,17,51,98,239,106,50,38,0,0
PRICERO01,2008,Ronnie,Price,UTA,N,52,739,207,12,57,69,108,39,5,61,74,203,77,45,34,61,19
PRINCTA01,2008,Tayshaun,Prince,DET,N,82,3055,1163,128,348,476,253,44,51,101,104,1020,459,243,189,141,56
PRUITGA01,2008,Gabe,Pruitt,BOS,N,47,361,93,9,34,43,39,15,3,19,34,101,31,21,17,48,14
PRZYBJO01,2008,Joel,Przybilla,POR,N,82,1949,448,204,513,717,27,34,97,78,215,269,168,169,112,1,0
QUINNCH01,2008,Chris,Quinn,MIA,N,66,962,339,8,67,75,132,24,2,33,79,289,118,58,47,137,56
RADMAVL01,2008,Vladimir,Radmanovic,LAL,N,46,767,273,18,99,117,38,28,7,47,51,214,95,27,23,136,60
RADMAVL01,2008,Vladimir,Radmanovic,CHR,N,32,676,267,27,78,105,43,18,8,51,60,252,101,31,20,126,45
RADMAVL01,2008,Vladimir,Radmanovic,TOT,N,78,1443,540,45,177,222,81,46,15,98,111,466,196,58,43,262,105
RANDOAN01,2008,Anthony,Randolph,GSW,N,63,1126,499,128,235,363,49,42,74,80,141,431,199,141,101,4,0
RANDOSH01,2008,Shavlik,Randolph,POR,N,10,37,18,10,8,18,0,0,1,6,4,13,8,4,1,1,1
RANDOZA01,2008,Zach,Randolph,LAC,N,39,1368,815,117,250,367,88,30,13,91,105,684,333,177,124,73,25
RANDOZA01,2008,Zach,Randolph,NYK,N,11,388,226,40,97,137,15,13,3,23,28,189,82,67,55,24,7
RANDOZA01,2008,Zach,Randolph,TOT,N,50,1756,1041,157,347,504,103,43,16,114,133,873,415,244,179,97,32
RATLITH01,2008,Theo,Ratliff,PHI,N,46,578,89,46,82,128,9,17,47,14,77,64,34,35,21,0,0
REDDMI01,2008,Michael,Redd,MIL,N,33,1202,699,24,83,107,88,35,2,53,45,547,249,161,131,191,70
REDICJJ01,2008,J.J.,Redick,ORL,N,64,1116,382,8,101,109,73,21,1,54,72,299,117,94,81,179,67
RICHAJA01,2008,Jason,Richardson,CHR,N,14,492,262,13,45,58,36,14,3,24,43,220,97,55,41,59,27
RICHAJA01,2008,Jason,Richardson,PHO,N,58,1922,950,64,197,261,110,62,25,71,103,754,368,144,112,266,102
RICHAJA01,2008,Jason,Richardson,TOT,N,72,2414,1212,77,242,319,146,76,28,95,146,974,465,199,153,325,129
RICHAJE01,2008,Jeremy,Richardson,ORL,N,12,93,37,1,13,14,3,0,0,3,6,49,14,6,3,17,6
RICHAQU01,2008,Quentin,Richardson,NYK,N,72,1892,733,71,248,319,117,47,7,74,132,667,262,117,89,329,120
RIDNOLU01,2008,Luke,Ridnour,MIL,N,72,2037,688,33,185,218,365,92,16,128,200,621,250,153,133,157,55
ROBERAN02,2008,Anthony,Roberson,CHI,N,6,22,12,2,5,7,1,0,0,1,0,17,5,0,0,10,2
ROBERAN02,2008,Anthony,Roberson,TOT,N,29,275,119,6,16,22,20,10,1,8,18,120,44,5,5,81,26
ROBERAN02,2008,Anthony,Roberson,NYK,N,23,253,107,4,11,15,19,10,1,7,18,103,39,5,5,71,24
ROBINNA01,2008,Nate,Robinson,NYK,N,74,2211,1272,98,192,290,301,95,6,139,206,1028,449,296,249,385,125
RODRISE01,2008,Sergio,Rodriguez,POR,N,80,1224,356,43,87,130,287,54,2,119,133,329,129,77,61,114,37
RONDORA01,2008,Rajon,Rondo,BOS,N,80,2644,953,100,316,416,659,149,11,209,193,759,383,268,172,48,15
ROSEDE01,2008,Derrick,Rose,CHI,N,81,3000,1361,96,221,317,512,66,18,202,125,1208,574,250,197,72,16
ROSEMA01,2008,Malik,Rose,NYK,N,18,158,30,4,27,31,10,1,1,17,24,41,11,11,8,4,0
ROSEMA01,2008,Malik,Rose,OKC,N,20,312,100,13,52,65,26,9,2,19,48,90,34,40,32,3,0
ROSEMA01,2008,Malik,Rose,TOT,N,38,470,130,17,79,96,36,10,3,36,72,131,45,51,40,7,0
ROSSQU01,2008,Quinton,Ross,MEM,N,68,1163,265,29,97,126,47,32,14,36,114,259,99,42,34,88,33
ROYBR01,2008,Brandon,Roy,POR,N,78,2902,1765,104,266,370,400,88,22,152,127,1318,633,505,416,220,83
RUFFIMI01,2008,Michael,Ruffin,POR,N,11,35,6,6,5,11,0,3,1,2,7,7,2,2,2,0,0
RUSHBR01,2008,Brandon,Rush,IND,N,75,1801,610,34,199,233,66,38,37,75,128,575,243,66,46,209,78
RUSHKA01,2008,Kareem,Rush,PHI,N,25,197,54,0,15,15,15,5,1,10,10,58,20,4,4,33,10
SALMOJO01,2008,John,Salmons,SAC,N,53,1981,970,43,178,221,196,58,9,122,122,744,351,232,191,184,77
SALMOJO01,2008,John,Salmons,TOT,N,79,2963,1446,59,274,333,249,83,24,165,182,1093,516,347,288,302,126
SALMOJO01,2008,John,Salmons,CHI,N,26,982,476,16,96,112,53,25,15,43,60,349,165,115,97,118,49
SAMBCH01,2008,Cheikh,Samb,LAC,N,10,52,11,7,6,13,0,1,5,1,3,16,4,5,3,2,0
SAMBCH01,2008,Cheikh,Samb,DEN,N,6,23,4,2,7,9,1,2,5,2,4,13,2,0,0,1,0
SAMBCH01,2008,Cheikh,Samb,NYK,N,2,8,0,1,1,2,0,0,0,0,0,3,0,2,0,0,0
SAMBCH01,2008,Cheikh,Samb,TOT,N,18,83,15,10,14,24,1,3,10,3,7,32,6,7,3,3,0
SCALABR01,2008,Brian,Scalabrine,BOS,N,39,501,136,7,43,50,18,7,10,12,73,114,48,18,16,61,24
SCOLALU01,2008,Luis,Scola,HOU,N,82,2486,1044,200,520,720,123,68,11,123,261,799,424,258,196,3,0
SEFOLTH01,2008,Thabo,Sefolosha,CHI,N,43,735,194,26,97,123,65,35,19,37,50,182,79,25,21,50,15
SEFOLTH01,2008,Thabo,Sefolosha,OKC,N,23,717,195,28,91,119,46,40,26,27,54,175,73,48,40,37,9
SEFOLTH01,2008,Thabo,Sefolosha,TOT,N,66,1452,389,54,188,242,111,75,45,64,104,357,152,73,61,87,24
SENEMO01,2008,Mouhamed,Sene,TOT,N,6,30,20,5,9,14,0,1,3,4,2,9,6,10,8,0,0
SENEMO01,2008,Mouhamed,Sene,NYK,N,1,6,3,2,3,5,0,0,1,1,0,2,1,1,1,0,0
SENEMO01,2008,Mouhamed,Sene,OKC,N,5,24,17,3,6,9,0,1,2,3,2,7,5,9,7,0,0
SESSIRA01,2008,Ramon,Sessions,MIL,N,79,2172,977,64,205,269,452,83,7,152,158,775,345,354,281,34,6
SHARPWA01,2008,Walter,Sharpe,DET,N,8,20,8,0,3,3,0,0,2,0,3,11,4,2,0,2,0
SIMMOBO01,2008,Bobby,Simmons,NJN,N,71,1728,556,72,205,277,92,50,10,62,186,441,198,58,43,262,117
SIMMOCE01,2008,Cedric,Simmons,SAC,N,7,25,1,1,3,4,0,0,0,2,2,4,0,2,1,0,0
SIMMOCE01,2008,Cedric,Simmons,CHI,N,11,61,28,4,8,12,2,1,4,0,6,21,11,14,6,0,0
SIMMOCE01,2008,Cedric,Simmons,TOT,N,18,86,29,5,11,16,2,1,4,2,8,25,11,16,7,0,0
SIMSCO01,2008,Courtney,Sims,TOT,N,2,13,6,2,2,4,0,0,0,1,1,6,3,0,0,0,0
SIMSCO01,2008,Courtney,Sims,PHO,N,1,2,0,0,0,0,0,0,0,1,0,0,0,0,0,0,0
SIMSCO01,2008,Courtney,Sims,NYK,N,1,11,6,2,2,4,0,0,0,0,1,6,3,0,0,0,0
SINGLJA01,2008,James,Singleton,DAL,N,62,885,314,89,161,250,17,26,28,36,110,221,117,78,67,40,13
SINGLSE01,2008,Sean,Singletary,CHR,N,24,180,56,5,14,19,17,5,0,18,31,48,19,15,12,15,6
SINGLSE01,2008,Sean,Singletary,TOT,N,37,301,90,10,25,35,29,11,0,23,45,85,31,21,18,25,10
SINGLSE01,2008,Sean,Singletary,PHO,N,13,121,34,5,11,16,12,6,0,5,14,37,12,6,6,10,4
SKINNBR01,2008,Brian,Skinner,LAC,N,51,845,214,72,131,203,27,17,52,43,94,205,92,47,30,2,0
SMITHCR01,2008,Craig,Smith,MIN,N,74,1464,746,98,186,284,79,31,19,105,184,514,289,248,168,1,0
SMITHJO01,2008,Joe,Smith,OKC,N,36,691,238,53,110,163,25,10,26,15,72,218,99,54,38,4,2
SMITHJO01,2008,Joe,Smith,CLE,N,21,411,136,36,64,100,16,7,14,10,50,115,57,28,21,3,1
SMITHJO01,2008,Joe,Smith,TOT,N,57,1102,374,89,174,263,41,17,40,25,122,333,156,82,59,7,3
SMITHJO03,2008,Josh,Smith,ATL,N,70,2424,1073,134,364,498,169,94,111,161,184,849,418,359,211,87,26
SMITHJR01,2008,J.R.,Smith,DEN,N,81,2243,1233,43,254,297,227,78,14,150,190,950,424,272,205,453,180
SOLOMWI01,2008,Will,Solomon,SAC,N,14,168,70,3,18,21,10,7,0,5,11,64,26,10,5,29,13
SOLOMWI01,2008,Will,Solomon,TOR,N,39,544,193,9,34,43,123,20,4,49,60,181,79,24,20,57,15
SOLOMWI01,2008,Will,Solomon,TOT,N,53,712,263,12,52,64,133,27,4,54,71,245,105,34,25,86,28
SONGADA01,2008,Darius,Songaila,WAS,N,77,1523,566,75,152,227,94,64,20,74,200,457,243,90,80,1,0
SPEIGMA01,2008,Marreese,Speights,PHI,N,79,1261,608,123,170,293,30,27,56,46,181,502,252,132,102,8,2
STACKJE01,2008,Jerry,Stackhouse,DAL,N,10,163,42,5,12,17,12,4,1,9,6,60,16,7,7,19,3
STEVEDE01,2008,DeShawn,Stevenson,WAS,N,32,886,211,11,65,76,98,21,2,32,43,231,72,60,32,129,35
STOJAPR01,2008,Peja,Stojakovic,NOH,N,61,2089,812,44,220,264,75,52,3,51,101,719,287,104,93,384,145
STOUDAM01,2008,Amare,Stoudemire,PHO,N,53,1949,1134,116,314,430,104,49,57,150,163,749,404,387,323,7,3
STUCKRO01,2008,Rodney,Stuckey,DET,N,79,2520,1058,69,206,275,387,78,11,173,217,913,401,290,233,78,23
SWIFTRO01,2008,Robert,Swift,OKC,N,26,343,86,21,68,89,9,5,17,8,50,71,37,16,12,0,0
SWIFTST01,2008,Stromile,Swift,NJN,N,6,63,23,5,8,13,1,0,2,7,15,15,9,11,5,0,0
SWIFTST01,2008,Stromile,Swift,PHO,N,13,121,39,11,22,33,2,4,6,9,25,41,15,15,8,1,1
SWIFTST01,2008,Stromile,Swift,TOT,N,19,184,62,16,30,46,3,4,8,16,40,56,24,26,13,1,1
SZCZEWA01,2008,Wally,Szczerbiak,CLE,N,74,1526,517,43,189,232,82,28,10,55,130,398,179,106,90,168,69
TAYLOMI01,2008,Mike,Taylor,LAC,N,51,768,289,22,65,87,106,36,0,73,84,267,110,81,56,40,13
TELFASE01,2008,Sebastian,Telfair,MIN,N,75,2097,738,32,95,127,343,73,12,146,184,697,267,160,131,211,73
TERRYJA01,2008,Jason,Terry,DAL,N,74,2489,1447,39,138,177,251,97,20,119,141,1168,541,225,198,456,167
THOMAET01,2008,Etan,Thomas,WAS,N,26,305,80,25,41,66,6,3,18,18,35,66,32,23,16,0,0
THOMAKE01,2008,Kenny,Thomas,SAC,N,8,62,6,4,11,15,1,6,1,1,9,8,3,0,0,0,0
THOMAKU01,2008,Kurt,Thomas,SAS,N,79,1403,343,134,271,405,66,34,58,42,170,304,153,45,37,2,0
THOMATI01,2008,Tim,Thomas,CHI,N,19,278,105,8,34,42,12,6,0,10,27,90,36,20,14,43,19
THOMATI01,2008,Tim,Thomas,LAC,N,10,220,95,14,32,46,10,3,1,14,26,90,34,34,21,20,6
THOMATI01,2008,Tim,Thomas,TOT,N,65,1269,545,42,159,201,68,31,11,70,144,438,189,121,89,189,78
THOMATI01,2008,Tim,Thomas,NYK,N,36,771,345,20,93,113,46,22,10,46,91,258,119,67,54,126,53
THOMATY01,2008,Tyrus,Thomas,CHI,N,79,2174,857,148,360,508,77,91,151,129,220,683,308,304,238,9,3
THOMPJA02,2008,Jason,Thompson,SAC,N,82,2300,910,234,372,606,93,46,59,146,314,717,356,286,198,8,0
THORNAL01,2008,Al,Thornton,LAC,N,71,2656,1194,122,246,368,103,59,62,130,227,1051,469,313,236,79,20
TOLLIAN01,2008,Anthony,Tolliver,SAS,N,19,207,52,12,29,41,17,5,1,7,16,65,19,10,5,41,9
TUCKEAL02,2008,Alando,Tucker,PHO,N,30,281,138,19,12,31,12,5,1,14,14,121,52,33,26,23,8
TURIARO01,2008,Ronny,Turiaf,GSW,N,79,1701,470,88,272,360,166,34,168,70,243,366,186,124,98,3,0
TURKOHI01,2008,Hidayet,Turkoglu,ORL,N,77,2811,1294,45,365,410,375,64,19,204,218,1025,423,389,314,376,134
UDOKAIM01,2008,Ime,Udoka,SAS,N,67,1034,289,28,159,187,54,36,12,38,86,287,110,46,28,125,41
UDRIHBE01,2008,Beno,Udrih,SAC,N,73,2266,800,46,174,220,342,81,12,158,192,696,321,150,123,113,35
UKICRO01,2008,Roko Leni,Ukic,TOR,N,72,892,301,27,48,75,153,30,2,60,77,324,123,60,44,62,11
VAREJAN01,2008,Anderson,Varejao,CLE,N,81,2313,694,166,415,581,81,75,66,80,239,504,270,250,154,2,0
VAUGHJA01,2008,Jacque,Vaughn,SAS,N,29,292,65,4,18,22,55,6,0,15,26,75,24,18,16,1,1
VILLACH01,2008,Charlie,Villanueva,MIL,N,78,2094,1264,154,366,520,137,50,56,138,254,1089,487,240,201,258,89
VOSKUJA01,2008,Jake,Voskuhl,TOR,N,38,243,35,21,38,59,8,3,4,17,60,45,12,14,11,0,0
VUJACSA01,2008,Sasha,Vujacic,LAL,N,80,1287,461,19,116,135,113,77,7,35,154,401,155,76,70,223,81
WADEDW01,2008,Dwyane,Wade,MIA,N,79,3048,2386,89,309,398,589,173,106,272,178,1739,854,771,590,278,88
WAFERVO01,2008,Von,Wafer,HOU,N,63,1225,610,19,94,113,71,40,8,59,71,512,229,117,88,164,64
WALKEBI01,2008,Bill,Walker,BOS,N,29,218,88,8,21,29,13,6,2,18,51,58,36,23,16,1,0
WALLABE01,2008,Ben,Wallace,CLE,N,56,1317,165,136,226,362,44,48,75,34,82,155,69,64,27,0,0
WALLAGE01,2008,Gerald,Wallace,CHR,N,71,2669,1182,112,441,553,189,121,67,148,210,811,389,454,365,131,39
WALLARA01,2008,Rasheed,Wallace,DET,N,66,2121,795,56,434,490,91,62,86,59,197,720,302,101,78,319,113
WALTOLU01,2008,Luke,Walton,LAL,N,65,1168,326,55,125,180,176,32,10,69,105,307,134,57,41,57,17
WARRIHA01,2008,Hakim,Warrick,MEM,N,82,2033,951,129,277,406,66,48,39,98,170,693,340,374,266,23,5
WATSOCJ01,2008,C.J.,Watson,GSW,N,77,1882,730,39,153,192,206,96,4,92,137,562,257,193,168,120,48
WATSOEA01,2008,Earl,Watson,OKC,N,68,1777,448,36,147,183,391,50,11,156,137,453,174,106,80,85,20
WEAVEKY01,2008,Kyle,Weaver,OKC,N,56,1167,299,31,99,130,101,47,25,69,81,246,113,58,41,93,32
WEBSTMA02,2008,Martell,Webster,POR,N,1,5,0,0,0,0,0,0,0,0,0,1,0,0,0,1,0
WEEMSSO01,2008,Sonny,Weems,DEN,N,12,56,19,0,4,4,3,1,0,6,8,25,8,8,3,3,0
WESTBRU01,2008,Russell,Westbrook,OKC,N,82,2671,1256,178,221,399,435,110,16,274,191,1095,436,428,349,129,35
WESTDA01,2008,David,West,NOH,N,76,2985,1593,160,486,646,173,49,68,163,207,1292,610,415,367,25,6
WESTDE01,2008,Delonte,West,CLE,N,64,2154,751,31,172,203,226,94,13,92,125,624,285,108,90,228,91
WESTMA02,2008,Mario,West,ATL,N,53,269,43,24,32,56,19,18,4,13,35,34,14,30,14,1,1
WHITEDJ01,2008,D.J.,White,OKC,N,7,128,62,10,22,32,6,3,5,3,10,50,26,13,10,0,0
WHITEJA02,2008,James,White,HOU,N,4,12,7,0,0,0,1,1,1,3,2,5,3,0,0,2,1
WILCOCH01,2008,Chris,Wilcox,TOT,N,62,1053,447,96,181,277,47,26,16,75,137,370,184,140,79,4,0
WILCOCH01,2008,Chris,Wilcox,NYK,N,25,332,135,31,51,82,14,8,5,20,48,102,54,53,27,1,0
WILCOCH01,2008,Chris,Wilcox,OKC,N,37,721,312,65,130,195,33,18,11,55,89,268,130,87,52,3,0
WILKIDA02,2008,Damien,Wilkins,OKC,N,41,637,218,20,50,70,37,22,7,37,55,213,77,46,37,72,27
WILLIDE01,2008,Deron,Williams,UTA,N,68,2507,1322,24,171,195,725,73,20,228,133,984,463,384,326,226,70
WILLIJA04,2008,Jawad,Williams,CLE,N,10,20,12,1,1,2,0,1,0,1,2,12,5,0,0,6,2
WILLILO02,2008,Louis,Williams,PHI,N,81,1921,1039,36,129,165,242,85,14,151,128,844,336,385,304,220,63
WILLIMA01,2008,Maurice,Williams,CLE,N,81,2839,1443,47,232,279,329,69,9,179,215,1126,526,228,208,420,183
WILLIMA02,2008,Marvin,Williams,ATL,N,61,2095,845,110,272,382,81,57,39,70,127,622,285,273,220,155,55
WILLIMA03,2008,Marcus,Williams,GSW,N,9,53,12,0,4,4,13,1,1,4,6,17,4,6,2,6,2
WILLIMA04,2008,Marcus.,Williams,SAS,N,2,3,4,0,0,0,0,0,0,0,1,2,2,0,0,0,0
WILLISE01,2008,Sean,Williams,NJN,N,33,364,80,34,45,79,13,7,29,20,72,72,30,32,20,0,0
WILLISH02,2008,Shawne,Williams,DAL,N,15,168,42,19,27,46,2,2,9,5,19,56,16,11,9,17,1
WILLISH03,2008,Shelden,Williams,MIN,N,15,207,74,24,51,75,4,10,8,8,28,68,30,21,14,0,0
WILLISH03,2008,Shelden,Williams,SAC,N,30,303,112,25,53,78,8,12,10,26,36,89,40,42,32,2,0
WILLISH03,2008,Shelden,Williams,TOT,N,45,510,186,49,104,153,12,22,18,34,64,157,70,63,46,2,0
WRIGHAN01,2008,Antoine,Wright,DAL,N,66,1572,477,32,110,142,80,46,27,56,173,435,180,95,71,151,46
WRIGHBR03,2008,Brandan,Wright,GSW,N,39,689,323,62,95,157,21,22,37,23,74,246,130,85,63,4,0
WRIGHDO01,2008,Dorell,Wright,MIA,N,6,73,18,2,18,20,2,2,0,6,8,20,8,6,2,0,0
WRIGHJU01,2008,Julian,Wright,NOH,N,54,775,237,46,106,152,43,35,19,43,49,234,109,30,17,21,2
WRIGHLO02,2008,Lorenzen,Wright,CLE,N,18,125,23,7,18,25,3,4,5,9,17,27,10,8,3,0,0
YOUNGNI01,2008,Nick,Young,WAS,N,82,1837,892,31,119,150,95,39,20,92,140,756,336,193,164,164,56
YOUNGTH01,2008,Thaddeus,Young,PHI,N,75,2582,1145,139,238,377,86,100,23,118,165,960,475,189,139,164,56
YUESU01,2008,Sun,Yue,LAL,N,10,28,6,0,0,0,2,1,1,3,10,11,3,0,0,6,0
AFFLAAR01,2009,Arron,Afflalo,DEN,N,82,2230,724,59,193,252,138,46,30,74,225,585,272,98,72,249,108
AJINCAL01,2009,Alexis,Ajinca,CHR,N,6,30,10,1,3,4,0,1,1,2,5,10,5,1,0,0,0
ALDRILA01,2009,LaMarcus,Aldridge,POR,N,78,2922,1393,192,435,627,160,67,48,104,231,1169,579,304,230,16,5
ALEXAJO01,2009,Joe,Alexander,CHI,N,8,29,4,2,3,5,2,1,1,0,9,6,1,3,2,1,0
ALLENMA01,2009,Malik,Allen,DEN,N,51,456,105,36,46,82,16,11,5,22,68,116,46,13,12,6,1
ALLENRA02,2009,Ray,Allen,BOS,N,80,2819,1304,45,208,253,210,64,25,129,182,973,464,253,231,399,145
ALLENTO01,2009,Tony,Allen,BOS,N,54,889,330,52,93,145,72,59,19,66,109,253,129,119,72,5,0
ALSTORA01,2009,Rafer,Alston,MIA,N,25,655,165,4,50,54,72,23,5,34,53,169,60,27,15,81,30
ALSTORA01,2009,Rafer,Alston,NJN,N,27,766,262,9,66,75,104,27,5,61,50,277,95,54,44,87,28
ALSTORA01,2009,Rafer,Alston,TOT,N,52,1421,427,13,116,129,176,50,10,95,103,446,155,81,59,168,58
AMUNDLO01,2009,Louis,Amundson,PHO,N,79,1168,371,128,218,346,31,24,73,57,169,276,152,123,67,1,0
ANDERAN02,2009,Antonio,Anderson,OKC,N,1,15,2,1,0,1,0,0,0,1,1,3,1,0,0,0,0
ANDERCH01,2009,Chris,Andersen,DEN,N,76,1692,448,147,336,483,33,42,143,59,171,251,142,236,164,3,0
ANDERDA03,2009,David,Andersen,HOU,N,63,891,367,54,154,208,44,15,12,37,119,340,147,67,46,78,27
ANDERRY01,2009,Ryan,Anderson,ORL,N,63,910,487,70,132,202,37,25,14,56,81,388,169,82,71,211,78
ANTHOCA01,2009,Carmelo,Anthony,DEN,N,69,2634,1943,152,302,454,222,88,30,209,225,1502,688,612,508,187,59
ANTHOJO01,2009,Joel,Anthony,MIA,N,80,1322,218,123,126,249,12,20,109,45,158,159,76,92,66,0,0
ARENAGI01,2009,Gilbert,Arenas,WAS,N,32,1169,722,17,116,133,230,41,9,117,95,616,253,207,153,181,63
ARIZATR01,2009,Trevor,Ariza,HOU,N,72,2629,1072,78,325,403,276,126,40,161,162,999,394,228,148,407,136
ARMSTHI01,2009,Hilton,Armstrong,HOU,N,9,40,10,5,1,6,3,5,0,5,10,17,5,2,0,1,0
ARMSTHI01,2009,Hilton,Armstrong,NOH,N,18,239,51,17,44,61,16,8,8,13,44,50,19,28,13,0,0
ARMSTHI01,2009,Hilton,Armstrong,SAC,N,6,56,10,5,9,14,2,2,4,4,5,12,4,2,2,0,0
ARMSTHI01,2009,Hilton,Armstrong,TOT,N,33,335,71,27,54,81,21,15,12,22,59,79,28,32,15,1,0
ARROYCA01,2009,Carlos,Arroyo,MIA,N,72,1585,439,26,104,130,225,36,6,54,102,375,178,90,76,25,7
ARTESRO01,2009,Ron,Artest,LAL,N,77,2605,845,99,232,331,234,106,21,121,165,740,306,186,128,296,105
ARTHUDA01,2009,Darrell,Arthur,MEM,N,32,457,143,37,73,110,15,14,14,22,60,146,63,30,17,1,0
ATKINCH01,2009,Chucky,Atkins,DET,N,40,644,161,5,24,29,91,17,0,32,53,157,57,27,25,73,22
AUGUSDJ01,2009,D.J.,Augustin,CHR,N,80,1472,508,11,86,97,193,45,5,74,127,435,168,131,102,178,70
AZUBUKE01,2009,Kelenna,Azubuike,GSW,N,9,231,125,12,29,41,10,5,9,7,16,88,48,28,19,27,10
BALKMRE01,2009,Renaldo,Balkman,DEN,N,13,91,14,4,19,23,7,8,2,6,16,18,6,6,2,7,0
BANKSMA01,2009,Marcus,Banks,TOR,N,22,244,109,3,20,23,26,12,2,20,30,73,39,29,24,24,7
BARBOLE01,2009,Leandro,Barbosa,PHO,N,44,786,418,11,58,69,64,23,12,46,71,365,155,73,64,136,44
BAREAJO01,2009,Jose,Barea,DAL,N,78,1546,596,17,129,146,258,35,6,102,119,527,232,90,76,157,56
BARGNAN01,2009,Andrea,Bargnani,TOR,N,80,2799,1376,105,388,493,93,25,111,120,215,1143,537,234,181,325,121
BARNEMA02,2009,Matt,Barnes,ORL,N,81,2097,716,106,339,445,134,59,30,112,185,557,271,146,108,207,66
BARROEA01,2009,Earl,Barron,NYK,N,7,232,82,31,46,77,8,4,4,11,24,68,30,29,22,0,0
BASSBR01,2009,Brandon,Bass,ORL,N,50,648,290,54,73,127,19,12,27,31,69,233,119,63,52,0,0
BATTISH01,2009,Shane,Battier,HOU,N,67,2168,534,74,238,312,164,53,76,64,139,447,178,106,77,279,101
BATTITO01,2009,Tony,Battie,NJN,N,15,134,36,4,19,23,3,4,2,3,19,40,14,10,7,4,1
BATUMNI01,2009,Nicolas,Batum,POR,N,37,918,375,32,109,141,44,24,25,27,83,268,139,51,43,132,54
BAYLEJE01,2009,Jerryd,Bayless,POR,N,74,1304,630,18,102,120,172,26,5,94,152,483,200,242,201,92,29
BEASLMI01,2009,Michael,Beasley,MIA,N,78,2328,1156,123,375,498,100,80,49,131,221,1040,468,240,192,102,28
BEAUBRO01,2009,Rodrigue,Beaubois,DAL,N,56,700,397,12,66,78,74,29,12,54,84,299,155,52,42,110,45
BELINMA01,2009,Marco,Belinelli,TOR,N,66,1121,469,14,81,95,89,42,5,60,80,379,154,121,101,158,60
BELLCH01,2009,Charlie,Bell,MIL,N,71,1611,459,31,101,132,104,39,12,54,136,443,169,67,48,200,73
BELLRA01,2009,Raja,Bell,GSW,N,1,23,11,0,2,2,3,0,0,0,2,6,4,0,0,3,3
BELLRA01,2009,Raja,Bell,CHR,N,5,157,60,5,16,21,10,4,2,5,13,55,24,3,3,24,9
BELLRA01,2009,Raja,Bell,TOT,N,6,180,71,5,18,23,13,4,2,5,15,61,28,3,3,27,12
BENDEJO01,2009,Jonathan,Bender,NYK,N,25,292,118,15,37,52,16,2,17,28,33,100,40,26,24,39,14
BIBBYMI01,2009,Mike,Bibby,ATL,N,80,2195,730,20,164,184,310,67,3,90,157,644,268,79,68,324,126
BIEDRAN01,2009,Andris,Biedrins,GSW,N,33,763,166,63,196,259,57,20,44,32,117,137,81,25,4,0,0
BILLUCH01,2009,Chauncey,Billups,DEN,N,73,2490,1427,25,203,228,409,82,9,177,153,962,402,512,466,407,157
BLAIRDE01,2009,DeJuan,Blair,SAS,N,82,1494,638,200,326,526,65,50,39,112,224,495,275,161,88,2,0
BLAKEST01,2009,Steve,Blake,POR,N,51,1397,388,15,103,118,203,37,2,65,84,355,143,32,24,207,78
BLAKEST01,2009,Steve,Blake,LAC,N,29,762,198,6,63,69,177,21,4,63,39,167,74,16,12,87,38
BLAKEST01,2009,Steve,Blake,TOT,N,80,2159,586,21,166,187,380,58,6,128,123,522,217,48,36,294,116
BLATCAN01,2009,Andray,Blatche,WAS,N,81,2256,1143,158,351,509,170,85,71,182,218,999,478,234,174,44,13
BOGANKE01,2009,Keith,Bogans,SAS,N,79,1559,347,25,151,176,95,45,12,53,156,298,120,50,37,196,70
BOGUTAN01,2009,Andrew,Bogut,MIL,N,69,2229,1095,208,493,701,127,39,175,131,222,910,473,237,149,2,0
BONNEMA01,2009,Matt,Bonner,SAS,N,65,1161,457,52,162,214,68,30,24,39,109,372,166,48,35,231,90
BOONEJO01,2009,Josh,Boone,NJN,N,63,1045,253,124,191,315,29,30,48,37,111,223,117,58,19,0,0
BOOZECA01,2009,Carlos,Boozer,UTA,N,78,2673,1519,181,693,874,247,84,36,212,270,1098,617,384,285,0,0
BOSHCH01,2009,Chris,Bosh,TOR,N,70,2526,1678,205,554,759,166,43,68,169,170,1158,600,590,470,22,8
BOWENRY01,2009,Ryan,Bowen,OKC,N,1,8,4,1,1,2,0,1,0,0,2,1,1,2,2,0,0
BOYKIEA01,2009,Earl,Boykins,WAS,N,67,1117,440,17,58,75,171,24,3,69,48,403,172,89,77,60,19
BRANDEL01,2009,Elton,Brand,PHI,N,76,2297,996,179,282,461,109,82,80,131,232,858,412,233,172,1,0
BREWECO01,2009,Corey,Brewer,MIN,N,82,2482,1066,70,209,279,193,117,29,164,224,949,409,256,166,237,82
BREWERO02,2009,Ronnie,Brewer,MEM,N,5,80,10,1,6,7,3,6,0,2,0,13,3,5,4,0,0
BREWERO02,2009,Ronnie,Brewer,TOT,N,58,1742,511,45,142,187,154,91,15,53,80,429,209,133,85,31,8
BREWERO02,2009,Ronnie,Brewer,UTA,N,53,1662,501,44,136,180,151,85,15,51,80,416,206,128,81,31,8
BREZEPR01,2009,Primoz,Brezec,TOT,N,21,95,19,12,13,25,1,1,3,2,19,26,9,6,1,0,0
BREZEPR01,2009,Primoz,Brezec,MIL,N,14,59,14,6,7,13,1,0,2,2,10,13,7,4,0,0,0
BREZEPR01,2009,Primoz,Brezec,PHI,N,7,36,5,6,6,12,0,1,1,0,9,13,2,2,1,0,0
BROCKJO01,2009,Jon,Brockman,SAC,N,52,654,147,105,108,213,22,15,5,23,115,103,55,62,37,0,0
BROOKAA01,2009,Aaron,Brooks,HOU,N,82,2919,1604,54,161,215,434,69,14,232,199,1331,575,298,245,525,209
BROWNBO02,2009,Bobby,Brown,LAC,N,23,191,70,8,12,20,42,6,0,22,14,85,28,7,5,32,9
BROWNBO02,2009,Bobby,Brown,NOH,N,22,328,145,1,17,18,46,9,1,24,28,152,60,8,8,66,17
BROWNBO02,2009,Bobby,Brown,TOT,N,45,519,215,9,29,38,88,15,1,46,42,237,88,15,13,98,26
BROWNDE02,2009,Devin,Brown,TOT,N,50,1060,399,29,95,124,65,33,6,62,72,361,136,86,69,164,58
BROWNDE02,2009,Devin,Brown,NOH,N,39,967,379,27,82,109,58,30,5,57,62,325,128,86,69,147,54
BROWNDE02,2009,Devin,Brown,CHI,N,11,93,20,2,13,15,7,3,1,5,10,36,8,0,0,17,4
BROWNDE04,2009,Derrick,Brown,CHR,N,57,535,186,31,47,78,19,21,10,19,53,147,68,72,48,7,2
BROWNKW01,2009,Kwame,Brown,DET,N,48,660,157,53,124,177,22,15,12,43,93,124,62,98,33,1,0
BROWNSH01,2009,Shannon,Brown,LAL,N,82,1700,667,30,153,183,108,57,31,67,129,592,253,121,99,189,62
BRYANKO01,2009,Kobe,Bryant,LAL,N,73,2835,1970,78,313,391,365,113,20,233,187,1569,716,541,439,301,99
BUDINCH01,2009,Chase,Budinger,HOU,N,74,1488,657,38,182,220,88,34,11,48,85,565,249,87,67,249,92
BUTLECA01,2009,Caron,Butler,DAL,N,27,930,410,36,109,145,49,48,9,47,67,357,157,104,79,50,17
BUTLECA01,2009,Caron,Butler,TOT,N,74,2783,1206,104,357,461,156,116,24,160,193,1051,450,315,264,145,42
BUTLECA01,2009,Caron,Butler,WAS,N,47,1853,796,68,248,316,107,68,15,113,126,694,293,211,185,95,25
BUTLERA01,2009,Rasual,Butler,LAC,N,82,2702,979,39,201,240,116,36,68,79,121,870,356,145,122,432,145
BYNUMAN01,2009,Andrew,Bynum,LAL,N,65,1977,977,177,364,541,68,35,94,115,193,688,392,261,193,1,0
BYNUMWI01,2009,Will,Bynum,DET,N,63,1667,628,24,118,142,283,55,7,115,143,534,237,178,142,55,12
CALDEJO01,2009,Jose,Calderon,TOR,N,68,1817,699,23,119,142,404,47,7,99,135,568,274,104,83,171,68
CAMBYMA01,2009,Marcus,Camby,POR,N,23,718,162,83,172,255,35,26,47,27,56,145,72,31,18,1,0
CAMBYMA01,2009,Marcus,Camby,LAC,N,51,1596,394,166,450,616,151,69,99,64,105,356,166,91,60,6,2
CAMBYMA01,2009,Marcus,Camby,TOT,N,74,2314,556,249,622,871,186,95,146,91,161,501,238,122,78,7,2
CARDIBR01,2009,Brian,Cardinal,MIN,N,29,267,48,7,22,29,24,9,3,7,56,36,14,18,17,9,3
CARNERO01,2009,Rodney,Carney,PHI,N,68,857,319,26,111,137,37,25,20,21,79,282,113,63,52,135,41
CARRODE01,2009,DeMarre,Carroll,MEM,N,71,795,209,53,97,150,33,28,9,24,107,222,88,53,33,6,0
CARROMA01,2009,Matt,Carroll,DAL,N,25,121,46,4,8,12,6,5,0,7,13,50,18,6,6,19,4
CARTEAN01,2009,Anthony,Carter,DEN,N,54,859,180,17,72,89,160,39,13,58,72,181,76,13,11,63,17
CARTEVI01,2009,Vince,Carter,ORL,N,75,2310,1244,33,260,293,236,53,18,106,189,1015,434,306,257,324,119
CASSPOM01,2009,Omri,Casspi,SAC,N,77,1931,792,75,274,349,95,54,17,98,125,672,300,174,117,203,75
CHALMMA01,2009,Mario,Chalmers,MIA,N,73,1807,521,25,110,135,246,91,12,123,175,454,182,110,82,236,75
CHANDTY01,2009,Tyson,Chandler,CHR,N,51,1163,333,114,206,320,16,17,55,91,138,190,109,157,115,0,0
CHANDWI01,2009,Wilson,Chandler,NYK,N,65,2320,993,93,255,348,138,46,49,108,184,860,412,160,129,150,40
CLARKEA01,2009,Earl,Clark,PHO,N,51,383,140,18,44,62,21,7,13,23,25,151,56,36,26,5,2
COLLIDA01,2009,Darren,Collison,NOH,N,76,2109,946,41,151,192,432,78,4,202,92,789,376,174,148,115,46
COLLIJA03,2009,Jason,Collins,ATL,N,24,115,16,5,9,14,4,3,2,5,21,23,8,2,0,1,0
COLLIJA04,2009,Jarron,Collins,PHO,N,34,260,34,22,40,62,6,2,3,10,42,31,12,25,10,0,0
COLLIMA01,2009,Mardy,Collins,LAC,N,43,470,111,13,37,50,44,23,1,32,45,128,47,21,13,17,4
COLLINI01,2009,Nick,Collison,OKC,N,75,1557,439,152,232,384,38,37,48,63,230,309,182,107,74,4,1
CONLEMI01,2009,Mike,Conley,MEM,N,80,2569,959,30,161,191,425,109,12,170,178,830,369,187,139,212,82
CONROWI01,2009,Will,Conroy,HOU,N,5,36,6,0,3,3,7,0,0,4,5,10,3,2,0,3,0
COOKBR01,2009,Brian,Cook,HOU,N,15,44,21,1,8,9,1,0,2,6,5,23,7,7,5,9,2
COOKDA02,2009,Daequan,Cook,MIA,N,45,691,223,9,73,82,43,14,10,24,50,253,81,25,21,126,40
CRAWFJA01,2009,Jamal,Crawford,ATL,N,79,2460,1425,34,167,201,238,61,12,137,132,1105,496,315,270,427,163
CUNNIDA01,2009,Dante,Cunningham,POR,N,63,707,243,54,106,160,14,24,22,15,97,214,106,48,31,2,0
CURRYED01,2009,Eddy,Curry,NYK,N,7,62,26,4,9,13,0,0,1,13,13,21,8,17,10,0,0
CURRYJA01,2009,JamesOn,Curry,LAC,N,1,0,0,0,0,0,0,0,0,0,0,0,0,0,0,0,0
CURRYST01,2009,Stephen,Curry,GSW,N,80,2896,1399,48,308,356,472,152,19,244,252,1143,528,200,177,380,166
DALEMSA01,2009,Samuel,Dalembert,PHI,N,82,2124,667,239,545,784,64,42,151,123,252,523,285,133,97,0,0
DAMPIER01,2009,Erick,Dampier,DAL,N,55,1280,328,128,272,400,31,15,77,61,153,213,133,101,61,3,1
DANIEMA01,2009,Marquis,Daniels,BOS,N,51,937,288,27,68,95,66,27,6,42,91,249,124,56,34,28,6
DAVISBA01,2009,Baron,Davis,LAC,N,75,2523,1145,52,214,266,598,126,43,211,210,1015,412,291,239,296,82
DAVISGL01,2009,Glen,Davis,BOS,N,54,933,340,101,104,205,35,21,14,53,132,279,122,138,96,4,0
DAVISPA01,2009,Paul,Davis,WAS,N,2,8,5,0,0,0,3,0,1,0,0,4,2,2,1,0,0
DAVISRI01,2009,Ricky,Davis,LAC,N,36,499,158,10,47,57,39,11,3,29,39,143,62,31,18,42,16
DAYEAU01,2009,Austin,Daye,DET,N,69,915,349,34,140,174,34,25,26,48,114,295,137,56,46,95,29
DELFICA01,2009,Carlos,Delfino,MIL,N,75,2279,825,51,343,394,202,80,21,119,138,732,299,119,93,365,134
DENGLU01,2009,Luol,Deng,CHI,N,70,2651,1230,131,381,512,143,66,61,134,129,1014,473,330,252,83,32
DEROZDE01,2009,DeMar,DeRozan,TOR,N,77,1664,662,66,157,223,53,43,18,62,176,512,255,194,148,16,4
DIAWAYA01,2009,Yakhouba,Diawara,MIA,N,6,44,5,1,3,4,3,1,0,3,8,10,2,0,0,6,1
DIAWBO01,2009,Boris,Diaw,CHR,N,82,2906,925,131,293,424,325,60,57,178,219,773,373,147,113,206,66
DIENETR01,2009,Travis,Diener,POR,N,5,26,3,0,1,1,4,1,0,0,1,4,1,2,1,2,0
DIENETR01,2009,Travis,Diener,IND,N,4,25,3,0,2,2,4,3,0,0,1,6,1,2,0,5,1
DIENETR01,2009,Travis,Diener,TOT,N,9,51,6,0,3,3,8,4,0,0,2,10,2,4,1,7,1
DIOPDE01,2009,DeSagana,Diop,CHR,N,27,262,32,24,41,65,5,5,14,12,31,29,15,9,2,0,0
DOOLIKE01,2009,Keyon,Dooling,NJN,N,53,971,364,8,46,54,135,34,0,59,82,324,129,61,47,157,59
DORSEJO01,2009,Joey,Dorsey,HOU,N,7,54,11,11,14,25,2,2,1,4,12,11,5,2,1,0,0
DORSEJO01,2009,Joey,Dorsey,SAC,N,8,52,12,5,13,18,0,1,1,2,9,9,4,10,4,0,0
DORSEJO01,2009,Joey,Dorsey,TOT,N,15,106,23,16,27,43,2,3,2,6,21,20,9,12,5,0,0
DOUGLCH01,2009,Chris,Douglas-Roberts,NJN,N,67,1730,657,45,153,198,93,55,19,97,101,573,255,157,133,54,14
DOUGLTO01,2009,Toney,Douglas,NYK,N,56,1087,481,40,68,108,112,42,3,55,116,391,179,68,55,175,68
DRAGIGO01,2009,Goran,Dragic,PHO,N,80,1442,635,38,133,171,241,48,8,126,131,491,222,159,117,188,74
DUDLEJA01,2009,Jared,Dudley,PHO,N,82,1991,674,99,182,281,115,81,16,68,162,490,225,138,104,262,120
DUHONCH01,2009,Chris,Duhon,NYK,N,67,2072,494,28,150,178,378,59,3,110,83,451,168,95,68,258,90
DUNCATI01,2009,Tim,Duncan,SAS,N,78,2438,1395,221,567,788,246,45,117,140,152,1082,561,374,271,11,2
DUNLEMI02,2009,Mike,Dunleavy,IND,N,67,1486,666,25,211,236,103,38,15,72,105,558,229,158,133,236,75
DURANKE01,2009,Kevin,Durant,OKC,N,82,3239,2472,105,518,623,231,112,84,271,171,1668,794,840,756,351,128
ELLINWA01,2009,Wayne,Ellington,MIN,N,76,1384,505,33,126,159,74,20,5,74,72,448,190,70,61,162,64
ELLISMO01,2009,Monta,Ellis,GSW,N,64,2647,1631,47,210,257,340,143,25,243,189,1406,631,388,292,228,77
ELSONFR01,2009,Francisco,Elson,MIL,N,11,62,10,5,8,13,2,1,0,1,7,13,4,2,2,0,0
ELSONFR01,2009,Francisco,Elson,PHI,N,1,4,2,1,0,1,0,0,0,0,0,2,1,3,0,0,0
ELSONFR01,2009,Francisco,Elson,TOT,N,12,66,12,6,8,14,2,1,0,1,7,15,5,5,2,0,0
EVANSMA01,2009,Maurice,Evans,ATL,N,79,1317,453,59,95,154,48,34,17,20,125,393,175,61,46,169,57
EVANSRE01,2009,Reggie,Evans,TOR,N,28,311,95,30,75,105,8,14,4,22,44,69,34,60,27,0,0
EVANSTY01,2009,Tyreke,Evans,SAC,N,72,2677,1450,66,314,380,414,109,26,216,204,1165,533,465,348,141,36
FARMAJO01,2009,Jordan,Farmar,LAL,N,82,1474,591,14,117,131,127,52,11,72,109,515,224,85,57,229,86
FELTORA01,2009,Raymond,Felton,CHR,N,80,2643,968,53,235,288,446,123,22,168,172,846,388,173,132,156,60
FERNARU01,2009,Rudy,Fernandez,POR,N,62,1441,503,35,129,164,127,62,11,72,87,423,160,98,85,266,98
FESENKY01,2009,Kyrylo,Fesenko,UTA,N,49,408,128,33,57,90,15,6,19,24,78,95,52,57,24,1,0
FINLEMI01,2009,Michael,Finley,SAS,N,25,395,93,5,33,38,19,6,4,13,12,97,37,9,6,41,13
FINLEMI01,2009,Michael,Finley,BOS,N,21,314,109,1,32,33,24,4,2,8,21,87,44,6,2,41,19
FINLEMI01,2009,Michael,Finley,TOT,N,46,709,202,6,65,71,43,10,6,21,33,184,81,15,8,82,32
FISHEDE01,2009,Derek,Fisher,LAL,N,82,2227,615,25,145,170,201,90,9,78,202,558,212,132,113,224,78
FLYNNJO01,2009,Jonny,Flynn,MIN,N,81,2339,1094,24,167,191,356,82,2,233,98,952,397,270,223,215,77
FORDTJ01,2009,T.J.,Ford,IND,N,47,1189,484,41,108,149,180,44,11,90,102,418,186,135,104,50,8
FOSTEJE01,2009,Jeff,Foster,IND,N,16,255,49,34,47,81,21,3,4,14,45,46,22,9,5,1,0
FOYERA01,2009,Randy,Foye,WAS,N,70,1667,704,16,114,130,228,33,10,94,123,619,256,145,129,182,63
FRYECH01,2009,Channing,Frye,PHO,N,81,2190,904,66,361,427,113,64,74,73,263,703,317,121,98,392,172
GADZUDA01,2009,Dan,Gadzuric,MIL,N,32,314,88,38,54,92,12,9,13,15,63,89,39,25,10,0,0
GAINESU01,2009,Sundiata,Gaines,UTA,N,32,217,106,6,23,29,39,12,0,14,17,82,38,46,23,26,7
GALLIDA01,2009,Danilo,Gallinari,NYK,N,81,2747,1221,65,333,398,135,75,58,110,191,927,392,307,251,488,186
GARCIFR01,2009,Francisco,Garcia,SAC,N,25,575,202,11,55,66,45,10,19,21,49,176,82,17,15,59,23
GARNEKE01,2009,Kevin,Garnett,BOS,N,69,2060,990,78,428,506,185,68,57,101,170,772,402,221,185,5,1
GASOLMA01,2009,Marc,Gasol,MEM,N,69,2469,1008,208,432,640,165,69,109,135,254,651,378,376,252,1,0
GASOLPA01,2009,Pau,Gasol,LAL,N,65,2403,1190,243,491,734,218,37,113,143,152,844,452,362,286,5,0
GAYRU01,2009,Rudy,Gay,MEM,N,80,3175,1567,115,357,472,153,118,64,169,201,1288,600,400,301,202,66
GEEAL01,2009,Alonzo,Gee,WAS,N,11,182,81,15,18,33,7,7,1,10,13,59,28,29,18,9,7
GEORGDE01,2009,Devean,George,GSW,N,45,761,242,21,93,114,32,41,10,15,89,206,89,23,16,123,48
GIBSODA01,2009,Daniel,Gibson,CLE,N,56,1068,355,13,60,73,70,25,7,36,79,268,125,49,34,149,71
GIBSOTA01,2009,Taj,Gibson,CHI,N,82,2204,735,226,385,611,70,50,104,114,282,629,311,175,113,0,0
GIDDEJR01,2009,J.R.,Giddens,BOS,N,21,99,24,4,16,20,6,4,1,7,10,21,9,12,6,2,0
GIDDEJR01,2009,J.R.,Giddens,NYK,N,11,140,45,12,19,31,7,5,1,10,19,39,19,11,7,8,0
GIDDEJR01,2009,J.R.,Giddens,TOT,N,32,239,69,16,35,51,13,9,2,17,29,60,28,23,13,10,0
GILDETR01,2009,Trey,Gilder,MEM,N,2,5,2,0,1,1,0,1,0,0,0,1,1,0,0,0,0
GINOBEM01,2009,Manu,Ginobili,SAS,N,75,2150,1237,68,216,284,370,103,24,154,154,903,398,355,309,350,132
GOMESRY01,2009,Ryan,Gomes,MIN,N,76,2210,832,76,272,348,124,62,16,95,155,732,327,126,104,199,74
GOODEDR01,2009,Drew,Gooden,LAC,N,24,725,355,84,142,226,21,15,8,52,65,266,131,101,93,2,0
GOODEDR01,2009,Drew,Gooden,DAL,N,46,1030,408,123,193,316,26,26,50,56,129,336,157,115,93,6,1
GOODEDR01,2009,Drew,Gooden,TOT,N,70,1755,763,207,335,542,47,41,58,108,194,602,288,216,186,8,1
GORDOBE01,2009,Ben,Gordon,DET,N,62,1730,855,26,93,119,166,49,6,118,147,699,291,230,198,234,75
GORDOER01,2009,Eric,Gordon,LAC,N,62,2229,1045,25,135,160,186,69,14,144,96,784,352,299,222,321,119
GORTAMA01,2009,Marcin,Gortat,ORL,N,81,1088,293,104,237,341,17,17,70,46,138,227,121,75,51,3,0
GRAHAJO01,2009,Joey,Graham,DEN,N,63,759,266,39,84,123,22,23,7,43,104,202,105,73,54,13,2
GRAHAST01,2009,Stephen,Graham,CHR,N,70,804,296,24,111,135,23,20,10,36,94,240,119,65,42,50,16
GRANGDA01,2009,Danny,Granger,IND,N,62,2278,1497,67,275,342,171,94,51,157,183,1139,488,428,363,438,158
GRAYAA01,2009,Aaron,Gray,NOH,N,24,261,86,40,50,90,20,9,11,17,44,61,34,21,18,0,0
GRAYAA01,2009,Aaron,Gray,CHI,N,8,50,18,5,11,16,2,0,0,1,10,21,8,7,2,0,0
GRAYAA01,2009,Aaron,Gray,TOT,N,32,311,104,45,61,106,22,9,11,18,54,82,42,28,20,0,0
GREENDA02,2009,Danny,Green,CLE,N,20,115,40,8,9,17,5,6,3,5,9,39,15,6,4,22,6
GREENDO01,2009,Donte,Greene,SAC,N,76,1630,647,53,181,234,71,41,53,93,150,553,244,140,90,183,69
GREENJE02,2009,Jeff,Green,OKC,N,82,3043,1239,112,378,490,134,104,72,135,221,1070,485,223,165,312,104
GREENWI01,2009,Willie,Green,PHI,N,73,1553,638,20,109,129,152,32,11,67,135,543,248,114,95,136,47
GRIFFTA01,2009,Taylor,Griffin,PHO,N,8,32,10,0,2,2,1,0,2,1,4,10,4,4,2,2,0
HADDAHA01,2009,Hamed,Haddadi,MEM,N,36,240,62,26,49,75,10,1,14,20,57,62,24,19,14,3,0
HAIRSMA01,2009,Malik,Hairston,SAS,N,47,317,99,13,36,49,16,4,9,11,29,76,40,30,17,11,2
HAISLMA01,2009,Marcus,Haislip,SAS,N,10,44,25,4,6,10,0,0,2,3,5,21,10,5,2,5,3
HAMILRI01,2009,Richard,Hamilton,DET,N,46,1552,831,30,92,122,202,30,3,115,115,717,293,241,204,138,41
HANSBTY01,2009,Tyler,Hansbrough,IND,N,29,511,246,60,78,138,28,17,8,21,70,225,81,113,84,4,0
HARDEJA01,2009,James,Harden,OKC,N,76,1738,753,47,197,244,137,80,20,106,200,578,233,240,194,248,93
HARRIAL01,2009,Al,Harrington,NYK,N,72,2195,1276,88,317,405,110,62,26,132,209,1030,448,317,240,409,140
HARRIDE01,2009,Devin,Harris,NJN,N,64,2221,1080,24,179,203,423,79,18,181,178,884,356,386,308,217,60
HARRIMI01,2009,Mike,Harris,HOU,N,8,82,25,9,11,20,3,4,1,9,10,27,10,9,5,1,0
HARRIMI01,2009,Mike,Harris,TOT,N,13,96,29,10,14,24,3,5,1,9,14,30,11,11,7,1,0
HARRIMI01,2009,Mike,Harris,WAS,N,5,14,4,1,3,4,0,1,0,0,4,3,1,2,2,0,0
HARTJA01,2009,Jason,Hart,TOT,N,5,22,2,0,2,2,6,2,1,3,4,2,1,0,0,0,0
HARTJA01,2009,Jason,Hart,NOH,N,4,17,2,0,2,2,5,1,1,3,4,1,1,0,0,0,0
HARTJA01,2009,Jason,Hart,MIN,N,1,5,0,0,0,0,1,1,0,0,0,1,0,0,0,0,0
HASLEUD01,2009,Udonis,Haslem,MIA,N,78,2177,771,167,462,629,52,30,23,75,174,632,312,193,147,0,0
HASSETR01,2009,Trenton,Hassell,NJN,N,52,1106,232,56,96,152,50,17,9,47,91,219,90,69,52,5,0
HAWESSP01,2009,Spencer,Hawes,SAC,N,72,1904,723,145,291,436,158,32,83,131,200,666,312,106,73,87,26
HAYESCH01,2009,Chuck,Hayes,HOU,N,82,1773,358,151,314,465,139,73,43,74,219,329,161,66,36,0,0
HAYESJA01,2009,Jarvis,Hayes,NJN,N,45,1032,350,9,99,108,40,29,9,28,91,328,138,18,14,179,60
HAYWOBR01,2009,Brendan,Haywood,DAL,N,28,741,226,78,130,208,25,8,57,32,64,156,88,87,50,1,0
HAYWOBR01,2009,Brendan,Haywood,TOT,N,77,2355,704,278,437,715,43,26,158,99,209,491,276,245,152,1,0
HAYWOBR01,2009,Brendan,Haywood,WAS,N,49,1614,478,200,307,507,18,18,101,67,145,335,188,158,102,0,0
HEADLU01,2009,Luther,Head,IND,N,47,813,357,6,74,80,72,18,9,54,53,311,136,58,48,105,37
HENDEGE02,2009,Gerald,Henderson,CHR,N,43,355,113,15,40,55,13,10,9,14,25,104,37,47,35,19,4
HIBBERO01,2009,Roy,Hibbert,IND,N,81,2035,946,177,287,464,158,30,131,145,285,782,387,224,169,6,3
HICKSJJ01,2009,J.J.,Hickson,CLE,N,81,1691,689,110,290,400,40,36,39,92,132,522,289,163,111,1,0
HILARMA01,2009,Nene,Hilario,DEN,N,82,2755,1135,166,461,627,203,115,82,125,281,717,421,416,293,2,0
HILLGE01,2009,George,Hill,SAS,N,78,2276,964,42,163,205,226,69,26,101,222,738,353,237,183,188,75
HILLGR01,2009,Grant,Hill,PHO,N,81,2430,912,74,371,445,193,60,36,108,165,703,336,251,205,80,35
HILLJO01,2009,Jordan,Hill,NYK,N,24,252,97,32,29,61,7,10,9,12,37,92,41,21,15,2,0
HILLJO01,2009,Jordan,Hill,HOU,N,23,372,147,44,70,114,13,4,12,18,55,109,58,47,31,0,0
HILLJO01,2009,Jordan,Hill,TOT,N,47,624,244,76,99,175,20,14,21,30,92,201,99,68,46,2,0
HINRIKI01,2009,Kirk,Hinrich,CHI,N,74,2481,805,24,236,260,330,85,24,113,204,753,308,113,85,280,104
HOLIDJR01,2009,Jrue,Holiday,PHI,N,73,1767,587,56,135,191,280,79,18,156,153,520,230,86,65,159,62
HOLLIRY01,2009,Ryan,Hollins,MIN,N,73,1223,447,79,128,207,51,19,38,95,199,303,169,158,109,1,0
HORFOAL01,2009,Al,Horford,ATL,N,81,2845,1148,236,563,799,189,59,91,122,225,847,467,270,213,1,1
HOUSEED01,2009,Eddie,House,BOS,N,50,846,358,7,62,69,48,28,7,27,61,322,129,40,36,167,64
HOUSEED01,2009,Eddie,House,NYK,N,18,371,115,6,34,40,37,12,0,20,20,133,44,12,12,60,15
HOUSEED01,2009,Eddie,House,TOT,N,68,1217,473,13,96,109,85,40,7,47,81,455,173,52,48,227,79
HOWARDW01,2009,Dwight,Howard,ORL,N,82,2843,1503,284,798,1082,144,75,228,274,287,834,510,816,483,7,0
HOWARJO01,2009,Josh,Howard,DAL,N,31,827,388,26,86,112,44,23,9,43,78,342,137,119,94,75,20
HOWARJO01,2009,Josh,Howard,TOT,N,35,918,446,30,95,125,48,26,11,46,91,388,157,139,109,86,23
HOWARJO01,2009,Josh,Howard,WAS,N,4,91,58,4,9,13,4,3,2,3,13,46,20,20,15,11,3
HOWARJU01,2009,Juwan,Howard,POR,N,73,1632,437,108,227,335,61,27,10,72,191,375,191,70,55,1,0
HUDSOLE01,2009,Lester,Hudson,MEM,N,9,61,36,4,6,10,5,5,1,5,5,35,14,7,6,11,2
HUDSOLE01,2009,Lester,Hudson,BOS,N,16,70,22,3,5,8,8,3,2,9,7,18,7,6,5,5,3
HUDSOLE01,2009,Lester,Hudson,TOT,N,25,131,58,7,11,18,13,8,3,14,12,53,21,13,11,16,5
HUGHELA01,2009,Larry,Hughes,TOT,N,45,1115,411,23,119,142,137,52,15,75,70,386,137,113,94,139,43
HUGHELA01,2009,Larry,Hughes,CHR,N,14,295,114,7,25,32,28,12,4,19,17,107,35,34,29,42,15
HUGHELA01,2009,Larry,Hughes,NYK,N,31,820,297,16,94,110,109,40,11,56,53,279,102,79,65,97,28
HUMPHKR01,2009,Kris,Humphries,NJN,N,44,906,356,82,201,283,25,29,37,53,102,293,127,146,102,1,0
HUMPHKR01,2009,Kris,Humphries,DAL,N,25,315,131,38,57,95,7,7,11,13,43,115,53,44,25,0,0
HUMPHKR01,2009,Kris,Humphries,TOT,N,69,1221,487,120,258,378,32,36,48,66,145,408,180,190,127,1,0
HUNTECH01,2009,Chris,Hunter,GSW,N,60,783,270,56,111,167,37,13,35,30,132,217,109,69,52,4,0
HUNTELI01,2009,Lindsey,Hunter,CHI,N,13,122,13,1,13,14,9,1,0,4,12,30,5,2,2,13,1
HUNTEOT01,2009,Othello,Hunter,ATL,N,7,33,11,6,6,12,0,0,1,3,5,12,4,4,3,0,0
HUNTEST01,2009,Steven,Hunter,MEM,N,21,158,53,18,24,42,0,1,10,9,10,43,17,36,19,0,0
IBAKASE01,2009,Serge,Ibaka,OKC,N,73,1323,461,138,259,397,10,25,97,68,194,370,201,92,58,2,1
IGUODAN01,2009,Andre,Iguodala,PHI,N,82,3192,1401,82,447,529,472,141,55,218,145,1120,496,430,315,303,94
ILGAUZY01,2009,Zydrunas,Ilgauskas,CLE,N,64,1339,474,114,231,345,48,14,50,63,183,438,194,101,75,23,11
ILYASER01,2009,Ersan,Ilyasova,MIL,N,81,1898,840,157,360,517,84,53,23,71,251,729,323,158,113,241,81
IVERSAL01,2009,Allen,Iverson,MEM,N,3,67,37,1,3,4,11,1,0,7,5,26,15,12,6,1,1
IVERSAL01,2009,Allen,Iverson,PHI,N,25,798,348,15,60,75,102,18,2,57,43,290,121,119,98,24,8
IVERSAL01,2009,Allen,Iverson,TOT,N,28,865,385,16,63,79,113,19,2,64,48,316,136,131,104,25,9
IVEYRO01,2009,Royal,Ivey,TOT,N,44,326,93,6,28,34,27,19,2,11,39,83,35,12,9,35,14
IVEYRO01,2009,Royal,Ivey,PHI,N,26,236,70,5,21,26,17,10,2,5,25,55,26,7,6,24,12
IVEYRO01,2009,Royal,Ivey,MIL,N,18,90,23,1,7,8,10,9,0,6,14,28,9,5,3,11,2
JACKJA01,2009,Jarrett,Jack,TOR,N,82,2243,931,30,192,222,413,60,6,163,151,671,323,241,203,199,82
JACKSCE01,2009,Cedric,Jackson,SAS,N,3,25,7,1,3,4,6,3,2,2,2,7,2,4,3,2,0
JACKSCE01,2009,Cedric,Jackson,CLE,N,5,10,1,0,1,1,2,0,0,1,0,2,0,4,1,1,0
JACKSCE01,2009,Cedric,Jackson,TOT,N,12,74,20,2,6,8,14,3,2,11,7,20,6,12,7,6,1
JACKSCE01,2009,Cedric,Jackson,WAS,N,4,39,12,1,2,3,6,0,0,8,5,11,4,4,3,3,1
JACKSDA01,2009,Darnell,Jackson,CLE,N,27,114,21,8,12,20,4,2,4,13,19,25,8,6,4,3,1
JACKSDA01,2009,Darnell,Jackson,MIL,N,1,8,2,1,1,2,0,0,0,0,2,5,1,0,0,1,0
JACKSDA01,2009,Darnell,Jackson,TOT,N,28,122,23,9,13,22,4,2,4,13,21,30,9,6,4,4,1
JACKSST02,2009,Stephen,Jackson,TOT,N,81,3129,1667,78,323,401,300,132,43,259,197,1418,600,434,338,393,129
JACKSST02,2009,Stephen,Jackson,GSW,N,9,300,149,6,29,35,42,14,6,26,16,133,56,37,26,40,11
JACKSST02,2009,Stephen,Jackson,CHR,N,72,2829,1518,72,294,366,258,118,37,233,181,1285,544,397,312,353,118
JAMESLE01,2009,LeBron,James,CLE,N,76,2966,2258,71,483,554,651,125,77,261,119,1528,768,773,593,387,129
JAMESMI01,2009,Mike,James,WAS,N,4,46,18,1,2,3,5,3,0,5,3,20,6,8,4,6,2
JAMISAN01,2009,Antawn,Jamison,WAS,N,41,1595,840,99,263,362,52,43,9,61,112,700,315,217,152,168,58
JAMISAN01,2009,Antawn,Jamison,CLE,N,25,811,395,37,156,193,32,28,12,30,67,336,163,83,42,79,27
JAMISAN01,2009,Antawn,Jamison,TOT,N,66,2406,1235,136,419,555,84,71,21,91,179,1036,478,300,194,247,85
JAWAINA01,2009,Nathan,Jawai,MIN,N,39,412,124,49,55,104,24,10,9,27,58,111,49,38,26,1,0
JEFFEAL01,2009,Al,Jefferson,MIN,N,76,2463,1301,180,523,703,137,63,98,136,205,1125,560,266,181,4,0
JEFFEOT01,2009,Othyus,Jeffers,UTA,N,14,72,37,8,11,19,1,4,0,6,10,29,12,19,13,0,0
JEFFERI01,2009,Richard,Jefferson,SAS,N,81,2520,994,58,298,356,158,45,40,105,178,775,362,287,211,187,59
JEFFRJA01,2009,Jared,Jeffries,NYK,N,52,1462,284,99,124,223,83,53,58,62,157,230,102,93,60,62,20
JEFFRJA01,2009,Jared,Jeffries,HOU,N,18,332,88,31,34,65,18,9,13,14,46,84,36,27,15,9,1
JEFFRJA01,2009,Jared,Jeffries,TOT,N,70,1794,372,130,158,288,101,62,71,76,203,314,138,120,75,71,21
JENNIBR01,2009,Brandon,Jennings,MIL,N,82,2671,1270,49,233,282,470,105,18,200,191,1216,451,273,223,388,145
JEREBJO01,2009,Jonas,Jerebko,DET,N,80,2232,741,194,284,478,58,79,29,82,230,603,290,176,125,115,36
JIANLYI01,2009,Yi,Jianlian,NJN,N,52,1655,623,115,257,372,47,37,52,77,170,563,227,193,154,41,15
JOHNSAM01,2009,Amir,Johnson,TOR,N,82,1453,511,154,241,395,48,44,66,63,255,334,208,149,95,4,0
JOHNSAN02,2009,Anthony,Johnson,ORL,N,31,406,130,8,40,48,63,11,1,26,32,111,49,20,19,39,13
JOHNSJA01,2009,James,Johnson,CHI,N,65,757,256,34,94,128,48,21,43,62,126,210,95,70,51,46,15
JOHNSJO02,2009,Joe,Johnson,ATL,N,76,2886,1619,74,279,353,369,82,5,145,145,1386,635,269,220,350,129
JONESDA02,2009,Dahntay,Jones,IND,N,76,1892,776,48,181,229,150,40,39,129,237,623,287,257,198,32,4
JONESDW02,2009,Dwayne,Jones,PHO,N,2,7,0,0,2,2,0,0,0,0,1,0,0,0,0,0,0
JONESJA02,2009,James,Jones,MIA,N,36,503,146,4,41,45,17,11,4,11,45,119,43,28,23,90,37
JONESSO01,2009,Solomon,Jones,IND,N,52,675,207,51,93,144,32,14,37,40,125,176,78,71,51,3,0
JORDADE01,2009,DeAndre,Jordan,LAC,N,70,1137,336,122,230,352,21,16,62,75,152,238,144,128,48,2,0
KAMANCH01,2009,Chris,Kaman,LAC,N,76,2608,1408,184,520,704,120,37,94,223,213,1202,589,307,230,6,0
KAPONJA01,2009,Jason,Kapono,PHI,N,57,976,324,14,52,66,39,21,6,34,80,301,126,15,9,171,63
KARLCO01,2009,Coby,Karl,GSW,N,4,108,28,4,12,16,15,3,1,6,14,32,11,6,4,11,2
KARLCO01,2009,Coby,Karl,CLE,N,3,5,0,0,2,2,0,0,0,4,0,0,0,0,0,0,0
KARLCO01,2009,Coby,Karl,TOT,N,7,113,28,4,14,18,15,3,1,10,14,32,11,6,4,11,2
KIDDJA01,2009,Jason,Kidd,DAL,N,80,2881,824,48,397,445,724,145,35,195,142,671,284,99,80,414,176
KIRILAN01,2009,Andrei,Kirilenko,UTA,N,58,1681,688,76,188,264,158,83,71,79,102,482,244,234,174,89,26
KORVEKY01,2009,Kyle,Korver,UTA,N,52,952,374,10,101,111,89,26,12,42,76,280,138,49,39,110,59
KOUFOKO01,2009,Kosta,Koufos,UTA,N,36,172,53,16,29,45,6,2,4,15,26,47,22,15,9,0,0
KRSTINE01,2009,Nenad,Krstic,OKC,N,76,1741,639,134,249,383,52,32,45,58,177,560,281,106,76,5,1
LAFAYOL01,2009,Oliver,Lafayette,BOS,N,1,22,7,1,3,4,2,0,0,1,0,6,3,0,0,2,1
LANDRCA01,2009,Carl,Landry,SAC,N,28,1054,504,66,116,182,26,27,17,50,88,379,197,147,109,3,1
LANDRCA01,2009,Carl,Landry,HOU,N,52,1415,839,122,164,286,40,28,46,86,146,552,302,280,235,0,0
LANDRCA01,2009,Carl,Landry,TOT,N,80,2469,1343,188,280,468,66,55,63,136,234,931,499,427,344,3,1
LANDRMA01,2009,Marcus,Landry,TOT,N,18,111,44,5,14,19,0,1,2,6,14,43,16,5,3,28,9
LANDRMA01,2009,Marcus,Landry,NYK,N,17,108,44,5,14,19,0,1,2,6,14,41,16,5,3,26,9
LANDRMA01,2009,Marcus,Landry,BOS,N,1,3,0,0,0,0,0,0,0,0,0,2,0,0,0,2,0
LAWAC01,2009,Acie,Law,CHI,N,12,135,66,3,11,14,16,4,0,12,8,45,21,27,20,12,4
LAWAC01,2009,Acie,Law,CHR,N,9,33,16,0,1,1,3,1,1,3,3,16,5,7,6,1,0
LAWAC01,2009,Acie,Law,GSW,N,5,66,31,0,2,2,7,6,0,2,5,14,9,15,12,3,1
LAWAC01,2009,Acie,Law,TOT,N,26,234,113,3,14,17,26,11,1,17,16,75,35,49,38,16,5
LAWSOTY01,2009,Ty,Lawson,DEN,N,65,1316,542,42,82,124,203,48,2,82,89,390,201,140,106,83,34
LEECO01,2009,Courtney,Lee,NJN,N,71,2375,885,60,192,252,121,93,20,76,130,775,338,153,133,225,76
LEEDA02,2009,David,Lee,NYK,N,81,3019,1640,228,721,949,295,85,40,189,257,1258,686,330,268,8,0
LEWISRA01,2009,Rashard,Lewis,ORL,N,72,2369,1013,62,256,318,107,78,28,108,180,805,350,180,145,423,168
LIVINSH01,2009,Shaun,Livingston,OKC,N,10,130,10,4,16,20,14,5,2,8,9,16,5,0,0,2,0
LIVINSH01,2009,Shaun,Livingston,TOT,N,36,796,250,16,62,78,129,17,11,58,61,201,104,48,42,6,0
LIVINSH01,2009,Shaun,Livingston,WAS,N,26,666,240,12,46,58,115,12,9,50,52,185,99,48,42,4,0
LOPEZBR01,2009,Brook,Lopez,NJN,N,82,3027,1542,270,439,709,187,55,139,204,251,1129,563,509,416,2,0
LOPEZRO01,2009,Robin,Lopez,PHO,N,51,986,430,104,144,248,7,10,53,41,117,291,171,125,88,0,0
LOVEKE01,2009,Kevin,Love,MIN,N,60,1714,842,227,431,658,136,43,23,117,136,646,291,276,225,106,35
LOWRYKY01,2009,Kyle,Lowry,HOU,N,68,1651,620,91,156,247,305,60,9,116,173,464,184,260,215,136,37
MAGGECO01,2009,Corey,Maggette,GSW,N,70,2081,1387,92,281,373,172,52,4,168,231,886,457,551,460,50,13
MAGLOJA01,2009,Jamaal,Magloire,MIA,N,36,359,77,41,80,121,1,9,11,17,59,56,28,59,21,0,0
MAHINIA01,2009,Ian,Mahinmi,SAS,N,26,165,101,13,39,52,2,3,8,15,32,55,35,47,31,0,0
MARIOSH01,2009,Shawn,Marion,DAL,N,75,2385,898,158,319,477,107,69,61,99,141,778,395,139,105,19,3
MARKSSE01,2009,Sean,Marks,NOH,N,14,75,10,14,9,23,2,0,3,2,17,8,4,5,2,0,0
MARTICA01,2009,Cartier,Martin,GSW,N,10,276,90,17,30,47,9,8,0,13,36,88,32,21,16,31,10
MARTICA01,2009,Cartier,Martin,TOT,N,18,390,141,25,43,68,16,11,1,19,48,136,50,30,24,49,17
MARTICA01,2009,Cartier,Martin,WAS,N,8,114,51,8,13,21,7,3,1,6,12,48,18,9,8,18,7
MARTIKE01,2009,Kenyon,Martin,DEN,N,58,1986,667,142,404,546,109,72,61,91,186,620,283,167,93,29,8
MARTIKE02,2009,Kevin,Martin,HOU,N,24,859,510,9,61,70,54,23,2,57,45,354,154,185,171,100,31
MARTIKE02,2009,Kevin,Martin,SAC,N,22,774,436,20,74,94,57,23,4,35,51,339,135,155,127,110,39
MARTIKE02,2009,Kevin,Martin,TOT,N,46,1633,946,29,135,164,111,46,6,92,96,693,289,340,298,210,70
MASONDE01,2009,Desmond,Mason,SAC,N,5,66,13,4,9,13,2,1,1,4,5,12,5,4,3,0,0
MASONRO01,2009,Roger,Mason,SAS,N,79,1515,501,11,151,162,137,30,14,59,99,496,193,34,27,264,88
MATTHWE02,2009,Wesley,Matthews,UTA,N,82,2025,769,50,141,191,124,64,15,93,152,565,273,193,160,165,63
MAXIEJA01,2009,Jason,Maxiell,DET,N,76,1550,513,161,240,401,39,36,38,68,175,415,212,155,89,1,0
MAYNOER01,2009,Eric,Maynor,OKC,N,55,906,248,11,80,91,185,27,8,57,82,235,102,39,27,47,17
MAYNOER01,2009,Eric,Maynor,TOT,N,81,1269,382,21,108,129,266,40,10,85,115,368,154,72,52,71,22
MAYNOER01,2009,Eric,Maynor,UTA,N,26,363,134,10,28,38,81,13,2,28,33,133,52,33,25,24,5
MAYOOJ01,2009,O.J.,Mayo,MEM,N,82,3113,1432,61,250,311,242,98,17,176,174,1183,542,262,212,355,136
MAYSE01,2009,Sean,May,SAC,N,37,331,123,20,50,70,17,12,7,19,46,111,51,32,21,4,0
MBAHLU01,2009,Luc,Mbah a Moute,MIL,N,73,1866,453,171,229,400,81,60,39,70,181,369,177,133,93,17,6
MBENGDJ01,2009,Didier,Ilunga-Mbenga,LAL,N,49,355,105,32,55,87,8,5,29,15,54,103,48,19,9,0,0
MCDYEAN01,2009,Antonio,McDyess,SAS,N,77,1617,446,149,306,455,83,43,32,79,147,428,205,57,36,2,0
MCGEEJA01,2009,JaVale,McGee,WAS,N,60,968,386,88,155,243,14,16,101,51,122,307,156,116,74,1,0
MCGRATR01,2009,Tracy,McGrady,NYK,N,24,627,226,22,67,89,93,15,12,43,38,216,84,57,43,62,15
MCGRATR01,2009,Tracy,McGrady,HOU,N,6,46,19,0,5,5,6,0,2,1,2,19,7,6,4,2,1
MCGRATR01,2009,Tracy,McGrady,TOT,N,30,673,245,22,72,94,99,15,14,44,40,235,91,63,47,64,16
MCGUIDO01,2009,Dominic,McGuire,TOT,N,51,307,38,23,56,79,11,5,4,17,35,52,19,7,0,0,0
MCGUIDO01,2009,Dominic,McGuire,SAC,N,10,67,8,6,12,18,3,1,1,7,3,12,4,2,0,0,0
MCGUIDO01,2009,Dominic,McGuire,WAS,N,41,240,30,17,44,61,8,4,3,10,32,40,15,5,0,0,0
MCROBJO01,2009,Josh,McRoberts,IND,N,42,524,179,40,87,127,44,17,16,19,74,146,76,38,19,23,8
MEEKSJO01,2009,Jodie,Meeks,MIL,N,41,486,169,5,67,72,22,13,4,20,33,177,64,21,18,82,23
MEEKSJO01,2009,Jodie,Meeks,PHI,N,19,233,112,4,23,27,17,5,1,5,19,91,40,18,13,50,19
MEEKSJO01,2009,Jodie,Meeks,TOT,N,60,719,281,9,90,99,39,18,5,25,52,268,104,39,31,132,42
MENSAPO01,2009,Pops,Mensah-Bonsu,TOT,N,20,120,39,16,19,35,3,4,9,10,20,33,13,24,13,0,0
MENSAPO01,2009,Pops,Mensah-Bonsu,TOR,N,16,107,34,15,16,31,2,3,8,10,17,29,12,18,10,0,0
MENSAPO01,2009,Pops,Mensah-Bonsu,HOU,N,4,13,5,1,3,4,1,1,1,0,3,4,1,6,3,0,0
MILESCJ01,2009,C.J.,Miles,UTA,N,63,1497,622,42,126,168,105,58,17,81,190,562,241,95,66,217,74
MILICDA01,2009,Darko,Milicic,MIN,N,24,614,199,42,91,133,43,18,33,33,75,187,92,28,15,1,0
MILICDA01,2009,Darko,Milicic,NYK,N,8,71,16,5,13,18,4,4,1,2,7,17,8,0,0,0,0
MILICDA01,2009,Darko,Milicic,TOT,N,32,685,215,47,104,151,47,22,34,35,82,204,100,28,15,1,0
MILLEAN02,2009,Andre,Miller,POR,N,82,2500,1146,81,185,266,445,93,9,173,169,908,404,392,322,80,16
MILLEBR01,2009,Brad,Miller,CHI,N,82,1950,719,83,316,399,154,44,29,107,189,581,250,220,182,132,37
MILLEMI01,2009,Mike,Miller,WAS,N,54,1805,586,55,281,336,213,39,12,115,131,433,217,85,70,171,82
MILLSPA01,2009,Paul,Millsap,UTA,N,82,2277,954,186,373,559,131,64,99,116,285,716,385,264,183,9,1
MILLSPA02,2009,Patrick,Mills,POR,N,10,38,26,1,1,2,5,0,0,4,6,24,10,7,4,4,2
MOHAMNA01,2009,Nazr,Mohammed,CHR,N,58,984,459,114,190,304,28,15,43,53,105,342,189,125,81,0,0
MOONJA01,2009,Jamario,Moon,CLE,N,61,1052,296,26,165,191,49,34,30,23,69,247,114,45,36,100,32
MOOREMI01,2009,Mikki,Moore,GSW,N,23,406,115,26,43,69,36,5,13,21,60,90,54,11,7,0,0
MORRIAD01,2009,Adam,Morrison,LAL,N,31,241,74,10,22,32,18,3,2,10,17,85,32,8,5,21,5
MORRIRA01,2009,Randolph,Morris,ATL,N,28,124,62,10,28,38,2,5,3,12,34,41,23,27,16,0,0
MORROAN01,2009,Anthony,Morrow,GSW,N,69,2018,899,61,198,259,104,65,16,84,158,703,329,114,101,307,140
MULLEBY01,2009,Byron,Mullens,OKC,N,13,54,14,3,7,10,1,2,0,4,13,19,7,0,0,0,0
MURPHTR01,2009,Troy,Murphy,IND,N,72,2344,1050,129,608,737,150,72,34,100,175,813,384,193,154,333,128
MURRARO01,2009,Ronald,Murray,CHR,N,46,993,454,15,83,98,84,28,12,65,77,411,160,131,93,131,41
MURRARO01,2009,Ronald,Murray,CHI,N,29,680,292,13,72,85,51,18,4,26,49,272,108,63,48,90,28
MURRARO01,2009,Ronald,Murray,TOT,N,75,1673,746,28,155,183,135,46,16,91,126,683,268,194,141,221,69
NAJERED01,2009,Eduardo,Najera,TOT,N,46,685,157,34,81,115,29,26,14,25,94,146,62,24,14,64,19
NAJERED01,2009,Eduardo,Najera,DAL,N,33,481,108,22,55,77,14,17,12,13,61,93,42,12,8,47,16
NAJERED01,2009,Eduardo,Najera,NJN,N,13,204,49,12,26,38,15,9,2,12,33,53,20,12,6,17,3
NASHST01,2009,Steve,Nash,PHO,N,81,2660,1333,34,234,268,892,42,12,295,108,985,499,225,211,291,124
NELSOJA01,2009,Jameer,Nelson,ORL,N,65,1860,818,26,168,194,353,48,2,139,147,706,317,116,98,226,86
NESTERA01,2009,Rasho,Nesterovic,TOR,N,42,413,163,37,52,89,25,10,17,16,54,149,81,5,1,0,0
NOAHJO01,2009,Joakim,Noah,CHI,N,64,1925,687,220,485,705,132,32,100,117,198,520,262,219,163,0,0
NOCIOAN01,2009,Andres,Nocioni,SAC,N,75,1477,635,32,190,222,75,32,26,67,160,587,234,99,71,249,96
NOVAKST01,2009,Steve,Novak,LAC,N,54,362,113,1,32,33,6,7,2,2,21,108,42,9,7,71,22
NOWITDI01,2009,Dirk,Nowitzki,DAL,N,81,3039,2027,80,540,620,218,70,79,149,208,1496,720,586,536,121,51
OBERTFA01,2009,Fabricio,Oberto,WAS,N,57,650,83,34,71,105,51,11,9,36,121,56,35,17,13,0,0
OBRYAPA01,2009,Patrick,O'Bryant,TOR,N,11,51,19,2,9,11,1,2,4,5,12,15,8,6,3,1,0
ODENGR01,2009,Greg,Oden,POR,N,21,502,233,64,114,178,19,8,48,39,84,152,92,64,49,0,0
ODOMLA01,2009,Lamar,Odom,LAL,N,82,2585,882,184,618,802,267,75,59,150,227,739,342,202,140,182,58
OKAFOEM01,2009,Emeka,Okafor,NOH,N,82,2370,850,251,491,742,55,54,127,111,218,656,348,274,154,0,0
OKURME01,2009,Mehmet,Okur,UTA,N,73,2149,988,132,383,515,119,38,81,127,223,775,355,239,196,213,82
OLLIEKE01,2009,Kevin,Ollie,OKC,N,25,263,44,3,22,25,20,9,0,6,16,45,18,8,8,1,0
ONEAJE01,2009,Jermaine,O'Neal,MIA,N,70,1991,950,124,362,486,92,25,95,125,212,745,394,225,162,2,0
ONEASH01,2009,Shaquille,O'Neal,CLE,N,53,1240,636,93,262,355,80,15,62,105,169,463,262,226,112,1,0
OUTLATR01,2009,Travis,Outlaw,POR,N,11,231,109,13,25,38,8,7,8,12,13,101,38,24,21,31,12
OUTLATR01,2009,Travis,Outlaw,LAC,N,23,499,200,20,63,83,26,11,9,20,30,180,72,35,28,74,28
OUTLATR01,2009,Travis,Outlaw,TOT,N,34,730,309,33,88,121,34,18,17,32,43,281,110,59,49,105,40
PACHUZA01,2009,Zaza,Pachulia,ATL,N,78,1089,333,117,176,293,42,37,30,58,186,246,120,143,93,4,0
PARGOJA01,2009,Jannero,Pargo,CHI,N,63,828,344,9,69,78,89,29,2,50,68,381,132,45,42,138,38
PARKEAN01,2009,Anthony,Parker,CLE,N,81,2289,595,30,201,231,157,63,18,71,151,475,206,95,75,261,108
PARKETO01,2009,Tony,Parker,SAS,N,56,1728,894,7,128,135,317,29,8,149,96,716,349,246,186,34,10
PAULCH01,2009,Chris,Paul,NOH,N,45,1712,841,20,171,191,480,96,8,112,118,637,314,190,161,127,52
PECHEOL01,2009,Oleksiy,Pecherov,MIN,N,44,447,197,32,92,124,11,9,14,32,55,188,77,32,29,52,14
PENDEJE02,2009,Jeff,Pendergraph,POR,N,39,405,104,25,73,98,1,7,16,12,76,65,43,20,18,0,0
PERKIKE01,2009,Kendrick,Perkins,BOS,N,78,2154,791,155,440,595,80,26,132,165,219,522,314,280,163,3,0
PETERMO01,2009,Morris,Peterson,NOH,N,46,973,327,17,109,126,42,25,5,27,81,301,116,54,33,171,62
PETROJO01,2009,Johan,Petro,DEN,N,36,435,122,32,97,129,14,10,13,23,80,101,54,21,14,1,0
PIERCPA01,2009,Paul,Pierce,BOS,N,71,2411,1296,39,271,310,218,84,31,166,196,867,409,433,369,263,109
PIETRMI01,2009,Mickael,Pietrus,ORL,N,75,1687,651,39,176,215,49,53,31,69,138,539,233,109,69,306,116
POSEYJA01,2009,James,Posey,NOH,N,77,1731,399,32,297,329,117,42,19,51,204,345,126,80,66,242,81
POWELE01,2009,Leon,Powe,CLE,N,20,236,79,19,42,61,0,6,2,11,36,49,21,63,37,0,0
POWELJO01,2009,Josh,Powell,LAL,N,63,581,169,44,72,116,35,9,6,33,71,194,71,31,20,16,7
PRICEAJ01,2009,A.J.,Price,IND,N,56,865,410,12,76,88,106,35,3,59,53,354,145,75,60,174,60
PRICERO01,2009,Ronnie,Price,UTA,N,60,806,255,28,46,74,123,40,13,56,109,242,98,59,41,63,18
PRINCTA01,2009,Tayshaun,Prince,DET,N,49,1664,661,71,177,248,161,34,22,60,77,580,282,98,70,73,27
PRZYBJO01,2009,Joel,Przybilla,POR,N,30,681,123,72,166,238,8,8,43,39,95,86,45,51,33,0,0
QUINNCH01,2009,Chris,Quinn,NJN,N,25,223,56,1,15,16,29,9,1,10,15,56,20,6,6,32,10
RADMAVL01,2009,Vladimir,Radmanovic,GSW,N,33,758,217,43,106,149,38,26,6,39,79,231,89,21,16,86,23
RADMAVL01,2009,Vladimir,Radmanovic,CHR,N,8,133,39,8,21,29,7,3,1,5,18,42,14,6,4,22,7
RADMAVL01,2009,Vladimir,Radmanovic,TOT,N,41,891,256,51,127,178,45,29,7,44,97,273,103,27,20,108,30
RANDOAN01,2009,Anthony,Randolph,GSW,N,33,749,384,73,142,215,42,28,51,49,92,309,137,136,109,5,1
RANDOSH01,2009,Shavlik,Randolph,POR,N,3,6,4,0,1,1,1,0,0,1,0,3,1,2,2,0,0
RANDOSH01,2009,Shavlik,Randolph,MIA,N,3,47,10,7,6,13,0,1,1,2,9,15,5,0,0,0,0
RANDOSH01,2009,Shavlik,Randolph,TOT,N,6,53,14,7,7,14,1,1,1,3,9,18,6,2,2,0,0
RANDOZA01,2009,Zach,Randolph,MEM,N,81,3051,1681,330,620,950,149,80,34,174,226,1336,652,465,362,52,15
RATLITH01,2009,Theo,Ratliff,SAS,N,21,183,34,15,25,40,9,3,18,16,27,36,16,4,2,0,0
RATLITH01,2009,Theo,Ratliff,CHR,N,28,624,144,44,73,117,16,9,43,25,60,116,54,46,36,0,0
RATLITH01,2009,Theo,Ratliff,TOT,N,49,807,178,59,98,157,25,12,61,41,87,152,70,50,38,0,0
REDDMI01,2009,Michael,Redd,MIL,N,18,492,215,11,43,54,39,19,2,15,24,213,75,66,47,60,18
REDICJJ01,2009,J.J.,Redick,ORL,N,82,1808,788,17,138,155,158,28,4,63,118,553,243,222,191,274,111
RICHACH01,2009,Chris,Richard,CHI,N,18,224,37,19,40,59,7,8,4,14,50,29,15,11,7,0,0
RICHAJA01,2009,Jason,Richardson,PHO,N,79,2485,1239,81,323,404,143,66,33,92,169,998,473,184,136,400,157
RICHAQU01,2009,Quentin,Richardson,MIA,N,76,2082,678,64,310,374,93,70,18,62,169,561,242,71,52,358,142
RIDNOLU01,2009,Luke,Ridnour,MIL,N,82,1759,852,24,119,143,324,54,7,106,182,686,328,140,127,181,69
ROBINNA01,2009,Nate,Robinson,NYK,N,30,733,397,23,49,72,112,27,5,53,66,336,152,54,42,136,51
ROBINNA01,2009,Nate,Robinson,BOS,N,26,382,170,5,33,38,51,22,0,20,50,157,63,13,8,87,36
ROBINNA01,2009,Nate,Robinson,TOT,N,56,1115,567,28,82,110,163,49,5,73,116,493,215,67,50,223,87
RODRISE01,2009,Sergio,Rodriguez,TOT,N,66,1048,434,24,65,89,212,50,5,114,84,351,167,93,68,91,32
RODRISE01,2009,Sergio,Rodriguez,NYK,N,27,531,200,9,30,39,91,21,2,55,38,161,79,31,25,49,17
RODRISE01,2009,Sergio,Rodriguez,SAC,N,39,517,234,15,35,50,121,29,3,59,46,190,88,62,43,42,15
RONDORA01,2009,Rajon,Rondo,BOS,N,81,2963,1110,100,260,360,794,189,11,246,198,904,459,282,175,80,17
ROSEDE01,2009,Derrick,Rose,CHI,N,78,2871,1619,65,228,293,469,57,27,217,96,1373,672,338,259,60,16
ROSSQU01,2009,Quinton,Ross,DAL,N,27,301,54,11,16,27,7,7,4,3,34,56,23,8,5,13,3
ROSSQU01,2009,Quinton,Ross,TOT,N,52,562,92,17,32,49,12,13,6,11,69,111,40,14,8,21,4
ROSSQU01,2009,Quinton,Ross,WAS,N,25,261,38,6,16,22,5,6,2,8,35,55,17,6,3,8,1
ROYBR01,2009,Brandon,Roy,POR,N,65,2419,1398,73,212,285,305,61,16,129,136,1038,491,440,343,221,73
RUSHBR01,2009,Brandon,Rush,IND,N,82,2491,774,41,305,346,112,56,65,93,159,702,297,89,56,302,124
RUSHKA01,2009,Kareem,Rush,LAC,N,7,58,9,1,5,6,4,2,3,3,8,11,4,0,0,3,1
SALMOJO01,2009,John,Salmons,MIL,N,30,1129,596,17,79,96,98,34,4,53,65,443,207,158,137,117,45
SALMOJO01,2009,John,Salmons,CHI,N,51,1695,649,18,156,174,125,65,22,70,101,548,230,147,116,192,73
SALMOJO01,2009,John,Salmons,TOT,N,81,2824,1245,35,235,270,223,99,26,123,166,991,437,305,253,309,118
SCALABR01,2009,Brian,Scalabrine,BOS,N,52,472,78,9,39,48,27,9,4,17,59,85,29,6,4,49,16
SCOLALU01,2009,Luis,Scola,HOU,N,82,2671,1329,175,530,705,169,63,26,163,246,1090,560,267,208,5,1
SEFOLTH01,2009,Thabo,Sefolosha,OKC,N,82,2348,489,76,311,387,145,97,46,90,154,441,194,89,60,131,41
SESSIRA01,2009,Ramon,Sessions,MIN,N,82,1732,674,58,156,214,258,55,5,137,137,555,253,233,167,15,1
SIMMOBO01,2009,Bobby,Simmons,NJN,N,23,395,122,11,52,63,15,15,3,19,52,117,42,20,18,63,20
SINGLJA01,2009,James,Singleton,DAL,N,25,211,59,17,38,55,9,11,7,12,31,64,24,6,6,22,5
SINGLJA01,2009,James,Singleton,TOT,N,57,977,254,108,168,276,31,28,43,49,113,254,97,62,53,37,7
SINGLJA01,2009,James,Singleton,WAS,N,32,766,195,91,130,221,22,17,36,37,82,190,73,56,47,15,2
SKINNBR01,2009,Brian,Skinner,LAC,N,16,123,26,9,18,27,0,3,4,7,20,25,10,8,6,0,0
SMITHCR01,2009,Craig,Smith,LAC,N,75,1232,585,97,190,287,84,33,25,88,194,397,226,208,132,5,1
SMITHJA02,2009,Jason,Smith,PHI,N,56,658,189,54,81,135,33,21,28,35,110,174,75,42,29,29,10
SMITHJO01,2009,Joe,Smith,ATL,N,64,592,194,66,91,157,21,6,19,22,95,193,77,48,39,7,1
SMITHJO03,2009,Josh,Smith,ATL,N,81,2871,1269,223,482,705,342,130,173,198,240,999,504,422,261,7,0
SMITHJR01,2009,J.R.,Smith,DEN,N,75,2076,1156,28,206,234,183,99,20,139,174,1033,428,201,142,467,158
SONGADA01,2009,Darius,Songaila,NOH,N,75,1410,543,59,173,232,70,62,14,81,206,488,241,74,60,6,1
SPEIGMA01,2009,Marreese,Speights,PHI,N,62,1016,532,85,167,252,36,29,34,51,152,444,212,145,108,5,0
STACKJE01,2009,Jerry,Stackhouse,MIL,N,42,855,358,19,81,100,70,21,9,66,56,316,129,69,55,130,45
STEVEDE01,2009,DeShawn,Stevenson,DAL,N,24,267,49,4,22,26,12,5,1,6,23,60,17,10,7,25,8
STEVEDE01,2009,DeShawn,Stevenson,TOT,N,64,883,136,11,80,91,56,16,6,30,74,163,46,35,25,87,19
STEVEDE01,2009,DeShawn,Stevenson,WAS,N,40,616,87,7,58,65,44,11,5,24,51,103,29,25,18,62,11
STOJAPR01,2009,Peja,Stojakovic,NOH,N,62,1947,784,39,188,227,92,48,5,56,83,688,278,107,96,352,132
STOUDAM01,2009,Amare,Stoudemire,PHO,N,82,2838,1896,230,502,732,82,52,83,213,281,1264,704,632,487,6,1
STUCKRO01,2009,Rodney,Stuckey,DET,N,73,2499,1215,67,214,281,348,101,12,163,205,1109,449,359,299,79,18
SUMMEDA01,2009,DaJuan,Summers,DET,N,44,405,134,14,31,45,16,8,7,16,52,130,46,38,27,42,15
TAYLOJE02,2009,Jermaine,Taylor,HOU,N,31,303,128,21,25,46,16,10,3,19,15,119,45,46,33,22,5
TEAGUJE01,2009,Jeff,Teague,ATL,N,71,719,228,5,62,67,122,34,11,50,82,227,90,49,41,32,7
TELFASE01,2009,Sebastian,Telfair,CLE,N,4,77,39,0,4,4,12,2,0,6,6,35,16,6,5,9,2
TELFASE01,2009,Sebastian,Telfair,LAC,N,39,582,169,5,36,41,114,22,5,44,65,166,67,31,24,47,11
TELFASE01,2009,Sebastian,Telfair,TOT,N,43,659,208,5,40,45,126,24,5,50,71,201,83,37,29,56,13
TEMPLGA01,2009,Garrett,Temple,HOU,N,9,118,45,2,12,14,7,4,4,14,16,29,13,24,16,12,3
TEMPLGA01,2009,Garrett,Temple,SAS,N,13,193,80,3,11,14,12,8,2,11,25,64,28,21,14,23,10
TEMPLGA01,2009,Garrett,Temple,SAC,N,5,23,11,1,2,3,2,1,0,2,1,8,3,5,5,2,0
TEMPLGA01,2009,Garrett,Temple,TOT,N,27,334,136,6,25,31,21,13,6,27,42,101,44,50,35,37,13
TERRYJA01,2009,Jason,Terry,DAL,N,77,2540,1280,19,121,140,292,94,17,109,142,1041,456,268,232,373,136
THABEHA01,2009,Hasheem,Thabeet,MEM,N,68,883,208,85,158,243,11,15,89,43,162,131,77,93,54,0,0
THOMAET01,2009,Etan,Thomas,OKC,N,23,321,75,18,46,64,1,4,16,18,39,68,31,22,13,0,0
THOMAKE01,2009,Kenny,Thomas,SAC,N,26,313,41,35,51,86,15,10,10,17,42,35,17,12,7,0,0
THOMAKU01,2009,Kurt,Thomas,MIL,N,70,1049,210,84,207,291,47,26,46,48,159,208,99,15,12,0,0
THOMATI01,2009,Tim,Thomas,DAL,N,18,285,135,13,28,41,14,10,2,14,31,106,49,24,21,43,16
THOMATY01,2009,Tyrus,Thomas,CHI,N,29,678,256,42,141,183,33,40,48,52,64,205,99,90,58,1,0
THOMATY01,2009,Tyrus,Thomas,CHR,N,25,542,252,39,113,152,23,23,37,40,65,215,95,85,62,2,0
THOMATY01,2009,Tyrus,Thomas,TOT,N,54,1220,508,81,254,335,56,63,85,92,129,420,194,175,120,3,0
THOMPJA02,2009,Jason,Thompson,SAC,N,75,2357,939,224,413,637,124,41,73,139,279,784,370,277,198,10,1
THORNAL01,2009,Al,Thornton,LAC,N,51,1405,548,85,107,192,61,25,22,66,144,460,220,139,103,14,5
THORNAL01,2009,Al,Thornton,TOT,N,75,2079,804,116,178,294,90,45,35,102,206,676,320,211,153,31,11
THORNAL01,2009,Al,Thornton,WAS,N,24,674,256,31,71,102,29,20,13,36,62,216,100,72,50,17,6
THORNMA01,2009,Marcus,Thornton,NOH,N,73,1872,1057,72,139,211,113,58,11,76,127,883,398,177,144,313,117
TINSLJA01,2009,Jamaal,Tinsley,MEM,N,38,589,133,11,55,66,108,33,5,63,67,140,52,27,22,39,7
TOLLIAN01,2009,Anthony,Tolliver,POR,N,2,4,0,0,1,1,0,0,0,0,1,1,0,0,0,1,0
TOLLIAN01,2009,Anthony,Tolliver,GSW,N,44,1423,539,84,235,319,87,32,33,46,127,448,193,134,103,151,50
TOLLIAN01,2009,Anthony,Tolliver,TOT,N,46,1427,539,84,236,320,87,32,33,46,128,449,193,134,103,152,50
TUCKEAL02,2009,Alando,Tucker,TOT,N,15,96,51,6,4,10,4,0,0,5,6,39,17,21,16,7,1
TUCKEAL02,2009,Alando,Tucker,PHO,N,11,71,43,5,2,7,3,0,0,4,5,30,13,21,16,7,1
TUCKEAL02,2009,Alando,Tucker,MIN,N,4,25,8,1,2,3,1,0,0,1,1,9,4,0,0,0,0
TURIARO01,2009,Ronny,Turiaf,GSW,N,42,872,207,54,137,191,90,23,54,49,98,146,85,78,37,1,0
TURKOHI01,2009,Hedo,Turkoglu,TOR,N,74,2272,835,42,301,343,304,55,32,125,220,674,276,226,175,289,108
UDOKAIM01,2009,Ime,Udoka,SAC,N,69,944,250,51,140,191,58,34,6,42,83,241,91,57,42,91,26
UDRIHBE01,2009,Beno,Udrih,SAC,N,79,2477,1023,38,181,219,372,89,10,136,166,841,415,141,118,199,75
UKICRO01,2009,Roko,Ukic,MIL,N,13,97,40,0,3,3,12,1,0,6,6,30,14,11,9,12,3
VAREJAN01,2009,Anderson,Varejao,CLE,N,76,2166,651,189,389,578,87,71,67,67,223,467,267,175,116,5,1
VILLACH01,2009,Charlie,Villanueva,DET,N,78,1848,931,85,280,365,53,48,55,74,223,827,363,130,106,282,99
VUJACSA01,2009,Sasha,Vujacic,LAL,N,67,575,185,25,54,79,41,20,4,17,67,164,66,33,28,81,25
WADEDW01,2009,Dwyane,Wade,MIA,N,77,2792,2045,107,266,373,501,142,82,252,181,1511,719,702,534,243,73
WALKEBI01,2009,Bill,Walker,NYK,N,27,739,321,15,68,83,37,23,3,26,79,226,117,47,37,116,50
WALKEBI01,2009,Bill,Walker,BOS,N,8,29,8,0,5,5,3,0,0,2,4,6,3,2,2,0,0
WALKEBI01,2009,Bill,Walker,TOT,N,35,768,329,15,73,88,40,23,3,28,83,232,120,49,39,116,50
WALLABE01,2009,Ben,Wallace,DET,N,69,1975,381,245,352,597,105,86,84,64,131,292,158,160,65,2,0
WALLAGE01,2009,Gerald,Wallace,CHR,N,76,3119,1386,150,612,762,161,117,83,178,194,943,456,544,422,140,52
WALLARA01,2009,Rasheed,Wallace,BOS,N,79,1780,710,42,283,325,80,80,70,63,222,650,266,125,96,290,82
WALTOLU01,2009,Luke,Walton,LAL,N,29,272,69,12,26,38,40,10,1,12,19,84,30,4,2,17,7
WARRIHA01,2009,Hakim,Warrick,MIL,N,48,1024,490,87,125,212,35,17,10,57,83,378,182,172,125,6,1
WARRIHA01,2009,Hakim,Warrick,CHI,N,28,533,243,40,62,102,17,7,8,23,43,172,83,102,77,1,0
WARRIHA01,2009,Hakim,Warrick,TOT,N,76,1557,733,127,187,314,52,24,18,80,126,550,265,274,202,7,1
WATSOCJ01,2009,C.J.,Watson,GSW,N,65,1788,667,28,141,169,180,103,8,69,124,528,247,166,128,145,45
WATSOEA01,2009,Earl,Watson,IND,N,79,2322,619,54,186,240,399,104,16,175,181,524,223,169,120,184,53
WEAVEKY01,2009,Kyle,Weaver,OKC,N,12,144,36,1,17,18,11,6,6,4,13,33,12,6,5,19,7
WEBSTMA02,2009,Martell,Webster,POR,N,82,2005,768,47,221,268,62,45,40,60,153,639,259,155,126,332,124
WEEMSSO01,2009,Sonny,Weems,TOR,N,69,1368,518,42,150,192,101,39,25,65,126,458,236,64,44,15,2
WESTBRU01,2009,Russell,Westbrook,OKC,N,82,2813,1322,143,258,401,652,108,34,268,204,1160,485,422,329,104,23
WESTDA01,2009,David,West,NOH,N,81,2949,1541,164,441,605,239,76,60,173,233,1226,619,342,296,27,7
WESTDE01,2009,Delonte,West,CLE,N,60,1500,528,29,140,169,196,55,28,90,86,436,194,142,115,77,25
WESTMA02,2009,Mario,West,ATL,N,39,142,30,8,19,27,9,8,0,7,25,21,12,10,6,1,0
WHITEDJ01,2009,D.J.,White,OKC,N,12,102,59,10,13,23,4,5,3,3,12,41,25,10,9,0,0
WILCOCH01,2009,Chris,Wilcox,DET,N,34,441,152,44,73,117,13,13,12,38,64,120,63,52,26,0,0
WILKIDA02,2009,Damien,Wilkins,MIN,N,80,1585,451,72,177,249,135,66,25,76,144,381,165,129,103,61,18
WILKSMI01,2009,Mike,Wilks,OKC,N,4,59,16,1,3,4,4,0,0,4,5,12,6,4,2,3,2
WILLIDE01,2009,Deron,Williams,UTA,N,76,2802,1419,50,253,303,798,96,16,252,208,1053,494,418,335,259,96
WILLIJA02,2009,Jason,Williams,ORL,N,82,1703,493,7,119,126,298,53,3,87,65,426,189,41,31,221,84
WILLIJA04,2009,Jawad,Williams,CLE,N,54,742,224,16,67,83,34,12,5,18,73,206,81,45,32,93,30
WILLILO02,2009,Louis,Williams,PHI,N,64,1912,898,25,162,187,268,80,15,106,110,677,318,233,192,206,70
WILLIMA01,2009,Mo,Williams,CLE,N,69,2359,1092,28,178,206,368,70,21,173,170,855,378,198,177,371,159
WILLIMA02,2009,Marvin,Williams,ATL,N,81,2468,820,106,310,416,93,66,46,72,160,664,302,215,176,132,40
WILLIMA03,2009,Marcus,Williams,MEM,N,62,872,269,13,80,93,161,32,1,74,43,271,104,55,37,81,24
WILLIRE02,2009,Reggie,Williams,GSW,N,24,782,365,18,92,110,66,22,6,29,49,283,140,62,52,92,33
WILLISE01,2009,Sean,Williams,NJN,N,20,227,52,21,25,46,1,8,19,20,41,49,21,19,10,1,0
WILLISH03,2009,Shelden,Williams,BOS,N,54,597,201,47,99,146,21,13,21,30,85,121,63,98,75,1,0
WILLITE01,2009,Terrence,Williams,NJN,N,78,1764,656,46,302,348,223,43,10,124,126,651,261,144,103,100,31
WRIGHAN01,2009,Antoine,Wright,TOR,N,67,1392,435,38,152,190,71,30,11,58,134,399,162,77,53,173,58
WRIGHDO01,2009,Dorell,Wright,MIA,N,72,1496,510,50,185,235,91,52,32,53,94,419,194,69,61,157,61
WRIGHJU01,2009,Julian,Wright,NOH,N,68,871,259,58,86,144,41,29,18,44,45,232,116,41,25,6,2
YOUNGNI01,2009,Nick,Young,WAS,N,74,1421,639,20,82,102,48,28,8,56,147,558,233,130,104,170,69
YOUNGSA01,2009,Sam,Young,MEM,N,80,1321,595,77,124,201,52,34,20,94,106,497,224,175,136,56,11
YOUNGTH01,2009,Thaddeus,Young,PHI,N,67,2145,926,130,220,350,97,81,15,126,133,813,382,165,114,138,48
